30 1000.5486455183418 0 1680 84 21
[15.01365738760699, 50.435418359121854, 88.62126000630882, 81.91439014916587, 85.26765885671824, 74.48276648767825, 17.889209429785147, 25.777792649119483, 43.305766188186155, 79.25903780559526, 54.93361522393803, 76.75717522342298, 83.36143814510092, 78.9457647383926, 88.45296577842984, 59.05334934523155, 80.33177993948111, 59.128235595414154, 47.62077018867135, 85.06414487855184, 9.463307859639658, 46.270653260239655, 80.78500312706105, 17.25016803317338, 83.27035825707786, 77.164801945649, 17.343986111086636, 50.80645518280791, 16.222327427212594, 14.085138237036418]
[81.10144949547453, 79.71000776103178, 56.60472610910548, 91.7637432897416, 18.99796977801755, 23.453050766257398, 75.8290229369968, 59.3603671087013, 75.59653090597338, 49.452808723157375, 83.59563432077766, 47.84127562833872, 77.13106980029102, 93.07870849945368, 59.230700131970785, 23.437910995847737, 92.51062438931592, 21.172983307730135, 57.43135915057965, 44.37144915332361, 83.81415150509181, 42.4772341127637, 50.75823034041688, 18.150920226870042, 46.84808338157027, 11.961138470055877, 12.112459703204218, 83.9135939482537, 87.20830090452102, 13.575527926200195]
[7, 8, 6, 9, 3, 3, 7, 4, 8, 6, 8, 6, 9, 9, 6, 2, 9, 2, 5, 6, 7, 5, 6, 1, 6, 3, 1, 8, 7, 1]
[1, 2, 3, 4, 5, 6, 7, 8, 9, 10, 11, 12, 13, 14, 15, 16, 17, 18, 19, 20, 21, 22, 23, 24, 25, 26, 27, 28, 29, 30]
[2, 2, 3, 1, 1, 1, 2, 2, 2, 3, 2, 3, 1, 1, 3, 1, 1, 1, 1, 3, 2, 1, 3, 1, 3, 1, 1, 2, 2, 1]
[3, 2, 2, 2, 2, 2, 3, 1, 2, 2, 2, 2, 2, 2, 2, 1, 2, 1, 2, 2, 3, 2, 2, 3, 2, 2, 3, 2, 3, 3]
[4, 3, 9, 6, 4, 7, 10, 7, 5, 4, 5, 5, 5, 5, 8, 4, 5, 3, 6, 3, 8, 10, 5, 5, 6, 10, 9, 5, 4, 4]
[3776.3537474123195, 1657.4765615562176, 3783.13835300442, 1651.0729758211348, 2559.198292540528, 3524.3840021511273, 1353.8552389545812, 3579.2794141877175, 1468.073582278019, 3343.0658557313373, 1480.6268527768489, 1430.2653821211932, 1460.6633583291311, 1430.6446512110952, 3620.004054385202, 2218.334722262596, 1431.0556097938984, 2188.118482469829, 2199.5740948920748, 2619.607987685268, 3541.4012876910856, 1393.234218616537, 1444.930825346142, 1428.5818979110372, 2079.6973679213934, 1271.611004602194, 3920.6302140603907, 1443.6198765259778, 3743.754858160114, 3669.679245468373]
[0.428976796407066, 0.1481584806870297, 0.6471333684477717, 0.6188930450756704, 0.5209321445885571, 0.5657333058911548, 0.6526891273657969, 0.6547226612458679, 0.249407779223647, 0.33186448464041574, 0.24688205450338907, 0.24303360443281063, 0.209374232322468, 0.23756272039534154, 0.26897141180773704, 0.531766967687695, 0.23444882572334066, 0.22354923546170907, 0.7898613128508626, 0.5454138139836707, 0.28790920042157975, 0.1889301079010023, 0.20711526634099509, 0.22201168029713914, 0.5562770440861874, 0.6018961930485185, 0.7673345272790224, 0.15607269861859463, 0.5352637192536563, 0.3817324211919181]
[1.0762516220219966, 0.9413760631451764, 1.0035187532930951, 1.058661978744556, 0.6692163700091976, 0.5636250542300745, 0.6322761078267608, 0.8705321395360448, 0.9723870692613912, 1.0408647928166004, 0.5269606221555514, 0.8278714942854508, 0.5369896960540689, 0.6719678020777934, 0.898708713351581, 0.9694459188410369, 0.9888620812424307, 1.0949745594968536, 0.7708471307447111, 0.5243673940504447, 0.8704358497560447, 0.5343855716712513, 1.0532464395078889, 0.5765208026522103, 0.8684897046435694, 0.8791698116448119, 0.653526095038477, 0.6968197621902498, 1.0773748485511996, 1.0279300982215354]
[0.7234062278620859, 0.8020690485884061, 0.9460906988919295, 0.6560998766087065, 0.8200793334248576, 0.6939061796638264, 0.6809585475496855, 0.8721717354039922, 0.5328568305000775, 0.680532051670509, 0.666129439421179, 0.9644162763286181, 0.8344290907793863, 0.8533756143577037, 0.8627139664144436, 0.9617782857002299, 0.7898458809291453, 0.8373542946325714, 1.0698046360983589, 1.0278937552100713, 1.0066421640784753, 0.6597806799533017, 0.7957646497855113, 0.9091111697658851, 0.548919976691292, 0.5972605268811308, 0.8629298855535614, 0.7772988937733574, 0.7754196817757162, 1.0638149764580656]
[0.929820483701741, 1.064820755841632, 0.6158502400402326, 0.9044158104064772, 0.6739693526089736, 0.5817027300800078, 0.8207560906323021, 1.065094861135518, 0.7665029098331668, 0.7718750757311942, 1.0869562237597954, 0.5481555396994751, 0.6266546676909861, 1.0912849153787354, 0.9213182250359487, 0.9513264544837048, 0.9563602326276908, 0.83474520621351, 0.6360120594730194, 0.8587463733414222, 0.592459822346791, 0.5689880060457838, 0.9989709420731341, 0.9321759984831414, 1.0172699331706287, 0.9430239591862288, 0.504688266429295, 0.7344406761931727, 0.5145276240117502, 1.0854065520751015]
[0.7189948680587598, 0.5265894182950372, 0.6125232358247388, 0.8975424031153056, 1.0307748016610407, 0.5340356184008616, 0.6167651953006987, 0.8265733136591731, 0.5544672521815888, 0.952190803863028, 0.8358749525104469, 0.747422535427401, 0.9113019406576975, 0.9944823063739632, 0.7494070230028811, 0.8999826917300606, 0.5593764696874325, 0.6137581263779828, 0.7823415730627656, 0.6587131614343884, 1.098846720918302, 0.687024586280485, 0.5176758047593125, 0.5508949730129293, 0.7169327343403853, 0.5511227102351604, 0.9912097593779745, 0.5443334955752255, 0.7931483587665633, 0.862540323391898]
[1.0838201909031948, 1.074076683727695, 0.6767151543619294, 0.5104957443104226, 0.6154328116344547, 1.0169082410156274, 0.6513046102657047, 0.8504428857734398, 0.7642222155099561, 0.9915076718432969, 1.0825332028393082, 0.5526243270003279, 0.6627251394870437, 0.9853182368280156, 0.8724685022330377, 0.5959060341648764, 0.7720271479535146, 1.066672095476783, 0.8591702978647145, 0.5855523673495088, 0.5277240694108213, 0.8555272578699298, 0.7062608443741079, 0.71558024832593, 0.9446301116946817, 0.7727387790009095, 0.8417439581143662, 0.6670794675404599, 0.5167079448274107, 0.877832938327001]
[0.5641287059855753, 0.4547354722520909, 0.2423605062895653, 0.2878342823793001, 0.23464268077784645, 0.12355039499304878, 0.14195332560839927, 0.5684622628598048, 0.16829029796321424, 0.5161904702683323, 0.3452481670798413, 0.18077045654105314, 0.16958186538423348, 0.6131975715228679, 0.467049551377895, 0.4757075766556173, 0.322579197014642, 0.5010665416446085, 0.35254434271581475, 0.17852987644454388, 0.30103348757772047, 0.11791350799605056, 0.3061191470711699, 0.19260033885128264, 0.3284355164604506, 0.21088239338537673, 0.237469166863919, 0.14444677943358553, 0.17616187255985574, 0.8986972263982572]
[133.82627245401102, 672.8884880655336, 574.8446250301909, 638.9779446467173, 278.8450940267263, 559.9572252455731, 223.70839737652315, 380.135332421295, 205.99780767725176, 181.39519234676234, 110.75837245284923, 139.9225494972188, 106.51548728086686, 121.14256435732744, 422.2543384455376, 119.63162573328691, 202.88065028857233, 143.8840228076681, 714.2245192479244, 1286.2281654680407, 377.86127870917795, 129.12878851233216, 142.02541044099942, 166.82064435099414, 575.7112565699182, 240.24256029446227, 809.0616840144463, 124.96786870101711, 158.11886518170266, 45.81037158012101]
[78.74983382432987, 318.1569797589747, 133.8323131434806, 174.5511188657268, 61.630964501196175, 78.8463811650626, 32.43610516914938, 224.95625919692534, 35.80451201624538, 87.56302813826335, 40.81196411994784, 23.949259825230452, 18.011020730814877, 73.00459789093516, 198.1354944425752, 57.437901886772565, 67.07664721272062, 65.2710503649575, 246.3664103143161, 229.61379024631083, 109.21429889860275, 16.31646506658438, 40.76593189055266, 33.459106684402094, 183.19431302210833, 43.728043192057214, 187.71879574826252, 16.84951892875118, 30.00284047273907, 42.41928221038531]
[169.1313622700551, 2864.4424403276676, 2374.2231251509543, 2694.8897232335867, 894.2254701336316, 2299.786126227866, 618.5419868826157, 1400.6766621064753, 529.9890383862588, 406.9759617338116, 53.79186226424623, 199.61274748609407, 32.57743640433432, 105.71282178663722, 1611.2716922276884, 98.15812866643455, 514.4032514428617, 219.42011403834042, 3071.122596239621, 5931.140827340204, 1389.30639354589, 145.6439425616609, 210.12705220499726, 334.1032217549707, 2378.5562828495913, 701.2128014723112, 3545.308420072231, 124.83934350508551, 290.5943259085134, -270.948142099395]
[-106.25083087835068, 1090.7848987948737, 169.16156571740308, 372.75559432863395, -191.84517749401908, -105.76809417468705, -337.8194741542531, 624.7812959846267, -320.9774399187731, -62.18485930868318, -295.9401794002608, -380.2537008738477, -409.94489634592566, -134.97701054532425, 490.67747221287595, -212.81049056613716, -164.61676393639684, -173.64474817521247, 731.8320515715807, 648.068951231554, 46.0714944930137, -418.4176746670781, -296.1703405472367, -332.70446657798954, 415.9715651105417, -281.35978403971393, 438.5939787413127, -415.7524053562441, -349.98579763630465, -287.90358894807343]
[113.29061242236959, 49.72429684668653, 151.3255341201768, 33.021459516422695, 51.183965850810566, 70.48768004302255, 40.61565716863743, 107.37838242563153, 44.04220746834058, 133.7226342292535, 44.41880558330546, 57.21061528484773, 29.21326716658262, 28.612893024221904, 144.80016217540808, 44.36669444525193, 28.62111219587797, 43.762369649396575, 43.991481897841496, 104.78431950741073, 106.24203863073257, 27.86468437233074, 57.797233013845684, 28.571637958220748, 83.18789471685574, 25.43222009204388, 78.41260428120782, 43.30859629577933, 112.31264574480343, 73.39358490936746]
[2, 1, 3, 1, 1, 1, 1, 2, 1, 3, 1, 2, 1, 1, 3, 1, 1, 1, 1, 2, 2, 1, 2, 1, 2, 1, 1, 1, 2, 1]
[7, 3, 19, 2, 3, 10, 19, 14, 17, 15, 9, 3, 18, 10, 5, 17, 1, 14, 13, 16, 7, 14, 3, 3, 10, 1, 11, 7, 3, 14]
[20, 7, 20, 18, 20, 14, 20, 20, 20, 20, 20, 20, 20, 20, 20, 20, 5, 18, 20, 20, 19, 20, 15, 19, 20, 17, 15, 11, 7, 20]
2
[0.0, 0.0]
[100.0, 66.66666666666667]
[[1.0, 1.0, 1.0, 1.0, 2.0, 1.0, 2.0, 2.0, 1.0, 1.0, 1.0, 2.0, 1.0, 2.0, 2.0, 1.0, 2.0, 2.0, 1.0, 2.0, 1.0, 2.0, 1.0, 1.0, 2.0, 1.0, 2.0, 2.0, 2.0, 1.0, 1.0, 2.0], [1.0, 1.0, 1.0, 1.0, 2.0, 2.0, 2.0, 2.0, 1.0, 1.0, 1.0, 1.0, 1.0, 1.0, 2.0, 1.0, 2.0, 1.0, 2.0, 1.0, 1.0, 2.0, 1.0, 1.0, 1.0, 1.0, 2.0, 2.0, 1.0, 1.0, 1.0, 1.0], [1.0, 1.0, 1.0, 1.0, 1.0, 1.0, 2.0, 1.0, 1.0, 1.0, 1.0, 1.0, 1.0, 1.0, 1.0, 1.0, 1.0, 1.0, 1.0, 1.0, 1.0, 1.0, 1.0, 1.0, 1.0, 1.0, 1.0, 2.0, 1.0, 1.0, 1.0, 1.0], [1.0, 1.0, 1.0, 1.0, 1.0, 1.0, 1.0, 1.0, 1.0, 1.0, 1.0, 1.0, 1.0, 1.0, 1.0, 1.0, 1.0, 1.0, 1.0, 1.0, 1.0, 1.0, 1.0, 1.0, 1.0, 1.0, 1.0, 1.0, 1.0, 1.0, 1.0, 1.0], [2.0, 2.0, 1.0, 1.0, 1.0, 1.0, 1.0, 1.0, 1.0, 1.0, 1.0, 1.0, 1.0, 1.0, 1.0, 1.0, 1.0, 1.0, 1.0, 1.0, 1.0, 1.0, 1.0, 1.0, 1.0, 1.0, 1.0, 1.0, 2.0, 1.0, 1.0, 2.0], [1.0, 2.0, 1.0, 1.0, 1.0, 1.0, 1.0, 1.0, 1.0, 1.0, 1.0, 1.0, 1.0, 1.0, 1.0, 1.0, 1.0, 1.0, 1.0, 1.0, 1.0, 1.0, 1.0, 1.0, 1.0, 2.0, 1.0, 1.0, 2.0, 1.0, 1.0, 2.0], [2.0, 2.0, 2.0, 1.0, 1.0, 1.0, 1.0, 1.0, 2.0, 1.0, 1.0, 1.0, 1.0, 1.0, 1.0, 1.0, 1.0, 1.0, 1.0, 1.0, 1.0, 1.0, 2.0, 1.0, 1.0, 1.0, 1.0, 1.0, 1.0, 1.0, 2.0, 1.0], [2.0, 2.0, 1.0, 1.0, 1.0, 1.0, 1.0, 1.0, 1.0, 1.0, 1.0, 1.0, 1.0, 1.0, 1.0, 1.0, 1.0, 1.0, 1.0, 1.0, 1.0, 1.0, 2.0, 1.0, 1.0, 1.0, 1.0, 1.0, 1.0, 1.0, 2.0, 1.0], [1.0, 1.0, 1.0, 1.0, 1.0, 1.0, 2.0, 1.0, 1.0, 1.0, 1.0, 1.0, 1.0, 1.0, 1.0, 1.0, 1.0, 1.0, 1.0, 1.0, 1.0, 1.0, 1.0, 1.0, 1.0, 1.0, 1.0, 2.0, 1.0, 1.0, 1.0, 1.0], [1.0, 1.0, 1.0, 1.0, 1.0, 1.0, 1.0, 1.0, 1.0, 1.0, 1.0, 1.0, 1.0, 1.0, 1.0, 1.0, 1.0, 1.0, 1.0, 1.0, 1.0, 1.0, 1.0, 1.0, 1.0, 1.0, 1.0, 1.0, 1.0, 1.0, 1.0, 1.0], [1.0, 1.0, 1.0, 1.0, 1.0, 1.0, 1.0, 1.0, 1.0, 1.0, 1.0, 1.0, 1.0, 1.0, 1.0, 1.0, 1.0, 1.0, 1.0, 1.0, 1.0, 1.0, 1.0, 1.0, 1.0, 1.0, 1.0, 1.0, 1.0, 1.0, 1.0, 1.0], [2.0, 1.0, 1.0, 1.0, 1.0, 1.0, 1.0, 1.0, 1.0, 1.0, 1.0, 1.0, 1.0, 1.0, 1.0, 1.0, 1.0, 1.0, 1.0, 1.0, 1.0, 1.0, 1.0, 1.0, 1.0, 1.0, 1.0, 1.0, 1.0, 1.0, 1.0, 1.0], [1.0, 1.0, 1.0, 1.0, 1.0, 1.0, 1.0, 1.0, 1.0, 1.0, 1.0, 1.0, 1.0, 1.0, 1.0, 1.0, 1.0, 1.0, 1.0, 1.0, 1.0, 1.0, 1.0, 1.0, 1.0, 1.0, 1.0, 1.0, 1.0, 1.0, 1.0, 1.0], [2.0, 1.0, 1.0, 1.0, 1.0, 1.0, 1.0, 1.0, 1.0, 1.0, 1.0, 1.0, 1.0, 1.0, 1.0, 1.0, 1.0, 1.0, 1.0, 1.0, 1.0, 1.0, 1.0, 1.0, 1.0, 1.0, 1.0, 1.0, 1.0, 1.0, 1.0, 1.0], [2.0, 2.0, 1.0, 1.0, 1.0, 1.0, 1.0, 1.0, 1.0, 1.0, 1.0, 1.0, 1.0, 1.0, 1.0, 1.0, 1.0, 1.0, 1.0, 1.0, 1.0, 1.0, 1.0, 1.0, 1.0, 2.0, 1.0, 1.0, 2.0, 1.0, 1.0, 2.0], [1.0, 1.0, 1.0, 1.0, 1.0, 1.0, 1.0, 1.0, 1.0, 1.0, 1.0, 1.0, 1.0, 1.0, 1.0, 1.0, 1.0, 1.0, 1.0, 1.0, 1.0, 1.0, 1.0, 1.0, 1.0, 2.0, 1.0, 1.0, 2.0, 1.0, 1.0, 2.0], [2.0, 2.0, 1.0, 1.0, 1.0, 1.0, 1.0, 1.0, 1.0, 1.0, 1.0, 1.0, 1.0, 1.0, 1.0, 1.0, 1.0, 1.0, 1.0, 1.0, 1.0, 1.0, 1.0, 1.0, 1.0, 1.0, 1.0, 1.0, 2.0, 1.0, 1.0, 2.0], [2.0, 1.0, 1.0, 1.0, 1.0, 1.0, 1.0, 1.0, 1.0, 1.0, 1.0, 1.0, 1.0, 1.0, 1.0, 1.0, 1.0, 1.0, 1.0, 1.0, 1.0, 1.0, 1.0, 1.0, 1.0, 1.0, 1.0, 1.0, 1.0, 1.0, 1.0, 1.0], [1.0, 2.0, 1.0, 1.0, 1.0, 1.0, 1.0, 1.0, 1.0, 1.0, 1.0, 1.0, 1.0, 1.0, 1.0, 1.0, 1.0, 1.0, 1.0, 1.0, 1.0, 1.0, 1.0, 1.0, 1.0, 2.0, 1.0, 1.0, 2.0, 1.0, 1.0, 2.0], [2.0, 1.0, 1.0, 1.0, 1.0, 1.0, 1.0, 1.0, 1.0, 1.0, 1.0, 1.0, 1.0, 1.0, 1.0, 1.0, 1.0, 1.0, 1.0, 1.0, 1.0, 1.0, 1.0, 1.0, 1.0, 1.0, 1.0, 1.0, 1.0, 1.0, 1.0, 1.0], [1.0, 1.0, 1.0, 1.0, 1.0, 1.0, 1.0, 1.0, 1.0, 1.0, 1.0, 1.0, 1.0, 1.0, 1.0, 1.0, 1.0, 1.0, 1.0, 1.0, 1.0, 1.0, 1.0, 1.0, 1.0, 1.0, 1.0, 1.0, 1.0, 1.0, 1.0, 1.0], [2.0, 2.0, 1.0, 1.0, 1.0, 1.0, 1.0, 1.0, 1.0, 1.0, 1.0, 1.0, 1.0, 1.0, 1.0, 1.0, 1.0, 1.0, 1.0, 1.0, 1.0, 1.0, 2.0, 1.0, 1.0, 1.0, 1.0, 1.0, 1.0, 1.0, 1.0, 1.0], [1.0, 1.0, 1.0, 1.0, 1.0, 1.0, 2.0, 2.0, 1.0, 1.0, 1.0, 1.0, 1.0, 1.0, 1.0, 1.0, 1.0, 1.0, 1.0, 1.0, 1.0, 2.0, 1.0, 1.0, 1.0, 1.0, 1.0, 2.0, 1.0, 1.0, 1.0, 1.0], [1.0, 1.0, 1.0, 1.0, 1.0, 1.0, 1.0, 1.0, 1.0, 1.0, 1.0, 1.0, 1.0, 1.0, 1.0, 1.0, 1.0, 1.0, 1.0, 1.0, 1.0, 1.0, 1.0, 1.0, 1.0, 1.0, 1.0, 1.0, 1.0, 1.0, 1.0, 1.0], [2.0, 1.0, 1.0, 1.0, 1.0, 1.0, 1.0, 1.0, 1.0, 1.0, 1.0, 1.0, 1.0, 1.0, 1.0, 1.0, 1.0, 1.0, 1.0, 1.0, 1.0, 1.0, 1.0, 1.0, 1.0, 1.0, 1.0, 1.0, 1.0, 1.0, 1.0, 1.0], [1.0, 1.0, 1.0, 1.0, 1.0, 2.0, 1.0, 1.0, 1.0, 1.0, 1.0, 1.0, 1.0, 1.0, 2.0, 2.0, 1.0, 1.0, 2.0, 1.0, 1.0, 1.0, 1.0, 1.0, 1.0, 1.0, 1.0, 1.0, 1.0, 1.0, 1.0, 1.0], [2.0, 2.0, 1.0, 1.0, 1.0, 1.0, 1.0, 1.0, 1.0, 1.0, 1.0, 1.0, 1.0, 1.0, 1.0, 1.0, 1.0, 1.0, 1.0, 1.0, 1.0, 1.0, 1.0, 1.0, 1.0, 1.0, 1.0, 1.0, 1.0, 1.0, 1.0, 1.0], [2.0, 2.0, 2.0, 1.0, 1.0, 1.0, 1.0, 1.0, 2.0, 1.0, 1.0, 1.0, 1.0, 1.0, 1.0, 1.0, 1.0, 1.0, 1.0, 1.0, 1.0, 1.0, 2.0, 1.0, 1.0, 1.0, 1.0, 1.0, 1.0, 1.0, 2.0, 1.0], [2.0, 1.0, 1.0, 1.0, 2.0, 2.0, 1.0, 1.0, 1.0, 1.0, 1.0, 1.0, 1.0, 1.0, 2.0, 2.0, 2.0, 1.0, 2.0, 1.0, 1.0, 1.0, 1.0, 1.0, 1.0, 1.0, 1.0, 1.0, 1.0, 1.0, 1.0, 1.0], [1.0, 1.0, 1.0, 1.0, 1.0, 1.0, 1.0, 1.0, 1.0, 1.0, 1.0, 1.0, 1.0, 1.0, 1.0, 1.0, 1.0, 1.0, 1.0, 1.0, 1.0, 1.0, 1.0, 1.0, 1.0, 1.0, 1.0, 1.0, 1.0, 1.0, 1.0, 1.0], [1.0, 1.0, 1.0, 1.0, 1.0, 1.0, 2.0, 2.0, 1.0, 1.0, 1.0, 1.0, 1.0, 1.0, 1.0, 1.0, 1.0, 1.0, 1.0, 1.0, 1.0, 1.0, 1.0, 1.0, 1.0, 1.0, 1.0, 2.0, 1.0, 1.0, 1.0, 1.0], [2.0, 1.0, 1.0, 1.0, 2.0, 2.0, 1.0, 1.0, 1.0, 1.0, 1.0, 1.0, 1.0, 1.0, 2.0, 2.0, 2.0, 1.0, 2.0, 1.0, 1.0, 1.0, 1.0, 1.0, 1.0, 1.0, 1.0, 1.0, 1.0, 1.0, 1.0, 1.0]]
