60 2425.2199999999993 0 1680 7 240
[79.16, 47.86, 85.95, 85.77, 17.33, 76.08, 85.67, 40.04, 57.71, 91.67, 89.54, 47.85, 50.54, 41.16, 76.57, 12.98, 73.61, 74.7, 47.42, 49.0, 76.1, 79.33, 15.16, 87.19, 50.51, 76.94, 82.53, 51.14, 26.38, 84.92, 47.13, 87.98, 86.51, 54.7, 14.88, 86.89, 85.49, 77.99, 8.83, 91.57, 82.16, 14.03, 44.26, 83.98, 51.52, 19.07, 81.59, 89.47, 54.9, 13.44, 13.72, 57.95, 47.75, 53.81, 54.56, 79.05, 76.47, 78.44, 45.7, 58.87]
[88.65, 17.12, 56.63, 47.16, 14.75, 10.58, 48.63, 86.07, 7.97, 25.67, 13.14, 88.25, 12.28, 79.54, 57.88, 13.61, 77.87, 58.07, 77.14, 90.01, 53.19, 84.98, 43.93, 14.93, 45.06, 58.64, 75.2, 80.35, 58.81, 49.98, 53.4, 56.61, 87.14, 7.96, 88.82, 18.04, 44.54, 48.25, 78.97, 92.72, 90.4, 57.98, 89.8, 50.12, 86.53, 46.2, 45.16, 43.42, 84.35, 93.19, 47.27, 56.51, 76.46, 57.57, 75.13, 18.37, 17.96, 91.54, 74.31, 10.3]
[9, 2, 6, 6, 1, 3, 6, 8, 2, 3, 3, 8, 2, 8, 6, 1, 9, 6, 8, 8, 6, 9, 4, 3, 5, 6, 9, 8, 4, 6, 5, 6, 9, 2, 7, 3, 6, 6, 7, 9, 9, 4, 8, 6, 8, 4, 6, 6, 8, 7, 4, 5, 8, 5, 8, 3, 3, 9, 8, 2]
[1, 2, 3, 4, 5, 6, 7, 8, 9, 10, 11, 12, 13, 14, 15, 16, 17, 18, 19, 20, 21, 22, 23, 24, 25, 26, 27, 28, 29, 30, 31, 32, 33, 34, 35, 36, 37, 38, 39, 40, 41, 42, 43, 44, 45, 46, 47, 48, 49, 50, 51, 52, 53, 54, 55, 56, 57, 58, 59, 60]
[1, 2, 2, 2, 3, 1, 2, 1, 2, 1, 1, 1, 2, 1, 2, 3, 1, 2, 1, 1, 2, 1, 3, 1, 1, 2, 1, 1, 3, 2, 1, 2, 1, 2, 1, 1, 2, 2, 1, 1, 1, 3, 1, 2, 1, 3, 2, 2, 1, 1, 3, 1, 1, 1, 1, 1, 1, 1, 1, 2]
[3, 3, 3, 3, 1, 3, 3, 3, 3, 3, 3, 3, 3, 3, 3, 1, 3, 3, 3, 3, 3, 3, 3, 3, 3, 3, 3, 3, 3, 3, 3, 3, 3, 3, 1, 3, 3, 3, 1, 3, 3, 3, 3, 3, 3, 3, 3, 3, 3, 1, 3, 3, 3, 3, 3, 3, 3, 3, 3, 3]
[6, 6, 4, 5, 9, 7, 9, 7, 10, 10, 5, 1, 3, 5, 4, 8, 2, 6, 9, 5, 3, 9, 7, 6, 9, 6, 8, 4, 3, 10, 4, 1, 4, 7, 6, 5, 2, 6, 10, 4, 9, 10, 8, 4, 3, 7, 3, 1, 2, 9, 1, 6, 10, 5, 3, 6, 7, 2, 6, 9]
[4164.92, 4634.69, 2971.13, 2108.14, 3831.88, 1876.31, 4285.88, 2464.13, 2855.29, 3385.04, 2201.96, 3410.86, 3794.72, 2413.7, 2448.94, 3995.87, 3497.35, 4767.77, 4726.06, 2109.62, 2771.06, 4428.42, 1685.32, 4466.12, 3300.78, 4815.16, 3419.14, 2298.33, 2265.79, 1850.71, 2271.24, 2563.16, 2680.42, 1996.34, 4346.01, 2629.76, 3425.48, 4240.18, 1851.59, 2443.31, 4182.75, 2983.34, 3365.05, 2335.21, 3592.27, 2569.16, 2980.31, 3237.3, 3488.9, 3294.27, 2826.82, 4267.31, 2896.41, 2196.18, 2431.15, 4694.95, 3482.31, 3528.66, 4567.98, 3139.87]
[0.32, 0.06, 0.54, 0.59, 0.38, 0.06, 0.31, 0.22, 0.36, 0.41, 0.51, 0.57, 0.97, 0.59, 0.41, 0.48, 0.25, 0.11, 0.3, 0.58, 0.99, 0.33, 0.39, 0.13, 0.28, 0.09, 0.7, 0.17, 0.99, 0.5, 0.21, 0.43, 0.52, 0.31, 0.14, 0.5, 0.13, 0.25, 0.4, 0.75, 0.32, 0.51, 0.42, 0.63, 0.95, 0.34, 0.95, 0.53, 0.17, 0.38, 0.38, 0.19, 0.43, 0.55, 0.95, 0.07, 0.07, 0.1, 0.16, 0.47]
[0.74, 0.9, 0.54, 1.08, 0.73, 0.62, 1.1, 0.75, 0.68, 1.09, 0.69, 0.63, 0.71, 0.5, 0.58, 1.04, 1.04, 1.03, 1.04, 0.75, 0.98, 0.79, 0.75, 0.88, 0.74, 1.05, 0.54, 0.51, 1.04, 0.75, 0.72, 0.91, 0.97, 0.63, 0.98, 0.5, 0.64, 0.64, 0.81, 0.8, 1.05, 0.84, 0.83, 0.71, 1.05, 0.62, 1.0, 0.95, 1.04, 0.99, 1.07, 0.74, 0.58, 1.04, 1.05, 0.83, 0.64, 1.08, 1.05, 0.78]
[1.07, 0.88, 0.63, 1.06, 0.97, 0.53, 0.66, 0.98, 0.62, 0.59, 0.59, 1.04, 0.76, 0.78, 0.75, 0.61, 0.5, 0.73, 0.7, 0.72, 0.5, 0.88, 1.06, 0.92, 0.76, 1.06, 0.91, 0.87, 0.71, 0.85, 0.68, 0.98, 0.71, 0.61, 0.74, 0.64, 0.59, 0.71, 0.58, 1.03, 0.74, 1.1, 1.07, 0.97, 0.99, 0.85, 0.62, 0.51, 0.56, 0.56, 0.9, 0.55, 0.76, 0.53, 0.51, 0.88, 1.1, 0.72, 0.59, 1.01]
[0.93, 0.66, 0.55, 0.53, 0.97, 0.99, 0.85, 0.54, 0.73, 0.64, 0.76, 0.81, 0.96, 1.06, 0.88, 0.91, 0.94, 0.63, 0.86, 1.09, 1.07, 0.63, 0.69, 0.91, 1.01, 1.03, 0.74, 0.73, 0.61, 0.57, 0.64, 0.78, 0.95, 0.94, 0.73, 0.73, 0.54, 0.76, 0.51, 1.02, 1.04, 0.63, 0.99, 1.09, 0.89, 1.03, 1.09, 1.06, 0.75, 0.8, 1.05, 0.51, 1.03, 0.84, 0.72, 1.05, 0.63, 1.02, 1.09, 0.84]
[0.59, 0.99, 0.81, 0.95, 0.56, 0.99, 0.83, 0.63, 0.52, 1.0, 0.93, 1.08, 0.95, 1.0, 0.58, 0.65, 0.52, 0.94, 1.03, 0.55, 0.61, 0.74, 0.85, 0.89, 0.7, 0.97, 0.7, 0.74, 0.84, 1.06, 0.98, 0.59, 0.81, 0.84, 0.51, 1.09, 0.6, 0.64, 0.64, 0.72, 1.09, 1.09, 0.52, 0.68, 0.9, 0.57, 0.73, 1.03, 0.73, 0.85, 1.05, 0.82, 0.89, 0.52, 1.0, 1.1, 0.85, 0.57, 0.57, 1.01]
[0.69, 1.01, 0.85, 0.96, 0.54, 0.54, 0.67, 0.81, 1.03, 0.79, 0.64, 0.53, 0.6, 0.71, 1.0, 0.57, 0.91, 0.59, 0.94, 0.61, 0.84, 0.95, 0.91, 0.78, 0.72, 0.62, 0.75, 1.04, 0.97, 0.59, 0.67, 0.65, 0.96, 0.93, 1.02, 0.98, 0.78, 0.55, 1.01, 0.62, 0.71, 0.51, 0.93, 0.96, 1.06, 0.9, 1.04, 0.6, 1.07, 0.53, 0.77, 0.79, 0.91, 0.8, 0.83, 0.56, 0.9, 0.56, 0.87, 0.54]
[0.3, 0.52, 0.13, 0.55, 0.21, 0.17, 0.34, 0.2, 0.16, 0.33, 0.18, 0.31, 0.3, 0.29, 0.22, 0.21, 0.23, 0.26, 0.6, 0.2, 0.27, 0.31, 0.43, 0.51, 0.29, 0.69, 0.19, 0.25, 0.37, 0.23, 0.21, 0.27, 0.5, 0.28, 0.27, 0.25, 0.1, 0.12, 0.15, 0.38, 0.63, 0.32, 0.42, 0.5, 0.88, 0.28, 0.51, 0.31, 0.34, 0.2, 0.83, 0.14, 0.36, 0.19, 0.32, 0.47, 0.34, 0.26, 0.33, 0.36]
[213.18, 116.95, 219.28, 238.88, 74.85, 140.77, 191.86, 185.74, 193.98, 469.76, 204.41, 753.2, 300.25, 341.38, 140.86, 821.45, 391.92, 120.93, 254.88, 152.87, 165.67, 211.86, 233.88, 122.61, 161.12, 126.3, 945.29, 270.79, 321.74, 446.14, 122.0, 470.8, 183.93, 177.21, 143.52, 173.86, 364.99, 171.33, 188.24, 329.22, 225.42, 172.44, 1098.98, 234.61, 237.61, 181.0, 533.11, 443.84, 580.8, 221.12, 428.39, 105.28, 160.85, 250.62, 205.81, 94.28, 169.65, 196.98, 141.83, 280.79]
[71.59, 58.09, 29.16, 136.59, 16.42, 24.89, 69.23, 37.47, 31.01, 146.23, 33.69, 230.22, 101.08, 96.26, 28.6, 177.22, 86.08, 30.41, 159.7, 32.09, 43.07, 66.36, 95.26, 66.27, 47.67, 86.45, 166.87, 61.95, 112.64, 110.66, 25.74, 118.15, 95.39, 49.43, 39.66, 40.79, 42.96, 19.96, 32.72, 121.87, 136.8, 60.02, 459.0, 109.62, 211.97, 48.52, 274.87, 138.8, 205.64, 46.41, 349.13, 13.15, 60.19, 45.56, 63.49, 41.78, 61.21, 46.2, 48.56, 97.5]
[565.9, 84.76, 596.41, 694.41, -125.75, 203.87, 459.29, 428.69, 469.88, 1848.79, 522.06, 3265.99, 1001.26, 1206.9, 204.31, 3607.25, 1459.61, 104.67, 774.42, 264.37, 328.37, 559.31, 669.39, 113.03, 305.59, 131.51, 4226.44, 853.97, 1108.72, 1730.72, 109.99, 1854.0, 419.66, 386.03, 217.58, 369.31, 1324.94, 356.65, 441.21, 1146.08, 627.09, 362.22, 4994.89, 673.04, 688.04, 404.99, 2165.55, 1719.22, 2404.01, 605.6, 1641.97, 26.42, 304.27, 753.11, 529.06, -28.62, 348.25, 484.92, 209.16, 903.95]
[-142.04, -209.57, -354.19, 182.93, -417.88, -375.56, -153.83, -312.66, -344.93, 231.14, -331.55, 651.1, 5.39, -18.72, -357.02, 386.08, -69.6, -347.95, 298.48, -339.54, -284.64, -168.2, -23.71, -168.64, -261.67, -67.77, 334.36, -190.26, 63.19, 53.3, -371.32, 90.74, -23.07, -252.83, -301.68, -296.07, -285.22, -400.22, -336.39, 109.34, 183.99, -199.92, 1795.01, 48.12, 559.83, -257.39, 874.35, 194.01, 528.19, -267.97, 1245.65, -434.23, -199.07, -272.19, -182.55, -291.12, -193.93, -268.98, -257.19, -12.51]
[83.3, 139.04, 89.13, 63.24, 153.28, 37.53, 128.58, 49.28, 85.66, 67.7, 44.04, 68.22, 113.84, 48.27, 73.47, 159.83, 69.95, 143.03, 94.52, 42.19, 83.13, 88.57, 67.41, 89.32, 66.02, 144.45, 68.38, 45.97, 90.63, 55.52, 45.42, 76.89, 53.61, 59.89, 86.92, 52.6, 102.76, 127.21, 37.03, 48.87, 83.66, 119.33, 67.3, 70.06, 71.85, 102.77, 89.41, 97.12, 69.78, 65.89, 113.07, 85.35, 57.93, 43.92, 48.62, 93.9, 69.65, 70.57, 91.36, 94.2]
[11, 26, 16, 12, 32, 5, 24, 7, 16, 9, 6, 9, 21, 6, 13, 34, 9, 27, 13, 6, 15, 12, 14, 12, 9, 27, 9, 6, 19, 10, 6, 14, 7, 11, 12, 7, 19, 24, 5, 6, 11, 25, 9, 13, 10, 22, 17, 18, 9, 9, 24, 12, 8, 6, 6, 13, 9, 10, 13, 17]
[115, 109, 185, 154, 87, 202, 134, 230, 85, 113, 9, 130, 20, 113, 58, 34, 47, 176, 201, 219, 173, 79, 40, 28, 95, 125, 224, 45, 1, 84, 188, 159, 128, 168, 31, 211, 26, 36, 209, 14, 138, 180, 61, 114, 225, 5, 233, 108, 71, 151, 226, 71, 231, 226, 13, 157, 231, 4, 220, 69]
[240, 240, 240, 240, 135, 240, 182, 240, 229, 240, 57, 226, 240, 240, 154, 226, 239, 240, 240, 240, 240, 127, 232, 220, 240, 173, 240, 93, 97, 132, 236, 207, 240, 240, 223, 240, 218, 180, 240, 240, 240, 240, 240, 240, 240, 149, 240, 240, 215, 240, 240, 215, 240, 240, 240, 240, 240, 148, 240, 240]
2
[0.0, 0.0]
[33.33, 100.0]
[[0, 9, 13, 7, 12, 12, 3, 11, 12, 9, 9, 13, 13, 10, 7, 8, 11, 3, 12, 11, 9, 10, 11, 13, 2, 12, 7, 11, 13, 9, 5, 12, 7, 13, 14, 8, 8, 12, 12, 11, 6, 15, 14, 4, 10, 12, 10, 3, 11, 12, 10, 8, 2, 8, 9, 8, 9, 11, 11, 13, 8, 9], [9, 0, 11, 13, 13, 14, 12, 16, 14, 6, 15, 16, 17, 7, 14, 6, 12, 12, 10, 12, 7, 7, 12, 11, 8, 17, 10, 12, 12, 7, 6, 14, 9, 14, 12, 15, 2, 17, 14, 13, 3, 13, 11, 6, 6, 13, 7, 8, 14, 15, 8, 2, 7, 10, 7, 9, 8, 16, 16, 11, 7, 15], [13, 11, 0, 11, 4, 6, 13, 11, 5, 5, 11, 9, 10, 4, 11, 5, 4, 14, 1, 4, 4, 4, 5, 0, 11, 10, 7, 4, 1, 4, 8, 5, 6, 4, 1, 12, 9, 10, 6, 5, 10, 1, 0, 10, 4, 5, 3, 10, 6, 6, 3, 9, 11, 5, 4, 5, 4, 10, 10, 0, 5, 11], [7, 13, 11, 0, 7, 6, 4, 4, 7, 9, 1, 6, 5, 10, 0, 8, 7, 5, 9, 6, 8, 10, 6, 10, 6, 5, 4, 7, 9, 9, 6, 7, 5, 8, 11, 1, 11, 5, 6, 6, 10, 12, 11, 7, 10, 6, 9, 5, 6, 7, 9, 11, 6, 5, 8, 5, 8, 4, 4, 11, 8, 1], [12, 13, 4, 7, 0, 1, 11, 6, 1, 7, 8, 4, 6, 7, 8, 7, 1, 12, 3, 1, 6, 7, 1, 4, 10, 5, 5, 1, 2, 6, 8, 0, 5, 0, 4, 8, 11, 5, 1, 1, 11, 5, 4, 10, 7, 0, 6, 9, 1, 1, 5, 11, 10, 4, 6, 4, 5, 5, 5, 5, 6, 7], [12, 14, 6, 6, 1, 0, 10, 5, 0, 8, 6, 3, 4, 7, 7, 7, 2, 11, 4, 2, 6, 8, 1, 5, 10, 4, 5, 2, 4, 6, 8, 0, 5, 1, 5, 7, 11, 4, 0, 1, 11, 6, 6, 10, 8, 0, 7, 9, 0, 0, 6, 12, 10, 4, 6, 4, 5, 4, 4, 6, 6, 6], [3, 12, 13, 4, 11, 10, 0, 8, 10, 10, 5, 10, 10, 11, 4, 9, 10, 0, 12, 10, 9, 11, 10, 13, 4, 9, 6, 10, 12, 10, 6, 10, 6, 11, 14, 5, 10, 9, 10, 9, 9, 15, 14, 6, 11, 10, 11, 4, 10, 11, 11, 11, 4, 8, 9, 8, 10, 8, 8, 14, 9, 5], [11, 16, 11, 4, 6, 5, 8, 0, 5, 11, 2, 3, 1, 11, 3, 11, 6, 9, 9, 6, 10, 11, 6, 10, 9, 1, 6, 6, 9, 10, 9, 5, 7, 6, 11, 3, 14, 1, 5, 5, 13, 11, 11, 11, 12, 5, 11, 9, 5, 5, 10, 14, 10, 7, 10, 7, 9, 1, 1, 11, 10, 2], [12, 14, 5, 7, 1, 0, 10, 5, 0, 8, 7, 3, 5, 7, 7, 7, 1, 11, 4, 2, 6, 7, 1, 5, 10, 4, 5, 1, 3, 6, 8, 0, 5, 1, 5, 7, 11, 4, 0, 1, 11, 6, 5, 10, 8, 0, 7, 9, 0, 0, 6, 12, 10, 4, 6, 4, 5, 4, 4, 6, 6, 6], [9, 6, 5, 9, 7, 8, 10, 11, 8, 0, 11, 11, 12, 1, 10, 0, 6, 11, 4, 6, 1, 1, 6, 5, 6, 12, 6, 6, 6, 1, 4, 8, 4, 8, 6, 11, 3, 11, 8, 7, 4, 7, 6, 5, 0, 8, 1, 6, 8, 9, 2, 3, 6, 4, 1, 4, 2, 11, 11, 5, 1, 11], [9, 15, 11, 1, 8, 6, 5, 2, 7, 11, 0, 5, 4, 11, 1, 10, 7, 6, 10, 7, 9, 11, 6, 11, 7, 4, 5, 7, 10, 10, 8, 7, 6, 8, 12, 0, 13, 4, 6, 6, 12, 13, 12, 9, 11, 7, 11, 7, 6, 6, 10, 13, 8, 6, 9, 7, 9, 3, 3, 12, 9, 0], [13, 16, 9, 6, 4, 3, 10, 3, 3, 11, 5, 0, 1, 10, 6, 10, 5, 11, 7, 5, 9, 11, 4, 8, 11, 1, 6, 5, 7, 9, 10, 3, 7, 4, 8, 5, 14, 1, 2, 3, 14, 9, 9, 12, 11, 3, 10, 10, 3, 2, 9, 14, 11, 6, 9, 7, 8, 2, 2, 9, 9, 5], [13, 17, 10, 5, 6, 4, 10, 1, 5, 12, 4, 1, 0, 12, 5, 11, 6, 10, 9, 6, 10, 12, 6, 10, 11, 0, 7, 6, 8, 11, 11, 5, 8, 6, 10, 5, 15, 0, 4, 5, 14, 11, 11, 12, 12, 5, 11, 11, 4, 4, 11, 15, 11, 7, 10, 8, 10, 1, 1, 11, 10, 4], [10, 7, 4, 10, 7, 7, 11, 11, 7, 1, 11, 10, 12, 0, 10, 1, 5, 11, 3, 5, 1, 0, 6, 4, 7, 11, 6, 5, 5, 1, 5, 7, 4, 7, 5, 11, 4, 11, 8, 7, 5, 6, 4, 6, 0, 7, 0, 7, 7, 8, 1, 4, 7, 4, 1, 4, 2, 10, 10, 4, 2, 11], [7, 14, 11, 0, 8, 7, 4, 3, 7, 10, 1, 6, 5, 10, 0, 9, 7, 5, 9, 7, 9, 11, 6, 11, 6, 5, 4, 7, 10, 9, 7, 7, 5, 8, 11, 0, 12, 5, 6, 6, 11, 12, 12, 8, 11, 7, 10, 6, 6, 7, 10, 12, 7, 6, 9, 6, 8, 4, 3, 12, 8, 1], [8, 6, 5, 8, 7, 7, 9, 11, 7, 0, 10, 10, 11, 1, 9, 0, 5, 10, 4, 5, 0, 1, 6, 5, 6, 11, 5, 5, 5, 1, 3, 7, 3, 7, 6, 10, 3, 10, 8, 6, 4, 7, 6, 4, 1, 7, 1, 5, 7, 8, 2, 4, 6, 4, 1, 3, 2, 10, 10, 5, 0, 10], [11, 12, 4, 7, 1, 2, 10, 6, 1, 6, 7, 5, 6, 5, 7, 5, 0, 11, 2, 0, 4, 6, 0, 3, 8, 6, 4, 0, 2, 4, 7, 1, 4, 1, 4, 7, 9, 5, 2, 1, 10, 5, 4, 8, 6, 1, 5, 8, 1, 2, 4, 10, 9, 2, 4, 3, 3, 5, 5, 4, 4, 7], [3, 12, 14, 5, 12, 11, 0, 9, 11, 11, 6, 11, 10, 11, 5, 10, 11, 0, 12, 10, 10, 12, 10, 13, 4, 10, 6, 11, 13, 10, 6, 11, 7, 12, 14, 6, 10, 10, 11, 10, 9, 15, 14, 6, 11, 11, 11, 4, 10, 11, 11, 11, 4, 8, 10, 8, 10, 9, 9, 14, 9, 6], [12, 10, 1, 9, 3, 4, 12, 9, 4, 4, 10, 7, 9, 3, 9, 4, 2, 12, 0, 2, 3, 3, 3, 1, 9, 9, 5, 2, 1, 3, 7, 4, 5, 3, 2, 10, 8, 8, 5, 4, 9, 3, 2, 8, 4, 4, 3, 9, 4, 5, 2, 8, 9, 3, 3, 4, 2, 8, 8, 2, 4, 9], [11, 12, 4, 6, 1, 2, 10, 6, 2, 6, 7, 5, 6, 5, 7, 5, 0, 10, 2, 0, 4, 5, 0, 3, 8, 6, 3, 0, 2, 4, 6, 1, 3, 1, 4, 7, 9, 5, 2, 1, 9, 5, 4, 8, 6, 1, 5, 8, 2, 2, 4, 10, 8, 2, 4, 2, 3, 5, 5, 4, 4, 7], [9, 7, 4, 8, 6, 6, 9, 10, 6, 1, 9, 9, 10, 1, 9, 0, 4, 10, 3, 4, 0, 1, 5, 4, 6, 10, 4, 4, 5, 0, 3, 6, 3, 6, 5, 9, 4, 10, 7, 6, 5, 6, 5, 5, 1, 6, 1, 5, 6, 7, 1, 5, 6, 3, 0, 2, 1, 9, 9, 4, 0, 9], [10, 7, 4, 10, 7, 8, 11, 11, 7, 1, 11, 11, 12, 0, 11, 1, 6, 12, 3, 5, 1, 0, 6, 4, 8, 12, 6, 6, 5, 1, 5, 7, 5, 7, 5, 11, 4, 11, 8, 7, 5, 6, 4, 6, 0, 7, 0, 7, 7, 8, 1, 5, 7, 4, 1, 4, 2, 11, 11, 4, 2, 11], [11, 12, 5, 6, 1, 1, 10, 6, 1, 6, 6, 4, 6, 6, 6, 6, 0, 10, 3, 0, 5, 6, 0, 4, 8, 5, 3, 0, 3, 5, 7, 1, 4, 1, 5, 7, 10, 5, 1, 0, 10, 6, 5, 8, 6, 1, 5, 8, 1, 2, 5, 10, 8, 2, 5, 3, 4, 4, 5, 5, 5, 6], [13, 11, 0, 10, 4, 5, 13, 10, 5, 5, 11, 8, 10, 4, 11, 5, 3, 13, 1, 3, 4, 4, 4, 0, 10, 10, 7, 3, 1, 4, 8, 5, 6, 4, 1, 11, 9, 9, 5, 5, 10, 2, 0, 10, 5, 5, 3, 10, 5, 6, 3, 9, 10, 5, 4, 5, 3, 9, 9, 0, 5, 11], [2, 8, 11, 6, 10, 10, 4, 9, 10, 6, 7, 11, 11, 7, 6, 6, 8, 4, 9, 8, 6, 8, 8, 10, 0, 11, 5, 9, 10, 7, 2, 10, 4, 10, 11, 7, 6, 10, 10, 8, 5, 12, 11, 2, 7, 9, 8, 0, 9, 10, 8, 7, 0, 6, 6, 5, 7, 9, 9, 11, 6, 7], [12, 17, 10, 5, 5, 4, 9, 1, 4, 12, 4, 1, 0, 11, 5, 11, 6, 10, 9, 6, 10, 12, 5, 10, 11, 0, 6, 6, 8, 10, 10, 5, 7, 5, 10, 4, 14, 0, 4, 4, 14, 11, 10, 12, 12, 5, 11, 10, 4, 4, 10, 15, 11, 7, 10, 7, 9, 1, 1, 11, 10, 4], [7, 10, 7, 4, 5, 5, 6, 6, 5, 6, 5, 6, 7, 6, 4, 5, 4, 6, 5, 3, 4, 6, 3, 7, 5, 6, 0, 4, 6, 5, 3, 4, 1, 5, 7, 5, 8, 6, 4, 3, 7, 8, 7, 5, 6, 4, 5, 4, 4, 5, 5, 8, 5, 1, 4, 1, 4, 5, 5, 7, 4, 5], [11, 12, 4, 7, 1, 2, 10, 6, 1, 6, 7, 5, 6, 5, 7, 5, 0, 11, 2, 0, 4, 6, 0, 3, 9, 6, 4, 0, 2, 4, 7, 1, 4, 1, 4, 7, 9, 5, 2, 1, 10, 5, 4, 8, 6, 1, 5, 8, 2, 2, 4, 10, 9, 2, 4, 3, 3, 5, 5, 4, 4, 7], [13, 12, 1, 9, 2, 4, 12, 9, 3, 6, 10, 7, 8, 5, 10, 5, 2, 13, 1, 2, 5, 5, 3, 1, 10, 8, 6, 2, 0, 4, 8, 3, 5, 2, 1, 10, 9, 8, 4, 3, 10, 2, 2, 10, 5, 3, 4, 9, 4, 4, 4, 10, 10, 4, 4, 4, 3, 8, 8, 2, 5, 9], [9, 7, 4, 9, 6, 6, 10, 10, 6, 1, 10, 9, 11, 1, 9, 1, 4, 10, 3, 4, 0, 1, 5, 4, 7, 10, 5, 4, 4, 0, 4, 6, 3, 6, 5, 10, 5, 10, 7, 5, 6, 6, 4, 6, 1, 6, 0, 6, 6, 7, 0, 5, 7, 3, 0, 3, 0, 9, 9, 4, 1, 10], [5, 6, 8, 6, 8, 8, 6, 9, 8, 4, 8, 10, 11, 5, 7, 3, 7, 6, 7, 6, 3, 5, 7, 8, 2, 10, 3, 7, 8, 4, 0, 8, 3, 8, 9, 8, 4, 10, 8, 7, 3, 10, 9, 1, 5, 8, 5, 2, 8, 9, 5, 5, 2, 4, 3, 3, 4, 9, 9, 8, 3, 8], [12, 14, 5, 7, 0, 0, 10, 5, 0, 8, 7, 3, 5, 7, 7, 7, 1, 11, 4, 1, 6, 7, 1, 5, 10, 5, 4, 1, 3, 6, 8, 0, 5, 1, 5, 7, 11, 4, 0, 1, 11, 6, 5, 10, 8, 0, 7, 9, 0, 1, 6, 11, 10, 3, 6, 4, 5, 4, 4, 6, 6, 6], [7, 9, 6, 5, 5, 5, 6, 7, 5, 4, 6, 7, 8, 4, 5, 3, 4, 7, 5, 3, 3, 5, 4, 6, 4, 7, 1, 4, 5, 3, 3, 5, 0, 5, 7, 6, 6, 7, 5, 4, 6, 8, 7, 4, 5, 5, 4, 4, 5, 6, 4, 7, 4, 1, 3, 1, 3, 6, 6, 7, 2, 6], [13, 14, 4, 8, 0, 1, 11, 6, 1, 8, 8, 4, 6, 7, 8, 7, 1, 12, 3, 1, 6, 7, 1, 4, 10, 5, 5, 1, 2, 6, 8, 1, 5, 0, 4, 8, 11, 5, 1, 1, 11, 5, 4, 10, 7, 1, 6, 9, 1, 1, 6, 11, 10, 4, 6, 4, 5, 5, 5, 5, 6, 7], [14, 12, 1, 11, 4, 5, 14, 11, 5, 6, 12, 8, 10, 5, 11, 6, 4, 14, 2, 4, 5, 5, 5, 1, 11, 10, 7, 4, 1, 5, 9, 5, 7, 4, 0, 12, 10, 9, 6, 5, 11, 1, 0, 11, 6, 5, 4, 11, 6, 6, 4, 10, 11, 5, 5, 6, 4, 9, 9, 1, 6, 11], [8, 15, 12, 1, 8, 7, 5, 3, 7, 11, 0, 5, 5, 11, 0, 10, 7, 6, 10, 7, 9, 11, 7, 11, 7, 4, 5, 7, 10, 10, 8, 7, 6, 8, 12, 0, 12, 4, 6, 6, 12, 13, 12, 9, 11, 7, 11, 7, 6, 7, 10, 13, 8, 6, 9, 7, 9, 3, 3, 12, 9, 0], [8, 2, 9, 11, 11, 11, 10, 14, 11, 3, 13, 14, 15, 4, 12, 3, 9, 10, 8, 9, 4, 4, 10, 9, 6, 14, 8, 9, 9, 5, 4, 11, 6, 11, 10, 12, 0, 14, 11, 10, 1, 10, 9, 4, 4, 11, 5, 6, 11, 12, 5, 0, 5, 7, 5, 7, 5, 13, 13, 9, 4, 12], [12, 17, 10, 5, 5, 4, 9, 1, 4, 11, 4, 1, 0, 11, 5, 10, 5, 10, 8, 5, 10, 11, 5, 9, 10, 0, 6, 5, 8, 10, 10, 4, 7, 5, 9, 4, 14, 0, 3, 4, 14, 10, 10, 11, 11, 4, 11, 10, 3, 3, 10, 15, 11, 6, 10, 7, 9, 1, 1, 10, 9, 4], [12, 14, 6, 6, 1, 0, 10, 5, 0, 8, 6, 2, 4, 8, 6, 8, 2, 11, 5, 2, 7, 8, 1, 5, 10, 4, 4, 2, 4, 7, 8, 0, 5, 1, 6, 6, 11, 3, 0, 1, 12, 6, 6, 10, 8, 0, 7, 9, 0, 0, 7, 12, 10, 4, 7, 4, 6, 3, 4, 6, 7, 6], [11, 13, 5, 6, 1, 1, 9, 5, 1, 7, 6, 3, 5, 7, 6, 6, 1, 10, 4, 1, 6, 7, 0, 5, 8, 4, 3, 1, 3, 5, 7, 1, 4, 1, 5, 6, 10, 4, 1, 0, 10, 6, 6, 9, 7, 0, 6, 8, 0, 1, 6, 11, 9, 3, 5, 3, 5, 4, 4, 6, 5, 6], [6, 3, 10, 10, 11, 11, 9, 13, 11, 4, 12, 14, 14, 5, 11, 4, 10, 9, 9, 9, 5, 5, 10, 10, 5, 14, 7, 10, 10, 6, 3, 11, 6, 11, 11, 12, 1, 14, 12, 10, 0, 11, 10, 3, 5, 11, 6, 4, 11, 12, 6, 2, 4, 7, 5, 7, 6, 13, 13, 10, 5, 12], [15, 13, 1, 12, 5, 6, 15, 11, 6, 7, 13, 9, 11, 6, 12, 7, 5, 15, 3, 5, 6, 6, 6, 2, 12, 11, 8, 5, 2, 6, 10, 6, 8, 5, 1, 13, 10, 10, 6, 6, 11, 0, 1, 12, 6, 6, 5, 12, 6, 7, 5, 11, 12, 7, 6, 7, 5, 10, 10, 1, 7, 12], [14, 11, 0, 11, 4, 6, 14, 11, 5, 6, 12, 9, 11, 4, 12, 6, 4, 14, 2, 4, 5, 4, 5, 0, 11, 10, 7, 4, 2, 4, 9, 5, 7, 4, 0, 12, 9, 10, 6, 6, 10, 1, 0, 10, 5, 5, 4, 11, 6, 6, 3, 9, 11, 5, 5, 6, 4, 10, 10, 0, 5, 11], [4, 6, 10, 7, 10, 10, 6, 11, 10, 5, 9, 12, 12, 6, 8, 4, 8, 6, 8, 8, 5, 6, 8, 10, 2, 12, 5, 8, 10, 6, 1, 10, 4, 10, 11, 9, 4, 11, 10, 9, 3, 12, 10, 0, 6, 10, 6, 1, 9, 10, 6, 5, 1, 6, 5, 5, 6, 10, 10, 10, 5, 9], [10, 6, 4, 10, 7, 8, 11, 12, 8, 0, 11, 11, 12, 0, 11, 1, 6, 11, 4, 6, 1, 0, 6, 5, 7, 12, 6, 6, 5, 1, 5, 8, 5, 7, 6, 11, 4, 11, 8, 7, 5, 6, 5, 6, 0, 8, 1, 7, 8, 9, 1, 4, 7, 5, 1, 4, 2, 11, 11, 4, 2, 11], [12, 13, 5, 6, 0, 0, 10, 5, 0, 8, 7, 3, 5, 7, 7, 7, 1, 11, 4, 1, 6, 7, 1, 5, 9, 5, 4, 1, 3, 6, 8, 0, 5, 1, 5, 7, 11, 4, 0, 0, 11, 6, 5, 10, 8, 0, 6, 9, 0, 1, 6, 11, 10, 3, 6, 4, 5, 4, 4, 5, 6, 6], [10, 7, 3, 9, 6, 7, 11, 11, 7, 1, 11, 10, 11, 0, 10, 1, 5, 11, 3, 5, 1, 0, 5, 3, 8, 11, 5, 5, 4, 0, 5, 7, 4, 6, 4, 11, 5, 11, 7, 6, 6, 5, 4, 6, 1, 6, 0, 7, 7, 8, 0, 5, 7, 4, 1, 4, 1, 10, 10, 3, 1, 10], [3, 8, 10, 5, 9, 9, 4, 9, 9, 6, 7, 10, 11, 7, 6, 5, 8, 4, 9, 8, 5, 7, 8, 10, 0, 10, 4, 8, 9, 6, 2, 9, 4, 9, 11, 7, 6, 10, 9, 8, 4, 12, 11, 1, 7, 9, 7, 0, 8, 10, 7, 6, 0, 5, 5, 5, 6, 9, 9, 10, 5, 7], [11, 14, 6, 6, 1, 0, 10, 5, 0, 8, 6, 3, 4, 7, 6, 7, 1, 10, 4, 2, 6, 7, 1, 5, 9, 4, 4, 2, 4, 6, 8, 0, 5, 1, 6, 6, 11, 3, 0, 0, 11, 6, 6, 9, 8, 0, 7, 8, 0, 1, 6, 11, 9, 3, 6, 4, 5, 3, 3, 6, 6, 5], [12, 15, 6, 7, 1, 0, 11, 5, 0, 9, 6, 2, 4, 8, 7, 8, 2, 11, 5, 2, 7, 8, 2, 6, 10, 4, 5, 2, 4, 7, 9, 1, 6, 1, 6, 7, 12, 3, 0, 1, 12, 7, 6, 10, 9, 1, 8, 10, 1, 0, 7, 12, 10, 4, 7, 5, 6, 3, 4, 7, 7, 6], [10, 8, 3, 9, 5, 6, 11, 10, 6, 2, 10, 9, 11, 1, 10, 2, 4, 11, 2, 4, 1, 1, 5, 3, 8, 10, 5, 4, 4, 0, 5, 6, 4, 6, 4, 10, 5, 10, 7, 6, 6, 5, 3, 6, 1, 6, 0, 7, 6, 7, 0, 6, 7, 4, 1, 3, 1, 10, 9, 3, 1, 10], [8, 2, 9, 11, 11, 12, 11, 14, 12, 3, 13, 14, 15, 4, 12, 4, 10, 11, 8, 10, 5, 5, 10, 9, 7, 15, 8, 10, 10, 5, 5, 11, 7, 11, 10, 13, 0, 15, 12, 11, 2, 11, 9, 5, 4, 11, 5, 6, 11, 12, 6, 0, 6, 8, 5, 7, 6, 14, 14, 9, 5, 13], [2, 7, 11, 6, 10, 10, 4, 10, 10, 6, 8, 11, 11, 7, 7, 6, 9, 4, 9, 8, 6, 7, 8, 10, 0, 11, 5, 9, 10, 7, 2, 10, 4, 10, 11, 8, 5, 11, 10, 9, 4, 12, 11, 1, 7, 10, 7, 0, 9, 10, 7, 6, 0, 6, 6, 5, 7, 10, 9, 11, 5, 8], [8, 10, 5, 5, 4, 4, 8, 7, 4, 4, 6, 6, 7, 4, 6, 4, 2, 8, 3, 2, 3, 4, 2, 5, 6, 7, 1, 2, 4, 3, 4, 3, 1, 4, 5, 6, 7, 6, 4, 3, 7, 7, 5, 6, 5, 3, 4, 5, 3, 4, 4, 8, 6, 0, 3, 0, 2, 6, 6, 5, 3, 6], [9, 7, 4, 8, 6, 6, 9, 10, 6, 1, 9, 9, 10, 1, 9, 1, 4, 10, 3, 4, 0, 1, 5, 4, 6, 10, 4, 4, 4, 0, 3, 6, 3, 6, 5, 9, 5, 10, 7, 5, 5, 6, 5, 5, 1, 6, 1, 5, 6, 7, 1, 5, 6, 3, 0, 2, 0, 9, 9, 4, 0, 9], [8, 9, 5, 5, 4, 4, 8, 7, 4, 4, 7, 7, 8, 4, 6, 3, 3, 8, 4, 2, 2, 4, 3, 5, 5, 7, 1, 3, 4, 3, 3, 4, 1, 4, 6, 7, 7, 7, 4, 3, 7, 7, 6, 5, 4, 4, 4, 5, 4, 5, 3, 7, 5, 0, 2, 0, 2, 6, 6, 5, 2, 6], [9, 8, 4, 8, 5, 5, 10, 9, 5, 2, 9, 8, 10, 2, 8, 2, 3, 10, 2, 3, 1, 2, 4, 3, 7, 9, 4, 3, 3, 0, 4, 5, 3, 5, 4, 9, 5, 9, 6, 5, 6, 5, 4, 6, 2, 5, 1, 6, 5, 6, 1, 6, 7, 2, 0, 2, 0, 8, 8, 4, 1, 9], [11, 16, 10, 4, 5, 4, 8, 1, 4, 11, 3, 2, 1, 10, 4, 10, 5, 9, 8, 5, 9, 11, 4, 9, 9, 1, 5, 5, 8, 9, 9, 4, 6, 5, 9, 3, 13, 1, 3, 4, 13, 10, 10, 10, 11, 4, 10, 9, 3, 3, 10, 14, 10, 6, 9, 6, 8, 0, 0, 10, 9, 3], [11, 16, 10, 4, 5, 4, 8, 1, 4, 11, 3, 2, 1, 10, 3, 10, 5, 9, 8, 5, 9, 11, 5, 9, 9, 1, 5, 5, 8, 9, 9, 4, 6, 5, 9, 3, 13, 1, 4, 4, 13, 10, 10, 10, 11, 4, 10, 9, 3, 4, 9, 14, 9, 6, 9, 6, 8, 0, 0, 10, 9, 2], [13, 11, 0, 11, 5, 6, 14, 11, 6, 5, 12, 9, 11, 4, 12, 5, 4, 14, 2, 4, 4, 4, 5, 0, 11, 11, 7, 4, 2, 4, 8, 6, 7, 5, 1, 12, 9, 10, 6, 6, 10, 1, 0, 10, 4, 5, 3, 10, 6, 7, 3, 9, 11, 5, 4, 5, 4, 10, 10, 0, 5, 11], [8, 7, 5, 8, 6, 6, 9, 10, 6, 1, 9, 9, 10, 2, 8, 0, 4, 9, 4, 4, 0, 2, 5, 5, 6, 10, 4, 4, 5, 1, 3, 6, 2, 6, 6, 9, 4, 9, 7, 5, 5, 7, 5, 5, 2, 6, 1, 5, 6, 7, 1, 5, 5, 3, 0, 2, 1, 9, 9, 5, 0, 9], [9, 15, 11, 1, 7, 6, 5, 2, 6, 11, 0, 5, 4, 11, 1, 10, 7, 6, 9, 7, 9, 11, 6, 11, 7, 4, 5, 7, 9, 10, 8, 6, 6, 7, 11, 0, 12, 4, 6, 6, 12, 12, 11, 9, 11, 6, 10, 7, 5, 6, 10, 13, 8, 6, 9, 6, 9, 3, 2, 11, 9, 0]]
