100 8798.46 0 1680 7 240
[4170.86, 4131.51, 7305.1, 6362.97, 6001.39, 6971.69, 2945.31, 6932.84, 9163.89, 7357.2, 2807.39, 9249.36, 425.81, 3618.61, 7153.06, 1716.95, 6919.57, 6253.23, 548.02, 708.06, 4000.58, 756.44, 5932.87, 7139.56, 3035.21, 4016.47, 9180.01, 366.25, 3750.47, 8577.76, 1497.65, 1790.7, 6359.77, 9451.7, 4888.97, 2770.33, 1904.35, 8060.17, 4069.56, 517.19, 566.61, 1841.91, 7007.2, 4009.82, 7154.22, 2881.22, 7232.56, 1734.76, 8528.05, 1827.38, 6164.1, 2934.69, 350.86, 355.58, 6105.17, 9422.97, 255.58, 1599.02, 604.56, 723.64, 1621.49, 8042.04, 8099.67, 2734.57, 4945.07, 667.07, 7075.48, 499.88, 9308.31, 799.21, 6961.56, 3881.76, 8244.86, 1591.79, 9190.18, 6286.48, 9288.18, 8655.27, 5286.15, 5884.37, 2688.53, 8165.03, 8608.37, 2544.29, 6233.64, 5903.14, 3981.46, 3741.03, 761.19, 4185.7, 7087.35, 3630.86, 2759.34, 396.08, 4967.98, 633.53, 6030.96, 8549.01, 5994.83, 3069.03]
[6674.1, 5208.99, 5049.85, 5866.3, 2656.92, 4669.46, 3413.47, 5285.93, 3338.4, 6910.4, 2551.62, 5701.36, 4768.6, 5139.79, 6399.85, 2430.52, 7418.75, 5753.07, 5754.48, 3869.68, 6231.7, 7048.74, 7210.52, 4314.52, 6576.87, 2766.3, 2919.48, 2937.88, 5986.16, 4937.72, 5489.01, 7843.29, 4168.64, 6654.61, 6466.18, 2804.57, 3547.05, 6601.04, 2113.4, 7565.36, 6207.01, 4869.84, 6882.52, 3047.92, 6587.58, 4293.14, 2521.16, 5395.88, 7501.75, 2218.28, 7827.45, 6880.64, 2791.39, 6077.96, 7136.49, 5854.68, 7606.8, 3920.25, 7866.18, 6661.28, 6496.22, 3458.29, 5106.73, 2442.44, 6405.39, 4934.84, 3456.04, 7672.14, 3908.97, 7177.07, 7544.57, 6883.89, 6490.57, 4471.77, 2548.06, 5072.64, 2595.54, 3173.08, 4926.56, 4061.72, 6727.54, 3921.69, 7445.49, 5980.91, 5698.79, 4219.26, 6202.01, 4549.58, 6061.29, 7664.26, 6170.45, 6317.9, 3334.79, 5409.55, 6274.5, 4337.76, 2785.01, 4147.11, 4860.71, 4257.54]
[4, 4, 7, 6, 6, 7, 3, 7, 9, 7, 3, 9, 1, 4, 7, 2, 7, 6, 1, 1, 4, 1, 6, 7, 3, 4, 9, 1, 4, 8, 2, 2, 6, 9, 5, 3, 2, 8, 4, 1, 1, 2, 7, 4, 7, 3, 7, 2, 8, 2, 6, 3, 1, 1, 6, 9, 1, 2, 1, 1, 2, 8, 8, 3, 5, 1, 7, 1, 9, 1, 7, 4, 8, 2, 9, 6, 9, 8, 5, 6, 3, 8, 8, 3, 6, 6, 4, 4, 1, 4, 7, 4, 3, 1, 5, 1, 6, 8, 6, 3]
[1, 2, 3, 4, 5, 6, 7, 8, 9, 10, 11, 12, 13, 14, 15, 16, 17, 18, 19, 20, 21, 22, 23, 24, 25, 26, 27, 28, 29, 30, 31, 32, 33, 34, 35, 36, 37, 38, 39, 40, 41, 42, 43, 44, 45, 46, 47, 48, 49, 50, 51, 52, 53, 54, 55, 56, 57, 58, 59, 60, 61, 62, 63, 64, 65, 66, 67, 68, 69, 70, 71, 72, 73, 74, 75, 76, 77, 78, 79, 80, 81, 82, 83, 84, 85, 86, 87, 88, 89, 90, 91, 92, 93, 94, 95, 96, 97, 98, 99, 100]
[3, 3, 1, 1, 1, 1, 3, 1, 1, 1, 3, 1, 2, 3, 1, 2, 1, 1, 2, 2, 3, 2, 1, 1, 3, 3, 1, 2, 3, 2, 2, 2, 1, 1, 3, 3, 2, 2, 3, 2, 2, 2, 1, 3, 1, 3, 1, 2, 2, 2, 1, 3, 2, 2, 1, 1, 2, 2, 2, 2, 2, 2, 2, 3, 3, 2, 1, 2, 1, 2, 1, 3, 2, 2, 1, 1, 1, 2, 3, 1, 3, 2, 2, 3, 1, 1, 3, 3, 2, 3, 1, 3, 3, 2, 3, 2, 1, 2, 1, 3]
[3, 3, 1, 2, 2, 1, 1, 1, 2, 1, 1, 2, 1, 3, 1, 3, 1, 2, 1, 1, 3, 1, 2, 1, 1, 3, 2, 1, 3, 3, 3, 3, 2, 2, 1, 1, 3, 3, 3, 1, 1, 3, 1, 3, 1, 1, 1, 3, 3, 3, 2, 1, 1, 1, 2, 2, 1, 3, 1, 1, 3, 3, 3, 1, 1, 1, 1, 1, 2, 1, 1, 3, 3, 3, 2, 2, 2, 3, 1, 2, 1, 3, 3, 1, 2, 2, 3, 3, 1, 3, 1, 3, 1, 1, 1, 1, 2, 3, 2, 1]
[1, 9, 3, 3, 8, 8, 3, 10, 1, 1, 4, 3, 6, 1, 9, 1, 2, 3, 1, 1, 3, 10, 6, 7, 10, 8, 7, 6, 7, 2, 2, 9, 8, 4, 10, 5, 7, 3, 9, 8, 7, 8, 6, 8, 1, 9, 1, 2, 2, 3, 3, 6, 3, 1, 1, 7, 10, 10, 3, 5, 9, 4, 1, 6, 6, 5, 1, 3, 10, 8, 1, 8, 3, 9, 4, 9, 7, 10, 9, 3, 5, 10, 10, 2, 10, 8, 2, 2, 6, 7, 6, 2, 7, 1, 2, 2, 8, 5, 1, 3]
[2876.29, 1767.52, 2805.84, 2329.99, 3456.42, 3734.09, 2331.15, 3277.15, 2576.83, 3006.44, 3274.33, 2967.13, 4079.39, 3277.04, 2032.62, 3463.0, 2791.83, 2486.07, 2862.64, 3475.88, 2366.82, 2649.55, 3704.59, 2703.22, 2870.52, 3590.73, 2707.05, 3786.9, 2702.76, 2927.23, 2979.37, 2042.91, 3655.72, 2982.24, 3048.99, 2550.05, 2705.62, 2924.4, 2991.18, 3943.02, 2711.09, 3504.31, 3947.94, 3585.49, 2657.55, 2870.81, 2423.22, 2925.17, 2891.04, 2690.87, 2372.0, 3762.78, 2503.99, 2803.42, 2833.66, 2711.68, 3293.05, 2898.27, 2294.13, 3432.57, 2850.82, 3305.46, 3516.52, 4005.78, 3746.84, 2553.51, 2721.65, 2969.23, 3111.7, 3750.44, 3334.16, 3909.91, 2504.89, 1820.24, 3364.89, 1772.06, 2703.4, 3032.96, 2506.9, 2900.34, 2996.95, 2777.67, 3139.66, 2879.04, 3020.18, 3596.97, 2682.02, 2709.2, 3945.84, 2708.02, 3973.31, 2739.88, 2707.84, 3133.21, 2732.78, 2934.82, 3889.6, 3399.69, 3056.0, 2399.26]
[0.44, 0.42, 0.55, 0.58, 0.46, 0.37, 0.56, 0.5, 0.92, 0.97, 0.41, 0.53, 0.17, 0.74, 0.4, 0.84, 0.23, 0.53, 0.56, 0.73, 0.55, 0.42, 0.21, 0.53, 0.94, 0.35, 0.57, 0.14, 0.74, 0.29, 0.22, 0.5, 0.42, 0.41, 0.58, 0.48, 0.42, 0.52, 0.44, 0.46, 0.46, 0.25, 0.04, 0.41, 0.7, 0.37, 0.26, 0.22, 0.3, 0.57, 0.54, 0.2, 0.54, 0.32, 0.18, 0.58, 0.9, 0.88, 0.57, 0.56, 0.46, 0.56, 0.42, 0.11, 0.11, 0.43, 0.28, 0.58, 0.63, 0.19, 0.78, 0.24, 0.58, 0.37, 0.48, 0.45, 0.41, 0.49, 0.4, 0.56, 0.55, 0.89, 0.86, 0.24, 0.85, 0.13, 0.26, 0.23, 0.04, 0.63, 0.13, 0.3, 0.61, 0.44, 0.25, 0.29, 0.19, 0.46, 0.14, 0.58]
[0.92, 0.78, 0.77, 0.89, 0.65, 0.86, 1.0, 0.96, 0.97, 0.5, 0.81, 0.58, 0.73, 0.73, 0.6, 0.8, 0.71, 0.59, 0.84, 0.54, 0.53, 0.51, 0.83, 0.57, 0.76, 1.08, 1.03, 0.57, 0.7, 0.9, 0.64, 1.01, 0.53, 0.52, 0.55, 1.1, 0.7, 0.81, 0.76, 1.1, 0.91, 1.06, 1.07, 0.82, 1.05, 0.66, 0.69, 0.75, 0.87, 0.53, 0.61, 0.77, 0.82, 0.7, 0.56, 0.77, 0.75, 0.69, 0.77, 0.59, 0.85, 0.92, 0.65, 1.07, 0.56, 0.91, 0.86, 0.8, 0.77, 0.65, 0.82, 1.04, 0.99, 0.67, 0.84, 0.89, 0.71, 0.62, 0.99, 0.52, 1.04, 0.69, 0.62, 0.6, 1.04, 1.07, 0.53, 0.63, 0.98, 0.97, 0.64, 0.91, 0.64, 0.62, 0.89, 0.77, 0.65, 0.81, 0.96, 0.87]
[0.68, 0.63, 0.83, 0.58, 0.7, 0.73, 0.52, 0.91, 1.05, 1.05, 0.69, 0.95, 0.52, 0.97, 0.98, 0.57, 1.01, 0.87, 0.8, 0.59, 0.76, 0.83, 0.72, 0.63, 0.75, 0.96, 0.97, 0.72, 0.54, 1.0, 0.62, 0.7, 0.65, 0.64, 0.61, 0.67, 0.64, 0.86, 0.89, 0.97, 0.64, 0.67, 0.96, 0.82, 1.03, 0.96, 0.97, 0.52, 0.54, 1.0, 0.88, 1.09, 0.6, 0.72, 0.92, 0.9, 0.59, 0.7, 0.54, 0.84, 1.0, 0.91, 0.98, 0.66, 1.05, 1.01, 1.03, 1.02, 1.09, 0.76, 0.96, 0.78, 0.6, 0.55, 0.74, 0.56, 0.71, 0.5, 0.88, 0.89, 0.57, 1.07, 0.78, 1.1, 0.63, 0.76, 0.89, 0.74, 0.87, 0.67, 0.84, 1.07, 0.58, 1.03, 0.79, 0.81, 1.01, 0.69, 0.51, 0.89]
[0.77, 1.08, 0.53, 0.6, 0.56, 0.66, 1.0, 0.54, 0.62, 0.97, 0.96, 0.93, 0.73, 0.78, 0.76, 1.09, 0.9, 0.59, 0.8, 0.79, 0.66, 0.92, 0.67, 0.73, 0.8, 0.78, 0.94, 0.7, 0.54, 0.6, 0.79, 0.52, 0.52, 0.62, 1.0, 0.53, 0.92, 0.96, 1.06, 0.89, 0.73, 0.79, 0.74, 1.04, 0.52, 0.67, 0.96, 0.93, 0.69, 1.08, 0.97, 0.76, 0.86, 0.74, 0.86, 1.04, 0.51, 0.52, 1.08, 0.82, 0.82, 0.76, 0.76, 0.71, 0.93, 0.71, 0.65, 1.04, 1.0, 0.56, 0.99, 0.97, 1.03, 0.89, 0.87, 0.94, 1.06, 0.63, 0.62, 0.73, 0.89, 0.71, 1.05, 0.84, 1.06, 1.07, 1.09, 0.86, 0.74, 0.75, 0.81, 0.79, 1.04, 0.55, 0.99, 0.52, 0.69, 0.57, 0.85, 0.98]
[0.59, 0.52, 0.84, 0.66, 0.53, 1.04, 0.9, 0.68, 0.61, 1.01, 0.64, 0.57, 0.98, 0.69, 0.61, 1.09, 0.7, 0.7, 0.7, 0.76, 0.87, 0.67, 0.83, 1.02, 1.08, 0.79, 0.98, 0.63, 0.81, 0.92, 0.65, 0.86, 0.7, 0.53, 1.04, 0.99, 0.66, 1.06, 0.7, 1.08, 1.1, 0.64, 0.85, 0.89, 0.56, 1.0, 0.99, 0.68, 0.67, 0.99, 0.5, 0.89, 0.65, 0.65, 0.85, 1.09, 0.86, 0.68, 0.52, 0.89, 0.68, 1.08, 0.56, 0.53, 0.88, 0.66, 1.03, 1.1, 0.52, 1.03, 1.04, 1.03, 0.82, 0.91, 0.68, 1.07, 1.03, 0.91, 0.92, 0.65, 0.98, 1.05, 0.91, 0.94, 0.98, 0.9, 0.77, 0.54, 0.77, 1.08, 0.84, 0.54, 0.97, 0.89, 0.85, 0.68, 0.74, 1.03, 0.66, 0.54]
[1.01, 0.91, 0.92, 0.79, 0.95, 0.9, 0.59, 0.6, 0.77, 0.8, 0.6, 0.95, 0.92, 1.09, 0.62, 0.75, 0.68, 0.67, 0.8, 1.02, 0.81, 0.99, 1.06, 0.9, 0.64, 0.92, 0.52, 0.59, 0.84, 0.86, 0.64, 1.07, 1.03, 0.85, 0.62, 0.99, 0.71, 0.86, 0.57, 0.66, 1.03, 0.91, 1.02, 0.63, 0.73, 0.88, 0.53, 0.61, 0.82, 0.59, 0.96, 1.08, 0.73, 0.64, 0.92, 0.63, 0.83, 0.9, 0.92, 0.56, 1.04, 1.08, 0.52, 0.73, 0.6, 1.1, 1.09, 0.85, 1.0, 0.94, 1.05, 0.59, 1.04, 0.68, 1.02, 0.98, 0.52, 1.02, 0.67, 0.85, 0.79, 0.57, 0.92, 0.89, 1.08, 0.62, 1.0, 0.61, 0.74, 0.82, 0.56, 1.01, 0.59, 0.88, 0.56, 1.05, 0.68, 1.03, 0.92, 1.05]
[0.29, 0.25, 0.26, 0.16, 0.13, 0.38, 0.28, 0.19, 0.3, 0.42, 0.21, 0.28, 0.25, 0.41, 0.17, 0.41, 0.3, 0.14, 0.3, 0.19, 0.19, 0.26, 0.36, 0.24, 0.32, 0.58, 0.48, 0.11, 0.14, 0.43, 0.13, 0.34, 0.13, 0.09, 0.22, 0.38, 0.19, 0.61, 0.29, 0.67, 0.48, 0.33, 0.65, 0.39, 0.23, 0.37, 0.34, 0.15, 0.18, 0.34, 0.25, 0.61, 0.2, 0.16, 0.35, 0.5, 0.16, 0.16, 0.21, 0.2, 0.5, 0.74, 0.14, 0.19, 0.29, 0.47, 0.65, 0.79, 0.43, 0.27, 0.85, 0.48, 0.51, 0.21, 0.38, 0.49, 0.29, 0.18, 0.33, 0.19, 0.41, 0.31, 0.42, 0.46, 0.73, 0.49, 0.39, 0.13, 0.35, 0.43, 0.2, 0.42, 0.22, 0.27, 0.33, 0.23, 0.23, 0.34, 0.25, 0.43]
[115.65, 506.13, 211.78, 181.12, 456.71, 464.76, 204.2, 412.69, 218.38, 333.24, 176.77, 180.29, 129.34, 238.75, 323.73, 217.41, 159.33, 184.55, 246.61, 380.89, 119.64, 430.32, 181.6, 258.5, 346.09, 431.11, 684.19, 205.59, 847.42, 218.01, 181.17, 551.41, 360.16, 175.94, 227.55, 537.24, 308.29, 147.93, 490.01, 327.39, 265.9, 741.94, 202.91, 367.86, 287.97, 416.38, 283.28, 125.9, 230.82, 146.25, 165.28, 179.83, 195.07, 196.03, 122.95, 272.26, 305.81, 624.43, 108.56, 645.51, 442.79, 172.39, 163.9, 207.02, 183.16, 503.72, 262.65, 178.25, 401.91, 476.09, 278.45, 377.61, 221.77, 459.04, 176.2, 633.45, 267.14, 264.0, 411.3, 154.11, 773.94, 466.43, 296.37, 179.68, 283.17, 563.04, 247.58, 283.12, 120.3, 482.56, 229.7, 242.56, 421.64, 227.41, 327.68, 232.66, 404.41, 521.88, 157.51, 197.61]
[35.64, 131.16, 52.15, 27.61, 61.16, 180.63, 58.05, 79.27, 65.34, 151.54, 37.2, 48.38, 36.4, 98.66, 50.49, 88.63, 48.45, 27.68, 75.78, 77.09, 20.57, 109.92, 61.96, 58.58, 112.2, 260.68, 331.3, 23.25, 112.17, 87.41, 24.74, 196.54, 46.7, 15.4, 49.46, 210.09, 55.35, 88.67, 156.6, 219.33, 121.58, 227.26, 137.66, 137.23, 64.25, 146.06, 101.9, 20.34, 42.75, 44.62, 39.7, 112.73, 35.9, 34.8, 42.07, 143.18, 50.13, 98.02, 23.26, 134.16, 225.67, 123.34, 20.98, 41.06, 52.92, 241.78, 170.12, 138.82, 184.71, 125.01, 238.09, 180.38, 118.2, 102.13, 65.08, 300.81, 68.34, 45.99, 143.94, 30.65, 316.2, 161.3, 127.78, 84.35, 200.98, 276.18, 97.51, 39.24, 41.67, 215.52, 44.69, 105.55, 82.16, 62.78, 112.52, 58.57, 96.1, 167.43, 41.68, 82.79]
[78.24, 2030.64, 558.91, 405.61, 1783.54, 1823.79, 521.01, 1563.43, 591.88, 1166.22, 383.83, 401.45, 146.69, 693.73, 1118.66, 587.06, 296.67, 422.76, 733.06, 1404.43, 98.19, 1651.61, 408.02, 792.49, 1230.45, 1655.54, 2920.94, 527.94, 3737.12, 590.03, 405.84, 2257.06, 1300.79, 379.71, 637.77, 2186.18, 1041.44, 239.67, 1950.06, 1136.96, 829.5, 3209.71, 514.57, 1339.31, 939.85, 1581.92, 916.41, 129.5, 654.08, 231.26, 326.42, 399.15, 475.33, 480.13, 114.76, 861.3, 1029.03, 2622.15, 42.8, 2727.54, 1713.95, 361.97, 319.48, 535.1, 415.81, 2018.58, 813.24, 391.23, 1509.55, 1880.44, 892.26, 1388.04, 608.84, 1795.22, 380.98, 2667.25, 835.68, 820.01, 1556.48, 270.54, 3369.71, 1832.17, 981.85, 398.41, 915.86, 2315.2, 737.91, 915.6, 101.5, 1912.81, 648.49, 712.8, 1608.18, 637.05, 1138.4, 663.28, 1522.04, 2109.39, 287.57, 488.07]
[-321.82, 155.78, -239.24, -361.96, -194.2, 403.14, -209.74, -103.64, -173.3, 257.68, -313.99, -258.12, -317.99, -6.72, -247.56, -56.86, -257.73, -361.6, -121.12, -114.53, -397.13, 49.62, -190.18, -207.08, 61.01, 803.38, 1156.5, -383.73, 60.86, -62.95, -376.3, 482.7, -266.51, -422.99, -252.68, 550.44, -223.23, -56.65, 283.01, 596.65, 107.9, 636.31, 188.28, 186.16, -178.74, 230.31, 9.49, -398.32, -286.26, -276.89, -301.51, 63.65, -320.52, -325.99, -289.65, 215.9, -249.34, -9.91, -383.68, 170.82, 628.36, 116.7, -395.08, -294.7, -235.41, 708.91, 350.61, 194.12, 423.55, 125.07, 690.46, 401.91, 91.02, 10.67, -174.58, 1004.07, -158.3, -270.06, 219.71, -346.73, 1081.01, 306.49, 138.92, -78.23, 504.89, 880.88, -12.45, -303.8, -291.64, 577.59, -276.55, 27.73, -89.2, -186.1, 62.59, -207.14, -19.48, 337.15, -291.6, -86.05]
[115.05, 70.7, 56.12, 46.6, 69.13, 74.68, 93.25, 65.54, 51.54, 60.13, 130.97, 59.34, 122.38, 131.08, 40.65, 103.89, 55.84, 49.72, 85.88, 104.28, 94.67, 79.49, 74.09, 54.06, 114.82, 143.63, 54.14, 113.61, 108.11, 87.82, 89.38, 61.29, 73.11, 59.64, 121.96, 102.0, 81.17, 87.73, 119.65, 118.29, 81.33, 105.13, 78.96, 143.42, 53.15, 114.83, 48.46, 87.76, 86.73, 80.73, 47.44, 150.51, 75.12, 84.1, 56.67, 54.23, 98.79, 86.95, 68.82, 102.98, 85.52, 99.16, 105.5, 160.23, 149.87, 76.61, 54.43, 89.08, 62.23, 112.51, 66.68, 156.4, 75.15, 54.61, 67.3, 35.44, 54.07, 90.99, 100.28, 58.01, 119.88, 83.33, 94.19, 115.16, 60.4, 71.94, 107.28, 108.37, 118.38, 108.32, 79.47, 109.6, 108.31, 94.0, 109.31, 88.04, 77.79, 101.99, 61.12, 95.97]
[24, 15, 8, 6, 9, 10, 19, 9, 7, 8, 28, 8, 23, 28, 5, 19, 7, 7, 16, 19, 20, 15, 10, 7, 24, 30, 7, 21, 23, 16, 17, 11, 10, 8, 26, 21, 15, 16, 25, 22, 15, 20, 11, 30, 7, 24, 6, 16, 16, 15, 6, 32, 14, 16, 8, 7, 18, 16, 13, 19, 16, 18, 20, 34, 32, 14, 7, 16, 8, 21, 9, 33, 14, 10, 9, 5, 7, 17, 21, 8, 25, 15, 17, 24, 8, 10, 22, 23, 22, 23, 11, 23, 23, 17, 23, 16, 11, 19, 8, 20]
[193, 53, 16, 208, 197, 215, 232, 200, 185, 214, 167, 64, 104, 134, 226, 164, 87, 17, 106, 206, 25, 123, 200, 158, 132, 203, 160, 201, 45, 94, 197, 196, 124, 63, 111, 22, 60, 46, 217, 2, 196, 125, 178, 24, 83, 191, 75, 204, 166, 30, 209, 58, 151, 175, 202, 238, 149, 147, 124, 70, 100, 88, 25, 186, 24, 53, 30, 235, 3, 182, 197, 191, 29, 92, 56, 234, 20, 206, 67, 192, 20, 30, 208, 117, 32, 228, 215, 22, 103, 143, 33, 121, 102, 83, 220, 193, 212, 75, 122, 233]
[240, 231, 110, 240, 240, 240, 240, 240, 240, 240, 222, 123, 163, 240, 240, 240, 168, 77, 240, 240, 120, 196, 240, 240, 240, 240, 240, 240, 240, 240, 240, 240, 240, 122, 240, 46, 240, 159, 240, 83, 240, 167, 240, 149, 181, 240, 112, 240, 240, 168, 240, 240, 240, 240, 240, 240, 177, 189, 200, 240, 142, 240, 106, 240, 224, 218, 240, 240, 229, 240, 221, 240, 67, 240, 142, 240, 211, 240, 240, 240, 240, 94, 240, 240, 70, 240, 240, 218, 140, 240, 97, 189, 240, 129, 240, 240, 240, 240, 240, 240]
10
[0.0, 0.0, 0.0, 0.0, 0.0, 0.0, 0.0, 0.0, 0.0, 0.0]
[10000.0, 10000.0, 10000.0, 10000.0, 0.0, 0.0, 10000.0, 10000.0, 10000.0, 10000.0]
[[0.0, 0.0, 0.0, 0.0, 20.0, 20.0, 0.0, 0.0, 0.0, 0.0, 11.0, 13.0, 18.0, 15.0, 19.0, 18.0, 15.0, 17.0, 23.0, 16.0, 16.0, 21.0, 11.0, 12.0, 16.0, 16.0, 15.0, 15.0, 9.0, 12.0, 11.0, 6.0, 13.0, 18.0, 9.0, 17.0, 23.0, 14.0, 11.0, 20.0, 10.0, 6.0, 17.0, 20.0, 12.0, 16.0, 14.0, 18.0, 18.0, 5.0, 8.0, 11.0, 15.0, 16.0, 16.0, 13.0, 21.0, 10.0, 18.0, 16.0, 13.0, 9.0, 15.0, 8.0, 14.0, 21.0, 5.0, 13.0, 4.0, 7.0, 8.0, 21.0, 19.0, 16.0, 12.0, 10.0, 19.0, 5.0, 22.0, 6.0, 15.0, 10.0, 18.0, 12.0, 24.0, 16.0, 24.0, 22.0, 15.0, 17.0, 9.0, 21.0, 18.0, 10.0, 15.0, 17.0, 11.0, 13.0, 8.0, 10.0, 16.0, 10.0, 15.0, 9.0, 13.0, 12.0, 19.0, 21.0, 16.0, 13.0], [0.0, 0.0, 0.0, 0.0, 20.0, 20.0, 0.0, 0.0, 0.0, 0.0, 11.0, 13.0, 18.0, 15.0, 19.0, 18.0, 15.0, 17.0, 23.0, 16.0, 16.0, 21.0, 11.0, 12.0, 16.0, 16.0, 15.0, 15.0, 9.0, 12.0, 11.0, 6.0, 13.0, 18.0, 9.0, 17.0, 23.0, 14.0, 11.0, 20.0, 10.0, 6.0, 17.0, 20.0, 12.0, 16.0, 14.0, 18.0, 18.0, 5.0, 8.0, 11.0, 15.0, 16.0, 16.0, 13.0, 21.0, 10.0, 18.0, 16.0, 13.0, 9.0, 15.0, 8.0, 14.0, 21.0, 5.0, 13.0, 4.0, 7.0, 8.0, 21.0, 19.0, 16.0, 12.0, 10.0, 19.0, 5.0, 22.0, 6.0, 15.0, 10.0, 18.0, 12.0, 24.0, 16.0, 24.0, 22.0, 15.0, 17.0, 9.0, 21.0, 18.0, 10.0, 15.0, 17.0, 11.0, 13.0, 8.0, 10.0, 16.0, 10.0, 15.0, 9.0, 13.0, 12.0, 19.0, 21.0, 16.0, 13.0], [0.0, 0.0, 0.0, 0.0, 20.0, 20.0, 0.0, 0.0, 0.0, 0.0, 11.0, 13.0, 18.0, 15.0, 19.0, 18.0, 15.0, 17.0, 23.0, 16.0, 16.0, 21.0, 11.0, 12.0, 16.0, 16.0, 15.0, 15.0, 9.0, 12.0, 11.0, 6.0, 13.0, 18.0, 9.0, 17.0, 23.0, 14.0, 11.0, 20.0, 10.0, 6.0, 17.0, 20.0, 12.0, 16.0, 14.0, 18.0, 18.0, 5.0, 8.0, 11.0, 15.0, 16.0, 16.0, 13.0, 21.0, 10.0, 18.0, 16.0, 13.0, 9.0, 15.0, 8.0, 14.0, 21.0, 5.0, 13.0, 4.0, 7.0, 8.0, 21.0, 19.0, 16.0, 12.0, 10.0, 19.0, 5.0, 22.0, 6.0, 15.0, 10.0, 18.0, 12.0, 24.0, 16.0, 24.0, 22.0, 15.0, 17.0, 9.0, 21.0, 18.0, 10.0, 15.0, 17.0, 11.0, 13.0, 8.0, 10.0, 16.0, 10.0, 15.0, 9.0, 13.0, 12.0, 19.0, 21.0, 16.0, 13.0], [0.0, 0.0, 0.0, 0.0, 20.0, 20.0, 0.0, 0.0, 0.0, 0.0, 11.0, 13.0, 18.0, 15.0, 19.0, 18.0, 15.0, 17.0, 23.0, 16.0, 16.0, 21.0, 11.0, 12.0, 16.0, 16.0, 15.0, 15.0, 9.0, 12.0, 11.0, 6.0, 13.0, 18.0, 9.0, 17.0, 23.0, 14.0, 11.0, 20.0, 10.0, 6.0, 17.0, 20.0, 12.0, 16.0, 14.0, 18.0, 18.0, 5.0, 8.0, 11.0, 15.0, 16.0, 16.0, 13.0, 21.0, 10.0, 18.0, 16.0, 13.0, 9.0, 15.0, 8.0, 14.0, 21.0, 5.0, 13.0, 4.0, 7.0, 8.0, 21.0, 19.0, 16.0, 12.0, 10.0, 19.0, 5.0, 22.0, 6.0, 15.0, 10.0, 18.0, 12.0, 24.0, 16.0, 24.0, 22.0, 15.0, 17.0, 9.0, 21.0, 18.0, 10.0, 15.0, 17.0, 11.0, 13.0, 8.0, 10.0, 16.0, 10.0, 15.0, 9.0, 13.0, 12.0, 19.0, 21.0, 16.0, 13.0], [20.0, 20.0, 20.0, 20.0, 0.0, 0.0, 20.0, 20.0, 20.0, 20.0, 16.0, 13.0, 18.0, 17.0, 13.0, 17.0, 9.0, 18.0, 20.0, 20.0, 8.0, 22.0, 10.0, 13.0, 19.0, 6.0, 21.0, 17.0, 12.0, 8.0, 15.0, 14.0, 19.0, 17.0, 15.0, 10.0, 19.0, 6.0, 14.0, 20.0, 11.0, 16.0, 15.0, 23.0, 16.0, 8.0, 8.0, 21.0, 9.0, 15.0, 13.0, 11.0, 20.0, 10.0, 20.0, 10.0, 15.0, 11.0, 23.0, 6.0, 20.0, 15.0, 6.0, 12.0, 19.0, 22.0, 15.0, 9.0, 16.0, 14.0, 14.0, 18.0, 19.0, 7.0, 16.0, 10.0, 16.0, 16.0, 20.0, 15.0, 21.0, 16.0, 21.0, 10.0, 19.0, 16.0, 19.0, 19.0, 15.0, 14.0, 15.0, 18.0, 23.0, 13.0, 17.0, 15.0, 15.0, 12.0, 12.0, 18.0, 19.0, 15.0, 9.0, 11.0, 16.0, 9.0, 13.0, 19.0, 16.0, 11.0], [20.0, 20.0, 20.0, 20.0, 0.0, 0.0, 20.0, 20.0, 20.0, 20.0, 16.0, 13.0, 18.0, 17.0, 13.0, 17.0, 9.0, 18.0, 20.0, 20.0, 8.0, 22.0, 10.0, 13.0, 19.0, 6.0, 21.0, 17.0, 12.0, 8.0, 15.0, 14.0, 19.0, 17.0, 15.0, 10.0, 19.0, 6.0, 14.0, 20.0, 11.0, 16.0, 15.0, 23.0, 16.0, 8.0, 8.0, 21.0, 9.0, 15.0, 13.0, 11.0, 20.0, 10.0, 20.0, 10.0, 15.0, 11.0, 23.0, 6.0, 20.0, 15.0, 6.0, 12.0, 19.0, 22.0, 15.0, 9.0, 16.0, 14.0, 14.0, 18.0, 19.0, 7.0, 16.0, 10.0, 16.0, 16.0, 20.0, 15.0, 21.0, 16.0, 21.0, 10.0, 19.0, 16.0, 19.0, 19.0, 15.0, 14.0, 15.0, 18.0, 23.0, 13.0, 17.0, 15.0, 15.0, 12.0, 12.0, 18.0, 19.0, 15.0, 9.0, 11.0, 16.0, 9.0, 13.0, 19.0, 16.0, 11.0], [0.0, 0.0, 0.0, 0.0, 20.0, 20.0, 0.0, 0.0, 0.0, 0.0, 11.0, 13.0, 18.0, 15.0, 19.0, 18.0, 15.0, 17.0, 23.0, 16.0, 16.0, 21.0, 11.0, 12.0, 16.0, 16.0, 15.0, 15.0, 9.0, 12.0, 11.0, 6.0, 13.0, 18.0, 9.0, 17.0, 23.0, 14.0, 11.0, 20.0, 10.0, 6.0, 17.0, 20.0, 12.0, 16.0, 14.0, 18.0, 18.0, 5.0, 8.0, 11.0, 15.0, 16.0, 16.0, 13.0, 21.0, 10.0, 18.0, 16.0, 13.0, 9.0, 15.0, 8.0, 14.0, 21.0, 5.0, 13.0, 4.0, 7.0, 8.0, 21.0, 19.0, 16.0, 12.0, 10.0, 19.0, 5.0, 22.0, 6.0, 15.0, 10.0, 18.0, 12.0, 24.0, 16.0, 24.0, 22.0, 15.0, 17.0, 9.0, 21.0, 18.0, 10.0, 15.0, 17.0, 11.0, 13.0, 8.0, 10.0, 16.0, 10.0, 15.0, 9.0, 13.0, 12.0, 19.0, 21.0, 16.0, 13.0], [0.0, 0.0, 0.0, 0.0, 20.0, 20.0, 0.0, 0.0, 0.0, 0.0, 11.0, 13.0, 18.0, 15.0, 19.0, 18.0, 15.0, 17.0, 23.0, 16.0, 16.0, 21.0, 11.0, 12.0, 16.0, 16.0, 15.0, 15.0, 9.0, 12.0, 11.0, 6.0, 13.0, 18.0, 9.0, 17.0, 23.0, 14.0, 11.0, 20.0, 10.0, 6.0, 17.0, 20.0, 12.0, 16.0, 14.0, 18.0, 18.0, 5.0, 8.0, 11.0, 15.0, 16.0, 16.0, 13.0, 21.0, 10.0, 18.0, 16.0, 13.0, 9.0, 15.0, 8.0, 14.0, 21.0, 5.0, 13.0, 4.0, 7.0, 8.0, 21.0, 19.0, 16.0, 12.0, 10.0, 19.0, 5.0, 22.0, 6.0, 15.0, 10.0, 18.0, 12.0, 24.0, 16.0, 24.0, 22.0, 15.0, 17.0, 9.0, 21.0, 18.0, 10.0, 15.0, 17.0, 11.0, 13.0, 8.0, 10.0, 16.0, 10.0, 15.0, 9.0, 13.0, 12.0, 19.0, 21.0, 16.0, 13.0], [0.0, 0.0, 0.0, 0.0, 20.0, 20.0, 0.0, 0.0, 0.0, 0.0, 11.0, 13.0, 18.0, 15.0, 19.0, 18.0, 15.0, 17.0, 23.0, 16.0, 16.0, 21.0, 11.0, 12.0, 16.0, 16.0, 15.0, 15.0, 9.0, 12.0, 11.0, 6.0, 13.0, 18.0, 9.0, 17.0, 23.0, 14.0, 11.0, 20.0, 10.0, 6.0, 17.0, 20.0, 12.0, 16.0, 14.0, 18.0, 18.0, 5.0, 8.0, 11.0, 15.0, 16.0, 16.0, 13.0, 21.0, 10.0, 18.0, 16.0, 13.0, 9.0, 15.0, 8.0, 14.0, 21.0, 5.0, 13.0, 4.0, 7.0, 8.0, 21.0, 19.0, 16.0, 12.0, 10.0, 19.0, 5.0, 22.0, 6.0, 15.0, 10.0, 18.0, 12.0, 24.0, 16.0, 24.0, 22.0, 15.0, 17.0, 9.0, 21.0, 18.0, 10.0, 15.0, 17.0, 11.0, 13.0, 8.0, 10.0, 16.0, 10.0, 15.0, 9.0, 13.0, 12.0, 19.0, 21.0, 16.0, 13.0], [0.0, 0.0, 0.0, 0.0, 20.0, 20.0, 0.0, 0.0, 0.0, 0.0, 11.0, 13.0, 18.0, 15.0, 19.0, 18.0, 15.0, 17.0, 23.0, 16.0, 16.0, 21.0, 11.0, 12.0, 16.0, 16.0, 15.0, 15.0, 9.0, 12.0, 11.0, 6.0, 13.0, 18.0, 9.0, 17.0, 23.0, 14.0, 11.0, 20.0, 10.0, 6.0, 17.0, 20.0, 12.0, 16.0, 14.0, 18.0, 18.0, 5.0, 8.0, 11.0, 15.0, 16.0, 16.0, 13.0, 21.0, 10.0, 18.0, 16.0, 13.0, 9.0, 15.0, 8.0, 14.0, 21.0, 5.0, 13.0, 4.0, 7.0, 8.0, 21.0, 19.0, 16.0, 12.0, 10.0, 19.0, 5.0, 22.0, 6.0, 15.0, 10.0, 18.0, 12.0, 24.0, 16.0, 24.0, 22.0, 15.0, 17.0, 9.0, 21.0, 18.0, 10.0, 15.0, 17.0, 11.0, 13.0, 8.0, 10.0, 16.0, 10.0, 15.0, 9.0, 13.0, 12.0, 19.0, 21.0, 16.0, 13.0], [11.0, 11.0, 11.0, 11.0, 16.0, 16.0, 11.0, 11.0, 11.0, 11.0, 0.0, 3.0, 7.0, 5.0, 9.0, 7.0, 7.0, 6.0, 12.0, 6.0, 9.0, 10.0, 8.0, 3.0, 6.0, 10.0, 6.0, 5.0, 8.0, 9.0, 1.0, 7.0, 4.0, 8.0, 2.0, 8.0, 13.0, 11.0, 2.0, 10.0, 6.0, 5.0, 7.0, 11.0, 2.0, 8.0, 8.0, 8.0, 9.0, 8.0, 7.0, 6.0, 6.0, 7.0, 6.0, 5.0, 10.0, 6.0, 9.0, 10.0, 5.0, 3.0, 11.0, 8.0, 4.0, 11.0, 8.0, 8.0, 8.0, 7.0, 5.0, 10.0, 9.0, 9.0, 2.0, 8.0, 9.0, 8.0, 12.0, 7.0, 6.0, 1.0, 8.0, 7.0, 13.0, 5.0, 13.0, 11.0, 4.0, 6.0, 3.0, 10.0, 9.0, 4.0, 5.0, 6.0, 1.0, 4.0, 7.0, 2.0, 6.0, 1.0, 7.0, 8.0, 2.0, 9.0, 9.0, 10.0, 5.0, 5.0], [13.0, 13.0, 13.0, 13.0, 13.0, 13.0, 13.0, 13.0, 13.0, 13.0, 3.0, 0.0, 6.0, 5.0, 6.0, 6.0, 4.0, 6.0, 11.0, 7.0, 6.0, 10.0, 8.0, 1.0, 7.0, 7.0, 7.0, 4.0, 7.0, 7.0, 2.0, 8.0, 5.0, 6.0, 4.0, 5.0, 11.0, 9.0, 2.0, 9.0, 5.0, 7.0, 5.0, 11.0, 3.0, 6.0, 6.0, 8.0, 6.0, 9.0, 7.0, 5.0, 7.0, 4.0, 7.0, 3.0, 8.0, 5.0, 10.0, 8.0, 7.0, 4.0, 9.0, 8.0, 6.0, 11.0, 9.0, 6.0, 9.0, 7.0, 6.0, 9.0, 8.0, 6.0, 3.0, 7.0, 7.0, 9.0, 11.0, 8.0, 7.0, 3.0, 9.0, 5.0, 12.0, 4.0, 12.0, 10.0, 2.0, 4.0, 4.0, 9.0, 10.0, 4.0, 4.0, 4.0, 2.0, 2.0, 7.0, 5.0, 6.0, 2.0, 5.0, 8.0, 3.0, 7.0, 6.0, 9.0, 4.0, 3.0], [18.0, 18.0, 18.0, 18.0, 18.0, 18.0, 18.0, 18.0, 18.0, 18.0, 7.0, 6.0, 0.0, 3.0, 6.0, 1.0, 9.0, 1.0, 5.0, 4.0, 10.0, 4.0, 14.0, 7.0, 3.0, 12.0, 5.0, 3.0, 14.0, 14.0, 7.0, 14.0, 5.0, 2.0, 9.0, 8.0, 6.0, 15.0, 7.0, 3.0, 12.0, 12.0, 3.0, 5.0, 6.0, 10.0, 11.0, 3.0, 9.0, 15.0, 14.0, 11.0, 4.0, 8.0, 3.0, 9.0, 5.0, 11.0, 6.0, 12.0, 6.0, 10.0, 15.0, 14.0, 5.0, 5.0, 15.0, 12.0, 15.0, 14.0, 12.0, 4.0, 2.0, 11.0, 5.0, 13.0, 3.0, 15.0, 5.0, 14.0, 5.0, 8.0, 3.0, 12.0, 6.0, 2.0, 6.0, 5.0, 4.0, 3.0, 10.0, 3.0, 6.0, 10.0, 3.0, 3.0, 7.0, 7.0, 13.0, 8.0, 2.0, 8.0, 10.0, 14.0, 5.0, 14.0, 5.0, 3.0, 3.0, 9.0], [15.0, 15.0, 15.0, 15.0, 17.0, 17.0, 15.0, 15.0, 15.0, 15.0, 5.0, 5.0, 3.0, 0.0, 7.0, 3.0, 8.0, 2.0, 8.0, 3.0, 10.0, 6.0, 12.0, 6.0, 2.0, 12.0, 3.0, 0.0, 12.0, 12.0, 5.0, 12.0, 3.0, 3.0, 7.0, 8.0, 8.0, 13.0, 5.0, 5.0, 10.0, 10.0, 3.0, 6.0, 3.0, 10.0, 10.0, 4.0, 9.0, 12.0, 12.0, 9.0, 2.0, 7.0, 2.0, 8.0, 7.0, 9.0, 5.0, 12.0, 4.0, 7.0, 14.0, 12.0, 3.0, 6.0, 13.0, 10.0, 12.0, 12.0, 10.0, 6.0, 4.0, 10.0, 3.0, 12.0, 5.0, 12.0, 7.0, 12.0, 4.0, 5.0, 4.0, 10.0, 9.0, 2.0, 9.0, 7.0, 3.0, 4.0, 8.0, 5.0, 6.0, 8.0, 0.0, 3.0, 5.0, 6.0, 11.0, 6.0, 2.0, 6.0, 9.0, 12.0, 3.0, 12.0, 6.0, 6.0, 2.0, 7.0], [19.0, 19.0, 19.0, 19.0, 13.0, 13.0, 19.0, 19.0, 19.0, 19.0, 9.0, 6.0, 6.0, 7.0, 0.0, 5.0, 6.0, 6.0, 7.0, 9.0, 6.0, 9.0, 12.0, 7.0, 8.0, 9.0, 10.0, 6.0, 13.0, 11.0, 8.0, 14.0, 9.0, 4.0, 10.0, 4.0, 6.0, 11.0, 8.0, 7.0, 11.0, 14.0, 3.0, 11.0, 8.0, 7.0, 8.0, 9.0, 4.0, 15.0, 13.0, 10.0, 9.0, 4.0, 8.0, 7.0, 2.0, 10.0, 11.0, 8.0, 10.0, 11.0, 11.0, 13.0, 9.0, 9.0, 15.0, 9.0, 15.0, 13.0, 12.0, 4.0, 7.0, 7.0, 8.0, 12.0, 3.0, 15.0, 7.0, 14.0, 10.0, 10.0, 9.0, 10.0, 6.0, 5.0, 7.0, 5.0, 5.0, 3.0, 11.0, 5.0, 11.0, 10.0, 6.0, 3.0, 8.0, 6.0, 13.0, 11.0, 7.0, 9.0, 7.0, 13.0, 8.0, 11.0, 0.0, 6.0, 4.0, 7.0], [18.0, 18.0, 18.0, 18.0, 17.0, 17.0, 18.0, 18.0, 18.0, 18.0, 7.0, 6.0, 1.0, 3.0, 5.0, 0.0, 9.0, 1.0, 5.0, 5.0, 9.0, 5.0, 13.0, 7.0, 4.0, 12.0, 6.0, 3.0, 13.0, 13.0, 7.0, 13.0, 6.0, 1.0, 9.0, 7.0, 6.0, 14.0, 7.0, 3.0, 11.0, 12.0, 2.0, 6.0, 6.0, 9.0, 10.0, 4.0, 8.0, 14.0, 13.0, 10.0, 4.0, 7.0, 4.0, 8.0, 4.0, 11.0, 7.0, 12.0, 7.0, 9.0, 14.0, 14.0, 5.0, 5.0, 15.0, 11.0, 14.0, 13.0, 11.0, 3.0, 2.0, 10.0, 5.0, 13.0, 2.0, 14.0, 5.0, 13.0, 6.0, 8.0, 4.0, 11.0, 6.0, 2.0, 6.0, 5.0, 3.0, 3.0, 10.0, 3.0, 7.0, 9.0, 3.0, 2.0, 7.0, 7.0, 13.0, 8.0, 3.0, 8.0, 9.0, 13.0, 5.0, 13.0, 4.0, 3.0, 2.0, 8.0], [15.0, 15.0, 15.0, 15.0, 9.0, 9.0, 15.0, 15.0, 15.0, 15.0, 7.0, 4.0, 9.0, 8.0, 6.0, 9.0, 0.0, 9.0, 13.0, 11.0, 2.0, 14.0, 6.0, 4.0, 10.0, 3.0, 11.0, 8.0, 7.0, 5.0, 6.0, 9.0, 10.0, 9.0, 6.0, 3.0, 13.0, 5.0, 5.0, 12.0, 5.0, 9.0, 7.0, 15.0, 7.0, 1.0, 2.0, 12.0, 3.0, 10.0, 7.0, 4.0, 11.0, 2.0, 11.0, 2.0, 9.0, 5.0, 14.0, 3.0, 11.0, 7.0, 5.0, 8.0, 10.0, 14.0, 10.0, 3.0, 10.0, 8.0, 7.0, 10.0, 11.0, 2.0, 7.0, 6.0, 8.0, 10.0, 13.0, 9.0, 12.0, 7.0, 12.0, 3.0, 13.0, 8.0, 13.0, 12.0, 6.0, 6.0, 7.0, 11.0, 14.0, 5.0, 8.0, 6.0, 6.0, 3.0, 7.0, 9.0, 10.0, 6.0, 0.0, 7.0, 7.0, 5.0, 6.0, 11.0, 7.0, 2.0], [17.0, 17.0, 17.0, 17.0, 18.0, 18.0, 17.0, 17.0, 17.0, 17.0, 6.0, 6.0, 1.0, 2.0, 6.0, 1.0, 9.0, 0.0, 6.0, 3.0, 10.0, 5.0, 13.0, 7.0, 2.0, 12.0, 4.0, 2.0, 13.0, 13.0, 6.0, 13.0, 4.0, 2.0, 8.0, 8.0, 7.0, 14.0, 7.0, 3.0, 11.0, 12.0, 3.0, 6.0, 5.0, 10.0, 11.0, 3.0, 9.0, 14.0, 13.0, 10.0, 3.0, 7.0, 3.0, 8.0, 6.0, 10.0, 6.0, 12.0, 5.0, 9.0, 14.0, 13.0, 4.0, 5.0, 14.0, 11.0, 14.0, 13.0, 11.0, 4.0, 2.0, 10.0, 5.0, 13.0, 4.0, 14.0, 6.0, 13.0, 5.0, 7.0, 4.0, 11.0, 7.0, 1.0, 7.0, 6.0, 3.0, 3.0, 9.0, 4.0, 6.0, 9.0, 2.0, 3.0, 6.0, 7.0, 13.0, 7.0, 2.0, 7.0, 9.0, 13.0, 4.0, 13.0, 5.0, 4.0, 2.0, 8.0], [23.0, 23.0, 23.0, 23.0, 20.0, 20.0, 23.0, 23.0, 23.0, 23.0, 12.0, 11.0, 5.0, 8.0, 7.0, 5.0, 13.0, 6.0, 0.0, 8.0, 13.0, 5.0, 18.0, 12.0, 7.0, 15.0, 9.0, 8.0, 18.0, 17.0, 12.0, 19.0, 10.0, 5.0, 14.0, 10.0, 1.0, 18.0, 12.0, 3.0, 16.0, 17.0, 6.0, 7.0, 11.0, 13.0, 15.0, 7.0, 11.0, 19.0, 18.0, 15.0, 8.0, 10.0, 8.0, 13.0, 4.0, 16.0, 9.0, 15.0, 11.0, 14.0, 18.0, 19.0, 10.0, 5.0, 20.0, 15.0, 20.0, 18.0, 17.0, 2.0, 4.0, 13.0, 11.0, 17.0, 4.0, 20.0, 1.0, 19.0, 10.0, 13.0, 7.0, 15.0, 2.0, 7.0, 2.0, 1.0, 8.0, 7.0, 15.0, 2.0, 8.0, 14.0, 8.0, 7.0, 12.0, 11.0, 18.0, 13.0, 7.0, 13.0, 13.0, 18.0, 10.0, 17.0, 6.0, 2.0, 7.0, 12.0], [16.0, 16.0, 16.0, 16.0, 20.0, 20.0, 16.0, 16.0, 16.0, 16.0, 6.0, 7.0, 4.0, 3.0, 9.0, 5.0, 11.0, 3.0, 8.0, 0.0, 13.0, 5.0, 15.0, 8.0, 1.0, 15.0, 1.0, 3.0, 14.0, 15.0, 7.0, 13.0, 3.0, 5.0, 9.0, 11.0, 9.0, 16.0, 8.0, 5.0, 12.0, 11.0, 6.0, 4.0, 5.0, 12.0, 13.0, 2.0, 12.0, 14.0, 14.0, 12.0, 1.0, 10.0, 1.0, 10.0, 9.0, 12.0, 3.0, 15.0, 3.0, 9.0, 16.0, 14.0, 3.0, 5.0, 14.0, 13.0, 14.0, 13.0, 12.0, 7.0, 4.0, 13.0, 5.0, 14.0, 7.0, 14.0, 7.0, 13.0, 2.0, 7.0, 2.0, 13.0, 10.0, 4.0, 10.0, 8.0, 6.0, 6.0, 9.0, 6.0, 3.0, 10.0, 3.0, 6.0, 7.0, 9.0, 13.0, 7.0, 2.0, 8.0, 12.0, 14.0, 5.0, 15.0, 9.0, 6.0, 5.0, 10.0], [16.0, 16.0, 16.0, 16.0, 8.0, 8.0, 16.0, 16.0, 16.0, 16.0, 9.0, 6.0, 10.0, 10.0, 6.0, 9.0, 2.0, 10.0, 13.0, 13.0, 0.0, 14.0, 7.0, 5.0, 12.0, 2.0, 13.0, 9.0, 8.0, 5.0, 8.0, 10.0, 11.0, 9.0, 8.0, 2.0, 13.0, 5.0, 7.0, 13.0, 6.0, 11.0, 8.0, 16.0, 9.0, 1.0, 3.0, 13.0, 3.0, 11.0, 9.0, 5.0, 12.0, 3.0, 12.0, 4.0, 9.0, 6.0, 15.0, 2.0, 13.0, 9.0, 5.0, 9.0, 11.0, 15.0, 11.0, 4.0, 12.0, 9.0, 8.0, 11.0, 12.0, 0.0, 9.0, 6.0, 9.0, 11.0, 13.0, 10.0, 13.0, 9.0, 14.0, 5.0, 13.0, 9.0, 13.0, 12.0, 7.0, 7.0, 8.0, 11.0, 15.0, 7.0, 9.0, 7.0, 8.0, 4.0, 8.0, 11.0, 11.0, 8.0, 2.0, 8.0, 9.0, 6.0, 7.0, 12.0, 8.0, 3.0], [21.0, 21.0, 21.0, 21.0, 22.0, 22.0, 21.0, 21.0, 21.0, 21.0, 10.0, 10.0, 4.0, 6.0, 9.0, 5.0, 14.0, 5.0, 5.0, 5.0, 14.0, 0.0, 18.0, 11.0, 4.0, 17.0, 6.0, 6.0, 18.0, 18.0, 11.0, 17.0, 7.0, 5.0, 13.0, 12.0, 6.0, 19.0, 11.0, 2.0, 16.0, 16.0, 7.0, 2.0, 9.0, 14.0, 15.0, 3.0, 13.0, 18.0, 18.0, 15.0, 5.0, 12.0, 5.0, 13.0, 8.0, 15.0, 4.0, 17.0, 8.0, 13.0, 19.0, 18.0, 7.0, 0.0, 19.0, 16.0, 18.0, 17.0, 15.0, 5.0, 3.0, 15.0, 9.0, 17.0, 6.0, 18.0, 4.0, 17.0, 6.0, 11.0, 3.0, 16.0, 6.0, 6.0, 6.0, 5.0, 8.0, 8.0, 13.0, 4.0, 4.0, 14.0, 6.0, 7.0, 11.0, 11.0, 17.0, 11.0, 4.0, 11.0, 14.0, 18.0, 9.0, 18.0, 9.0, 3.0, 7.0, 13.0], [11.0, 11.0, 11.0, 11.0, 10.0, 10.0, 11.0, 11.0, 11.0, 11.0, 8.0, 8.0, 14.0, 12.0, 12.0, 13.0, 6.0, 13.0, 18.0, 15.0, 7.0, 18.0, 0.0, 6.0, 14.0, 5.0, 14.0, 12.0, 2.0, 2.0, 8.0, 5.0, 12.0, 14.0, 6.0, 8.0, 18.0, 4.0, 7.0, 16.0, 3.0, 7.0, 12.0, 19.0, 10.0, 6.0, 4.0, 16.0, 9.0, 6.0, 3.0, 3.0, 14.0, 8.0, 14.0, 5.0, 14.0, 3.0, 17.0, 6.0, 13.0, 7.0, 4.0, 3.0, 12.0, 18.0, 6.0, 3.0, 6.0, 4.0, 4.0, 16.0, 16.0, 7.0, 10.0, 1.0, 14.0, 6.0, 18.0, 5.0, 14.0, 8.0, 16.0, 2.0, 18.0, 12.0, 18.0, 17.0, 10.0, 11.0, 6.0, 16.0, 17.0, 5.0, 12.0, 11.0, 8.0, 7.0, 3.0, 10.0, 14.0, 7.0, 6.0, 1.0, 10.0, 1.0, 12.0, 16.0, 11.0, 5.0], [12.0, 12.0, 12.0, 12.0, 13.0, 13.0, 12.0, 12.0, 12.0, 12.0, 3.0, 1.0, 7.0, 6.0, 7.0, 7.0, 4.0, 7.0, 12.0, 8.0, 5.0, 11.0, 6.0, 0.0, 8.0, 7.0, 8.0, 5.0, 6.0, 6.0, 2.0, 7.0, 6.0, 7.0, 3.0, 5.0, 12.0, 8.0, 2.0, 10.0, 4.0, 7.0, 6.0, 12.0, 4.0, 5.0, 5.0, 9.0, 6.0, 8.0, 7.0, 4.0, 8.0, 4.0, 8.0, 2.0, 9.0, 4.0, 11.0, 7.0, 7.0, 4.0, 8.0, 7.0, 6.0, 12.0, 8.0, 5.0, 8.0, 7.0, 5.0, 10.0, 9.0, 6.0, 4.0, 6.0, 8.0, 8.0, 12.0, 7.0, 8.0, 4.0, 10.0, 4.0, 12.0, 5.0, 13.0, 11.0, 3.0, 5.0, 4.0, 10.0, 11.0, 3.0, 5.0, 5.0, 2.0, 1.0, 6.0, 5.0, 7.0, 2.0, 4.0, 7.0, 4.0, 6.0, 7.0, 10.0, 5.0, 2.0], [16.0, 16.0, 16.0, 16.0, 19.0, 19.0, 16.0, 16.0, 16.0, 16.0, 6.0, 7.0, 3.0, 2.0, 8.0, 4.0, 10.0, 2.0, 7.0, 1.0, 12.0, 4.0, 14.0, 8.0, 0.0, 14.0, 2.0, 2.0, 13.0, 14.0, 6.0, 13.0, 3.0, 4.0, 8.0, 10.0, 8.0, 15.0, 7.0, 4.0, 12.0, 11.0, 5.0, 5.0, 5.0, 11.0, 12.0, 2.0, 11.0, 14.0, 13.0, 11.0, 1.0, 9.0, 0.0, 10.0, 8.0, 11.0, 4.0, 14.0, 4.0, 9.0, 16.0, 14.0, 3.0, 5.0, 14.0, 12.0, 14.0, 13.0, 11.0, 6.0, 3.0, 12.0, 4.0, 13.0, 6.0, 14.0, 7.0, 13.0, 2.0, 7.0, 2.0, 12.0, 9.0, 3.0, 9.0, 7.0, 5.0, 5.0, 9.0, 5.0, 4.0, 9.0, 2.0, 5.0, 6.0, 8.0, 13.0, 7.0, 0.0, 7.0, 11.0, 14.0, 4.0, 14.0, 8.0, 5.0, 4.0, 9.0], [16.0, 16.0, 16.0, 16.0, 6.0, 6.0, 16.0, 16.0, 16.0, 16.0, 10.0, 7.0, 12.0, 12.0, 9.0, 12.0, 3.0, 12.0, 15.0, 15.0, 2.0, 17.0, 5.0, 7.0, 14.0, 0.0, 15.0, 11.0, 7.0, 4.0, 9.0, 10.0, 13.0, 12.0, 9.0, 5.0, 15.0, 3.0, 8.0, 15.0, 6.0, 11.0, 10.0, 18.0, 10.0, 2.0, 2.0, 15.0, 5.0, 11.0, 8.0, 5.0, 14.0, 5.0, 14.0, 4.0, 11.0, 6.0, 17.0, 0.0, 14.0, 9.0, 3.0, 8.0, 13.0, 17.0, 11.0, 3.0, 11.0, 9.0, 8.0, 13.0, 14.0, 2.0, 10.0, 5.0, 11.0, 11.0, 16.0, 10.0, 15.0, 10.0, 16.0, 4.0, 15.0, 11.0, 15.0, 14.0, 9.0, 9.0, 9.0, 13.0, 17.0, 7.0, 11.0, 9.0, 9.0, 6.0, 8.0, 12.0, 13.0, 9.0, 3.0, 7.0, 10.0, 4.0, 9.0, 14.0, 10.0, 5.0], [15.0, 15.0, 15.0, 15.0, 21.0, 21.0, 15.0, 15.0, 15.0, 15.0, 6.0, 7.0, 5.0, 3.0, 10.0, 6.0, 11.0, 4.0, 9.0, 1.0, 13.0, 6.0, 14.0, 8.0, 2.0, 15.0, 0.0, 4.0, 13.0, 14.0, 6.0, 12.0, 2.0, 6.0, 8.0, 11.0, 10.0, 16.0, 7.0, 6.0, 12.0, 10.0, 7.0, 5.0, 5.0, 13.0, 13.0, 3.0, 12.0, 13.0, 13.0, 11.0, 1.0, 11.0, 2.0, 10.0, 10.0, 11.0, 3.0, 15.0, 2.0, 8.0, 16.0, 14.0, 2.0, 6.0, 13.0, 13.0, 13.0, 13.0, 11.0, 8.0, 5.0, 13.0, 4.0, 14.0, 8.0, 13.0, 9.0, 12.0, 0.0, 6.0, 3.0, 12.0, 11.0, 5.0, 11.0, 9.0, 6.0, 7.0, 9.0, 8.0, 3.0, 9.0, 4.0, 7.0, 6.0, 9.0, 13.0, 6.0, 3.0, 7.0, 12.0, 14.0, 5.0, 14.0, 10.0, 7.0, 5.0, 10.0], [15.0, 15.0, 15.0, 15.0, 17.0, 17.0, 15.0, 15.0, 15.0, 15.0, 5.0, 4.0, 3.0, 0.0, 6.0, 3.0, 8.0, 2.0, 8.0, 3.0, 9.0, 6.0, 12.0, 5.0, 2.0, 11.0, 4.0, 0.0, 12.0, 12.0, 5.0, 11.0, 3.0, 3.0, 7.0, 8.0, 8.0, 13.0, 5.0, 5.0, 10.0, 10.0, 3.0, 7.0, 3.0, 9.0, 10.0, 4.0, 9.0, 12.0, 12.0, 9.0, 3.0, 7.0, 2.0, 7.0, 7.0, 9.0, 6.0, 11.0, 4.0, 7.0, 13.0, 12.0, 3.0, 6.0, 13.0, 10.0, 12.0, 11.0, 9.0, 6.0, 4.0, 10.0, 3.0, 11.0, 5.0, 12.0, 7.0, 11.0, 4.0, 5.0, 4.0, 10.0, 9.0, 1.0, 9.0, 7.0, 3.0, 3.0, 7.0, 5.0, 6.0, 8.0, 0.0, 3.0, 5.0, 6.0, 11.0, 6.0, 2.0, 5.0, 9.0, 12.0, 3.0, 12.0, 6.0, 6.0, 2.0, 7.0], [9.0, 9.0, 9.0, 9.0, 12.0, 12.0, 9.0, 9.0, 9.0, 9.0, 8.0, 7.0, 14.0, 12.0, 13.0, 13.0, 7.0, 13.0, 18.0, 14.0, 8.0, 18.0, 2.0, 6.0, 13.0, 7.0, 13.0, 12.0, 0.0, 4.0, 7.0, 3.0, 11.0, 14.0, 5.0, 9.0, 18.0, 6.0, 6.0, 16.0, 2.0, 5.0, 12.0, 18.0, 9.0, 7.0, 5.0, 15.0, 10.0, 4.0, 1.0, 3.0, 13.0, 9.0, 13.0, 6.0, 15.0, 3.0, 17.0, 8.0, 12.0, 5.0, 6.0, 1.0, 12.0, 18.0, 4.0, 4.0, 4.0, 2.0, 3.0, 16.0, 15.0, 8.0, 9.0, 2.0, 14.0, 4.0, 18.0, 3.0, 13.0, 7.0, 16.0, 3.0, 19.0, 12.0, 19.0, 17.0, 10.0, 11.0, 5.0, 16.0, 17.0, 4.0, 11.0, 11.0, 7.0, 7.0, 1.0, 8.0, 13.0, 6.0, 7.0, 1.0, 9.0, 3.0, 13.0, 16.0, 11.0, 6.0], [12.0, 12.0, 12.0, 12.0, 8.0, 8.0, 12.0, 12.0, 12.0, 12.0, 9.0, 7.0, 14.0, 12.0, 11.0, 13.0, 5.0, 13.0, 17.0, 15.0, 5.0, 18.0, 2.0, 6.0, 14.0, 4.0, 14.0, 12.0, 4.0, 0.0, 8.0, 6.0, 13.0, 13.0, 7.0, 7.0, 17.0, 2.0, 7.0, 16.0, 4.0, 8.0, 11.0, 19.0, 10.0, 5.0, 3.0, 16.0, 8.0, 7.0, 5.0, 3.0, 14.0, 7.0, 14.0, 4.0, 13.0, 4.0, 17.0, 4.0, 14.0, 8.0, 2.0, 5.0, 13.0, 18.0, 8.0, 2.0, 8.0, 6.0, 6.0, 15.0, 15.0, 5.0, 10.0, 2.0, 13.0, 8.0, 17.0, 7.0, 15.0, 9.0, 16.0, 2.0, 17.0, 12.0, 18.0, 16.0, 9.0, 10.0, 7.0, 15.0, 18.0, 6.0, 12.0, 11.0, 8.0, 6.0, 4.0, 10.0, 14.0, 8.0, 4.0, 3.0, 10.0, 1.0, 11.0, 16.0, 11.0, 5.0], [11.0, 11.0, 11.0, 11.0, 15.0, 15.0, 11.0, 11.0, 11.0, 11.0, 1.0, 2.0, 7.0, 5.0, 8.0, 7.0, 6.0, 6.0, 12.0, 7.0, 8.0, 11.0, 8.0, 2.0, 6.0, 9.0, 6.0, 5.0, 7.0, 8.0, 0.0, 7.0, 4.0, 7.0, 2.0, 7.0, 12.0, 10.0, 1.0, 10.0, 5.0, 6.0, 6.0, 11.0, 2.0, 7.0, 7.0, 8.0, 8.0, 8.0, 7.0, 5.0, 6.0, 6.0, 6.0, 5.0, 10.0, 5.0, 9.0, 9.0, 5.0, 3.0, 10.0, 7.0, 5.0, 11.0, 8.0, 7.0, 8.0, 7.0, 5.0, 10.0, 9.0, 8.0, 2.0, 7.0, 8.0, 8.0, 12.0, 7.0, 7.0, 1.0, 9.0, 6.0, 13.0, 5.0, 13.0, 11.0, 4.0, 6.0, 3.0, 10.0, 10.0, 3.0, 5.0, 6.0, 0.0, 3.0, 7.0, 3.0, 6.0, 1.0, 6.0, 7.0, 2.0, 8.0, 8.0, 10.0, 5.0, 4.0], [6.0, 6.0, 6.0, 6.0, 14.0, 14.0, 6.0, 6.0, 6.0, 6.0, 7.0, 8.0, 14.0, 12.0, 14.0, 13.0, 9.0, 13.0, 19.0, 13.0, 10.0, 17.0, 5.0, 7.0, 13.0, 10.0, 12.0, 11.0, 3.0, 6.0, 7.0, 0.0, 10.0, 14.0, 5.0, 11.0, 19.0, 8.0, 6.0, 16.0, 3.0, 3.0, 13.0, 18.0, 8.0, 9.0, 7.0, 15.0, 12.0, 1.0, 2.0, 5.0, 13.0, 10.0, 13.0, 7.0, 16.0, 4.0, 16.0, 10.0, 11.0, 4.0, 9.0, 2.0, 11.0, 18.0, 2.0, 7.0, 2.0, 1.0, 2.0, 16.0, 15.0, 10.0, 9.0, 4.0, 15.0, 1.0, 18.0, 0.0, 13.0, 6.0, 15.0, 5.0, 19.0, 12.0, 19.0, 18.0, 10.0, 12.0, 4.0, 16.0, 16.0, 4.0, 11.0, 12.0, 7.0, 8.0, 2.0, 7.0, 13.0, 6.0, 9.0, 3.0, 9.0, 5.0, 14.0, 17.0, 11.0, 7.0], [13.0, 13.0, 13.0, 13.0, 19.0, 19.0, 13.0, 13.0, 13.0, 13.0, 4.0, 5.0, 5.0, 3.0, 9.0, 6.0, 10.0, 4.0, 10.0, 3.0, 11.0, 7.0, 12.0, 6.0, 3.0, 13.0, 2.0, 3.0, 11.0, 13.0, 4.0, 10.0, 0.0, 6.0, 6.0, 10.0, 11.0, 14.0, 5.0, 7.0, 10.0, 8.0, 6.0, 7.0, 3.0, 11.0, 11.0, 4.0, 11.0, 11.0, 11.0, 10.0, 2.0, 9.0, 3.0, 9.0, 10.0, 9.0, 5.0, 13.0, 1.0, 6.0, 14.0, 12.0, 0.0, 8.0, 12.0, 11.0, 11.0, 11.0, 9.0, 9.0, 6.0, 12.0, 3.0, 12.0, 8.0, 11.0, 10.0, 10.0, 2.0, 4.0, 5.0, 10.0, 11.0, 4.0, 12.0, 10.0, 5.0, 6.0, 7.0, 8.0, 5.0, 7.0, 3.0, 6.0, 4.0, 7.0, 11.0, 4.0, 3.0, 5.0, 10.0, 12.0, 3.0, 12.0, 9.0, 8.0, 5.0, 8.0], [18.0, 18.0, 18.0, 18.0, 17.0, 17.0, 18.0, 18.0, 18.0, 18.0, 8.0, 6.0, 2.0, 3.0, 4.0, 1.0, 9.0, 2.0, 5.0, 5.0, 9.0, 5.0, 14.0, 7.0, 4.0, 12.0, 6.0, 3.0, 14.0, 13.0, 7.0, 14.0, 6.0, 0.0, 9.0, 7.0, 5.0, 14.0, 8.0, 3.0, 12.0, 13.0, 2.0, 7.0, 6.0, 9.0, 11.0, 5.0, 8.0, 15.0, 14.0, 11.0, 5.0, 7.0, 5.0, 9.0, 4.0, 11.0, 7.0, 12.0, 7.0, 10.0, 14.0, 14.0, 6.0, 6.0, 15.0, 11.0, 15.0, 14.0, 12.0, 3.0, 3.0, 10.0, 6.0, 13.0, 2.0, 15.0, 4.0, 14.0, 7.0, 8.0, 5.0, 11.0, 5.0, 2.0, 6.0, 4.0, 4.0, 3.0, 10.0, 2.0, 7.0, 10.0, 3.0, 3.0, 7.0, 7.0, 13.0, 9.0, 4.0, 8.0, 9.0, 14.0, 6.0, 13.0, 4.0, 3.0, 3.0, 8.0], [9.0, 9.0, 9.0, 9.0, 15.0, 15.0, 9.0, 9.0, 9.0, 9.0, 2.0, 4.0, 9.0, 7.0, 10.0, 9.0, 6.0, 8.0, 14.0, 9.0, 8.0, 13.0, 6.0, 3.0, 8.0, 9.0, 8.0, 7.0, 5.0, 7.0, 2.0, 5.0, 6.0, 9.0, 0.0, 8.0, 14.0, 9.0, 2.0, 12.0, 4.0, 4.0, 8.0, 13.0, 4.0, 8.0, 7.0, 10.0, 9.0, 5.0, 5.0, 4.0, 8.0, 7.0, 8.0, 5.0, 12.0, 4.0, 11.0, 9.0, 7.0, 1.0, 9.0, 6.0, 6.0, 13.0, 6.0, 6.0, 6.0, 5.0, 3.0, 12.0, 11.0, 8.0, 4.0, 6.0, 10.0, 6.0, 14.0, 5.0, 8.0, 2.0, 11.0, 5.0, 15.0, 7.0, 15.0, 13.0, 6.0, 8.0, 1.0, 12.0, 11.0, 2.0, 7.0, 8.0, 2.0, 4.0, 5.0, 3.0, 8.0, 1.0, 7.0, 6.0, 4.0, 7.0, 10.0, 12.0, 7.0, 5.0], [17.0, 17.0, 17.0, 17.0, 10.0, 10.0, 17.0, 17.0, 17.0, 17.0, 8.0, 5.0, 8.0, 8.0, 4.0, 7.0, 3.0, 8.0, 10.0, 11.0, 2.0, 12.0, 8.0, 5.0, 10.0, 5.0, 11.0, 8.0, 9.0, 7.0, 7.0, 11.0, 10.0, 7.0, 8.0, 0.0, 10.0, 7.0, 7.0, 10.0, 7.0, 11.0, 6.0, 14.0, 8.0, 3.0, 5.0, 11.0, 1.0, 12.0, 10.0, 6.0, 10.0, 1.0, 10.0, 4.0, 7.0, 7.0, 13.0, 5.0, 11.0, 9.0, 7.0, 10.0, 10.0, 13.0, 12.0, 5.0, 12.0, 10.0, 9.0, 8.0, 10.0, 3.0, 8.0, 8.0, 6.0, 12.0, 11.0, 11.0, 11.0, 8.0, 11.0, 6.0, 10.0, 7.0, 11.0, 9.0, 5.0, 5.0, 8.0, 9.0, 13.0, 7.0, 7.0, 5.0, 7.0, 4.0, 9.0, 10.0, 9.0, 7.0, 3.0, 9.0, 7.0, 8.0, 4.0, 10.0, 6.0, 4.0], [23.0, 23.0, 23.0, 23.0, 19.0, 19.0, 23.0, 23.0, 23.0, 23.0, 13.0, 11.0, 6.0, 8.0, 6.0, 6.0, 13.0, 7.0, 1.0, 9.0, 13.0, 6.0, 18.0, 12.0, 8.0, 15.0, 10.0, 8.0, 18.0, 17.0, 12.0, 19.0, 11.0, 5.0, 14.0, 10.0, 0.0, 18.0, 13.0, 4.0, 16.0, 18.0, 6.0, 8.0, 11.0, 13.0, 15.0, 8.0, 10.0, 20.0, 19.0, 15.0, 9.0, 10.0, 8.0, 13.0, 4.0, 16.0, 9.0, 15.0, 12.0, 15.0, 18.0, 19.0, 11.0, 6.0, 20.0, 15.0, 20.0, 19.0, 17.0, 3.0, 5.0, 13.0, 11.0, 18.0, 4.0, 20.0, 2.0, 19.0, 10.0, 13.0, 7.0, 16.0, 1.0, 7.0, 1.0, 1.0, 9.0, 7.0, 15.0, 3.0, 9.0, 15.0, 8.0, 7.0, 12.0, 11.0, 18.0, 14.0, 8.0, 13.0, 13.0, 18.0, 11.0, 18.0, 6.0, 3.0, 8.0, 13.0], [14.0, 14.0, 14.0, 14.0, 6.0, 6.0, 14.0, 14.0, 14.0, 14.0, 11.0, 9.0, 15.0, 13.0, 11.0, 14.0, 5.0, 14.0, 18.0, 16.0, 5.0, 19.0, 4.0, 8.0, 15.0, 3.0, 16.0, 13.0, 6.0, 2.0, 10.0, 8.0, 14.0, 14.0, 9.0, 7.0, 18.0, 0.0, 9.0, 17.0, 6.0, 10.0, 12.0, 20.0, 12.0, 5.0, 3.0, 17.0, 8.0, 9.0, 7.0, 5.0, 16.0, 7.0, 16.0, 6.0, 14.0, 6.0, 19.0, 3.0, 15.0, 10.0, 0.0, 6.0, 14.0, 19.0, 9.0, 3.0, 10.0, 8.0, 8.0, 16.0, 16.0, 5.0, 12.0, 4.0, 14.0, 10.0, 18.0, 9.0, 16.0, 11.0, 17.0, 4.0, 18.0, 13.0, 18.0, 17.0, 11.0, 11.0, 9.0, 16.0, 19.0, 8.0, 13.0, 11.0, 10.0, 8.0, 6.0, 12.0, 15.0, 9.0, 5.0, 5.0, 11.0, 3.0, 11.0, 17.0, 12.0, 6.0], [11.0, 11.0, 11.0, 11.0, 14.0, 14.0, 11.0, 11.0, 11.0, 11.0, 2.0, 2.0, 7.0, 5.0, 8.0, 7.0, 5.0, 7.0, 12.0, 8.0, 7.0, 11.0, 7.0, 2.0, 7.0, 8.0, 7.0, 5.0, 6.0, 7.0, 1.0, 6.0, 5.0, 8.0, 2.0, 7.0, 13.0, 9.0, 0.0, 10.0, 5.0, 5.0, 6.0, 12.0, 2.0, 7.0, 6.0, 9.0, 8.0, 7.0, 6.0, 4.0, 7.0, 6.0, 7.0, 4.0, 10.0, 4.0, 10.0, 9.0, 6.0, 2.0, 9.0, 7.0, 5.0, 11.0, 8.0, 6.0, 7.0, 6.0, 4.0, 10.0, 9.0, 7.0, 3.0, 7.0, 8.0, 7.0, 12.0, 6.0, 7.0, 2.0, 9.0, 5.0, 13.0, 5.0, 13.0, 11.0, 4.0, 6.0, 3.0, 10.0, 10.0, 2.0, 5.0, 6.0, 1.0, 3.0, 6.0, 3.0, 7.0, 1.0, 6.0, 7.0, 3.0, 7.0, 8.0, 10.0, 5.0, 4.0], [20.0, 20.0, 20.0, 20.0, 20.0, 20.0, 20.0, 20.0, 20.0, 20.0, 10.0, 9.0, 3.0, 5.0, 7.0, 3.0, 12.0, 3.0, 3.0, 5.0, 13.0, 2.0, 16.0, 10.0, 4.0, 15.0, 6.0, 5.0, 16.0, 16.0, 10.0, 16.0, 7.0, 3.0, 12.0, 10.0, 4.0, 17.0, 10.0, 0.0, 14.0, 15.0, 5.0, 4.0, 8.0, 12.0, 14.0, 4.0, 11.0, 17.0, 16.0, 14.0, 5.0, 10.0, 4.0, 12.0, 6.0, 14.0, 5.0, 15.0, 8.0, 12.0, 17.0, 17.0, 7.0, 3.0, 18.0, 14.0, 17.0, 16.0, 14.0, 3.0, 1.0, 13.0, 8.0, 16.0, 4.0, 17.0, 3.0, 16.0, 6.0, 10.0, 3.0, 14.0, 5.0, 5.0, 5.0, 4.0, 7.0, 6.0, 12.0, 2.0, 5.0, 12.0, 5.0, 6.0, 10.0, 10.0, 16.0, 10.0, 4.0, 10.0, 12.0, 17.0, 8.0, 16.0, 7.0, 2.0, 5.0, 11.0], [10.0, 10.0, 10.0, 10.0, 11.0, 11.0, 10.0, 10.0, 10.0, 10.0, 6.0, 5.0, 12.0, 10.0, 11.0, 11.0, 5.0, 11.0, 16.0, 12.0, 6.0, 16.0, 3.0, 4.0, 12.0, 6.0, 12.0, 10.0, 2.0, 4.0, 5.0, 3.0, 10.0, 12.0, 4.0, 7.0, 16.0, 6.0, 5.0, 14.0, 0.0, 5.0, 10.0, 16.0, 7.0, 6.0, 4.0, 13.0, 9.0, 5.0, 2.0, 1.0, 11.0, 7.0, 12.0, 4.0, 13.0, 1.0, 15.0, 7.0, 11.0, 4.0, 6.0, 3.0, 10.0, 16.0, 5.0, 3.0, 5.0, 3.0, 2.0, 14.0, 13.0, 7.0, 7.0, 2.0, 12.0, 5.0, 16.0, 4.0, 12.0, 6.0, 14.0, 2.0, 17.0, 10.0, 17.0, 15.0, 8.0, 9.0, 3.0, 14.0, 15.0, 2.0, 10.0, 9.0, 5.0, 5.0, 2.0, 7.0, 11.0, 5.0, 5.0, 2.0, 7.0, 3.0, 11.0, 15.0, 9.0, 4.0], [6.0, 6.0, 6.0, 6.0, 16.0, 16.0, 6.0, 6.0, 6.0, 6.0, 5.0, 7.0, 12.0, 10.0, 14.0, 12.0, 9.0, 12.0, 17.0, 11.0, 11.0, 16.0, 7.0, 7.0, 11.0, 11.0, 10.0, 10.0, 5.0, 8.0, 6.0, 3.0, 8.0, 13.0, 4.0, 11.0, 18.0, 10.0, 5.0, 15.0, 5.0, 0.0, 12.0, 16.0, 7.0, 10.0, 9.0, 13.0, 12.0, 3.0, 4.0, 6.0, 11.0, 11.0, 11.0, 8.0, 15.0, 5.0, 14.0, 11.0, 9.0, 3.0, 11.0, 5.0, 9.0, 16.0, 3.0, 8.0, 2.0, 3.0, 3.0, 15.0, 14.0, 11.0, 7.0, 6.0, 14.0, 3.0, 17.0, 2.0, 10.0, 5.0, 13.0, 7.0, 18.0, 11.0, 18.0, 17.0, 9.0, 11.0, 3.0, 15.0, 14.0, 4.0, 10.0, 11.0, 6.0, 8.0, 4.0, 5.0, 11.0, 5.0, 9.0, 6.0, 7.0, 7.0, 13.0, 16.0, 10.0, 8.0], [17.0, 17.0, 17.0, 17.0, 15.0, 15.0, 17.0, 17.0, 17.0, 17.0, 7.0, 5.0, 3.0, 3.0, 3.0, 2.0, 7.0, 3.0, 6.0, 6.0, 8.0, 7.0, 12.0, 6.0, 5.0, 10.0, 7.0, 3.0, 12.0, 11.0, 6.0, 13.0, 6.0, 2.0, 8.0, 6.0, 6.0, 12.0, 6.0, 5.0, 10.0, 12.0, 0.0, 8.0, 6.0, 8.0, 9.0, 6.0, 6.0, 14.0, 12.0, 9.0, 6.0, 5.0, 5.0, 7.0, 4.0, 10.0, 8.0, 10.0, 7.0, 9.0, 12.0, 13.0, 6.0, 7.0, 14.0, 10.0, 14.0, 12.0, 11.0, 4.0, 4.0, 8.0, 5.0, 12.0, 2.0, 14.0, 6.0, 13.0, 7.0, 7.0, 6.0, 10.0, 7.0, 2.0, 7.0, 5.0, 3.0, 1.0, 9.0, 4.0, 8.0, 9.0, 3.0, 1.0, 6.0, 5.0, 12.0, 8.0, 4.0, 7.0, 7.0, 12.0, 5.0, 12.0, 3.0, 4.0, 2.0, 7.0], [20.0, 20.0, 20.0, 20.0, 23.0, 23.0, 20.0, 20.0, 20.0, 20.0, 11.0, 11.0, 5.0, 6.0, 11.0, 6.0, 15.0, 6.0, 7.0, 4.0, 16.0, 2.0, 19.0, 12.0, 5.0, 18.0, 5.0, 7.0, 18.0, 19.0, 11.0, 18.0, 7.0, 7.0, 13.0, 14.0, 8.0, 20.0, 12.0, 4.0, 16.0, 16.0, 8.0, 0.0, 9.0, 16.0, 16.0, 3.0, 14.0, 18.0, 18.0, 16.0, 5.0, 13.0, 5.0, 14.0, 9.0, 16.0, 3.0, 18.0, 7.0, 13.0, 20.0, 18.0, 7.0, 2.0, 19.0, 17.0, 18.0, 18.0, 16.0, 7.0, 4.0, 16.0, 9.0, 18.0, 8.0, 18.0, 6.0, 18.0, 5.0, 11.0, 2.0, 16.0, 8.0, 7.0, 8.0, 7.0, 9.0, 9.0, 14.0, 6.0, 2.0, 14.0, 7.0, 9.0, 11.0, 12.0, 18.0, 11.0, 5.0, 12.0, 15.0, 18.0, 9.0, 18.0, 10.0, 5.0, 8.0, 14.0], [12.0, 12.0, 12.0, 12.0, 16.0, 16.0, 12.0, 12.0, 12.0, 12.0, 2.0, 3.0, 6.0, 3.0, 8.0, 6.0, 7.0, 5.0, 11.0, 5.0, 9.0, 9.0, 10.0, 4.0, 5.0, 10.0, 5.0, 3.0, 9.0, 10.0, 2.0, 8.0, 3.0, 6.0, 4.0, 8.0, 11.0, 12.0, 2.0, 8.0, 7.0, 7.0, 6.0, 9.0, 0.0, 9.0, 8.0, 6.0, 9.0, 9.0, 9.0, 7.0, 4.0, 7.0, 5.0, 6.0, 9.0, 7.0, 8.0, 11.0, 4.0, 4.0, 12.0, 9.0, 3.0, 9.0, 10.0, 8.0, 9.0, 8.0, 7.0, 9.0, 7.0, 9.0, 0.0, 9.0, 8.0, 9.0, 10.0, 8.0, 5.0, 2.0, 7.0, 8.0, 12.0, 4.0, 12.0, 10.0, 3.0, 5.0, 4.0, 8.0, 8.0, 5.0, 3.0, 5.0, 2.0, 5.0, 8.0, 3.0, 4.0, 3.0, 8.0, 9.0, 0.0, 10.0, 8.0, 9.0, 4.0, 6.0], [16.0, 16.0, 16.0, 16.0, 8.0, 8.0, 16.0, 16.0, 16.0, 16.0, 8.0, 6.0, 10.0, 10.0, 7.0, 9.0, 1.0, 10.0, 13.0, 12.0, 1.0, 14.0, 6.0, 5.0, 11.0, 2.0, 13.0, 9.0, 7.0, 5.0, 7.0, 9.0, 11.0, 9.0, 8.0, 3.0, 13.0, 5.0, 7.0, 12.0, 6.0, 10.0, 8.0, 16.0, 9.0, 0.0, 2.0, 13.0, 3.0, 11.0, 8.0, 5.0, 12.0, 3.0, 12.0, 3.0, 9.0, 6.0, 15.0, 2.0, 12.0, 8.0, 5.0, 8.0, 11.0, 15.0, 11.0, 3.0, 11.0, 9.0, 8.0, 11.0, 12.0, 1.0, 8.0, 6.0, 9.0, 11.0, 13.0, 10.0, 13.0, 9.0, 13.0, 4.0, 13.0, 8.0, 13.0, 12.0, 7.0, 7.0, 8.0, 11.0, 15.0, 6.0, 9.0, 7.0, 7.0, 4.0, 8.0, 10.0, 11.0, 7.0, 1.0, 7.0, 8.0, 5.0, 7.0, 12.0, 8.0, 3.0], [14.0, 14.0, 14.0, 14.0, 8.0, 8.0, 14.0, 14.0, 14.0, 14.0, 8.0, 6.0, 11.0, 10.0, 8.0, 10.0, 2.0, 11.0, 15.0, 13.0, 3.0, 15.0, 4.0, 5.0, 12.0, 2.0, 13.0, 10.0, 5.0, 3.0, 7.0, 7.0, 11.0, 11.0, 7.0, 5.0, 15.0, 3.0, 6.0, 14.0, 4.0, 9.0, 9.0, 16.0, 8.0, 2.0, 0.0, 14.0, 5.0, 9.0, 6.0, 3.0, 12.0, 4.0, 12.0, 2.0, 11.0, 4.0, 16.0, 3.0, 12.0, 7.0, 3.0, 6.0, 11.0, 16.0, 9.0, 1.0, 9.0, 7.0, 6.0, 12.0, 13.0, 3.0, 8.0, 4.0, 10.0, 9.0, 15.0, 8.0, 13.0, 8.0, 14.0, 2.0, 15.0, 9.0, 15.0, 14.0, 7.0, 8.0, 7.0, 13.0, 16.0, 5.0, 10.0, 8.0, 7.0, 4.0, 6.0, 10.0, 12.0, 7.0, 2.0, 5.0, 8.0, 3.0, 8.0, 13.0, 9.0, 3.0], [18.0, 18.0, 18.0, 18.0, 21.0, 21.0, 18.0, 18.0, 18.0, 18.0, 8.0, 8.0, 3.0, 4.0, 9.0, 4.0, 12.0, 3.0, 7.0, 2.0, 13.0, 3.0, 16.0, 9.0, 2.0, 15.0, 3.0, 4.0, 15.0, 16.0, 8.0, 15.0, 4.0, 5.0, 10.0, 11.0, 8.0, 17.0, 9.0, 4.0, 13.0, 13.0, 6.0, 3.0, 6.0, 13.0, 14.0, 0.0, 12.0, 15.0, 15.0, 13.0, 2.0, 11.0, 2.0, 11.0, 8.0, 13.0, 2.0, 15.0, 5.0, 10.0, 17.0, 16.0, 4.0, 3.0, 16.0, 14.0, 15.0, 15.0, 13.0, 6.0, 3.0, 14.0, 6.0, 15.0, 7.0, 15.0, 6.0, 15.0, 3.0, 8.0, 0.0, 14.0, 9.0, 5.0, 8.0, 7.0, 7.0, 7.0, 11.0, 5.0, 2.0, 11.0, 4.0, 6.0, 8.0, 10.0, 15.0, 8.0, 2.0, 9.0, 13.0, 16.0, 6.0, 16.0, 9.0, 5.0, 5.0, 11.0], [18.0, 18.0, 18.0, 18.0, 9.0, 9.0, 18.0, 18.0, 18.0, 18.0, 9.0, 6.0, 9.0, 9.0, 4.0, 8.0, 3.0, 9.0, 11.0, 12.0, 3.0, 13.0, 9.0, 6.0, 11.0, 5.0, 12.0, 9.0, 10.0, 8.0, 8.0, 12.0, 11.0, 8.0, 9.0, 1.0, 10.0, 8.0, 8.0, 11.0, 9.0, 12.0, 6.0, 14.0, 9.0, 3.0, 5.0, 12.0, 0.0, 13.0, 11.0, 7.0, 11.0, 2.0, 11.0, 5.0, 6.0, 8.0, 14.0, 5.0, 12.0, 10.0, 8.0, 11.0, 11.0, 13.0, 14.0, 6.0, 14.0, 11.0, 10.0, 8.0, 10.0, 3.0, 9.0, 9.0, 7.0, 13.0, 11.0, 12.0, 12.0, 10.0, 12.0, 7.0, 10.0, 7.0, 11.0, 10.0, 6.0, 5.0, 10.0, 9.0, 14.0, 8.0, 8.0, 6.0, 8.0, 5.0, 10.0, 11.0, 10.0, 9.0, 4.0, 10.0, 9.0, 8.0, 4.0, 10.0, 7.0, 5.0], [5.0, 5.0, 5.0, 5.0, 15.0, 15.0, 5.0, 5.0, 5.0, 5.0, 8.0, 9.0, 15.0, 12.0, 15.0, 14.0, 10.0, 14.0, 19.0, 14.0, 11.0, 18.0, 6.0, 8.0, 14.0, 11.0, 13.0, 12.0, 4.0, 7.0, 8.0, 1.0, 11.0, 15.0, 5.0, 12.0, 20.0, 9.0, 7.0, 17.0, 5.0, 3.0, 14.0, 18.0, 9.0, 11.0, 9.0, 15.0, 13.0, 0.0, 3.0, 6.0, 13.0, 12.0, 14.0, 8.0, 17.0, 5.0, 16.0, 11.0, 11.0, 5.0, 10.0, 3.0, 11.0, 18.0, 1.0, 8.0, 1.0, 2.0, 3.0, 17.0, 16.0, 11.0, 9.0, 5.0, 16.0, 0.0, 19.0, 1.0, 13.0, 7.0, 16.0, 7.0, 20.0, 13.0, 20.0, 19.0, 11.0, 13.0, 5.0, 17.0, 16.0, 5.0, 12.0, 13.0, 8.0, 9.0, 3.0, 7.0, 14.0, 7.0, 10.0, 4.0, 9.0, 7.0, 15.0, 18.0, 12.0, 8.0], [8.0, 8.0, 8.0, 8.0, 13.0, 13.0, 8.0, 8.0, 8.0, 8.0, 7.0, 7.0, 14.0, 12.0, 13.0, 13.0, 7.0, 13.0, 18.0, 14.0, 9.0, 18.0, 3.0, 7.0, 13.0, 8.0, 13.0, 12.0, 1.0, 5.0, 7.0, 2.0, 11.0, 14.0, 5.0, 10.0, 19.0, 7.0, 6.0, 16.0, 2.0, 4.0, 12.0, 18.0, 9.0, 8.0, 6.0, 15.0, 11.0, 3.0, 0.0, 4.0, 13.0, 9.0, 13.0, 6.0, 15.0, 3.0, 16.0, 8.0, 12.0, 5.0, 7.0, 0.0, 11.0, 18.0, 3.0, 5.0, 3.0, 1.0, 2.0, 16.0, 15.0, 9.0, 9.0, 3.0, 14.0, 3.0, 18.0, 2.0, 13.0, 7.0, 16.0, 4.0, 19.0, 12.0, 19.0, 17.0, 10.0, 12.0, 4.0, 16.0, 16.0, 4.0, 11.0, 12.0, 7.0, 7.0, 0.0, 8.0, 13.0, 6.0, 7.0, 2.0, 9.0, 4.0, 13.0, 17.0, 11.0, 6.0], [11.0, 11.0, 11.0, 11.0, 11.0, 11.0, 11.0, 11.0, 11.0, 11.0, 6.0, 5.0, 11.0, 9.0, 10.0, 10.0, 4.0, 10.0, 15.0, 12.0, 5.0, 15.0, 3.0, 4.0, 11.0, 5.0, 11.0, 9.0, 3.0, 3.0, 5.0, 5.0, 10.0, 11.0, 4.0, 6.0, 15.0, 5.0, 4.0, 14.0, 1.0, 6.0, 9.0, 16.0, 7.0, 5.0, 3.0, 13.0, 7.0, 6.0, 4.0, 0.0, 11.0, 6.0, 11.0, 2.0, 12.0, 1.0, 15.0, 5.0, 11.0, 5.0, 5.0, 4.0, 10.0, 15.0, 6.0, 2.0, 7.0, 4.0, 3.0, 13.0, 13.0, 5.0, 7.0, 2.0, 11.0, 6.0, 15.0, 5.0, 12.0, 6.0, 13.0, 1.0, 16.0, 9.0, 16.0, 14.0, 7.0, 8.0, 4.0, 13.0, 15.0, 3.0, 9.0, 8.0, 5.0, 4.0, 3.0, 7.0, 11.0, 5.0, 4.0, 3.0, 7.0, 3.0, 9.0, 14.0, 8.0, 3.0], [15.0, 15.0, 15.0, 15.0, 20.0, 20.0, 15.0, 15.0, 15.0, 15.0, 6.0, 7.0, 4.0, 2.0, 9.0, 4.0, 11.0, 3.0, 8.0, 1.0, 12.0, 5.0, 14.0, 8.0, 1.0, 14.0, 1.0, 3.0, 13.0, 14.0, 6.0, 13.0, 2.0, 5.0, 8.0, 10.0, 9.0, 16.0, 7.0, 5.0, 11.0, 11.0, 6.0, 5.0, 4.0, 12.0, 12.0, 2.0, 11.0, 13.0, 13.0, 11.0, 0.0, 10.0, 1.0, 10.0, 9.0, 11.0, 3.0, 14.0, 3.0, 8.0, 16.0, 14.0, 2.0, 5.0, 14.0, 12.0, 13.0, 13.0, 11.0, 7.0, 4.0, 12.0, 4.0, 13.0, 7.0, 13.0, 8.0, 13.0, 1.0, 6.0, 3.0, 12.0, 10.0, 4.0, 10.0, 8.0, 5.0, 6.0, 9.0, 6.0, 3.0, 9.0, 3.0, 6.0, 6.0, 8.0, 13.0, 6.0, 1.0, 7.0, 11.0, 14.0, 4.0, 14.0, 9.0, 6.0, 5.0, 10.0], [16.0, 16.0, 16.0, 16.0, 10.0, 10.0, 16.0, 16.0, 16.0, 16.0, 7.0, 4.0, 8.0, 7.0, 4.0, 7.0, 2.0, 7.0, 10.0, 10.0, 3.0, 12.0, 8.0, 4.0, 9.0, 5.0, 11.0, 7.0, 9.0, 7.0, 6.0, 10.0, 9.0, 7.0, 7.0, 1.0, 10.0, 7.0, 6.0, 10.0, 7.0, 11.0, 5.0, 13.0, 7.0, 3.0, 4.0, 11.0, 2.0, 12.0, 9.0, 6.0, 10.0, 0.0, 10.0, 3.0, 7.0, 7.0, 13.0, 5.0, 11.0, 8.0, 7.0, 10.0, 9.0, 12.0, 12.0, 5.0, 12.0, 10.0, 8.0, 8.0, 9.0, 3.0, 7.0, 8.0, 6.0, 12.0, 11.0, 11.0, 11.0, 8.0, 11.0, 6.0, 11.0, 6.0, 11.0, 9.0, 5.0, 4.0, 8.0, 9.0, 13.0, 7.0, 7.0, 4.0, 6.0, 3.0, 9.0, 9.0, 9.0, 7.0, 3.0, 9.0, 7.0, 7.0, 4.0, 9.0, 5.0, 3.0], [16.0, 16.0, 16.0, 16.0, 20.0, 20.0, 16.0, 16.0, 16.0, 16.0, 6.0, 7.0, 3.0, 2.0, 8.0, 4.0, 11.0, 3.0, 8.0, 1.0, 12.0, 5.0, 14.0, 8.0, 0.0, 14.0, 2.0, 2.0, 13.0, 14.0, 6.0, 13.0, 3.0, 5.0, 8.0, 10.0, 8.0, 16.0, 7.0, 4.0, 12.0, 11.0, 5.0, 5.0, 5.0, 12.0, 12.0, 2.0, 11.0, 14.0, 13.0, 11.0, 1.0, 10.0, 0.0, 10.0, 8.0, 11.0, 3.0, 14.0, 3.0, 9.0, 16.0, 14.0, 2.0, 5.0, 14.0, 12.0, 13.0, 13.0, 11.0, 7.0, 4.0, 12.0, 4.0, 14.0, 6.0, 14.0, 7.0, 13.0, 2.0, 7.0, 2.0, 12.0, 9.0, 4.0, 9.0, 8.0, 5.0, 6.0, 9.0, 6.0, 3.0, 9.0, 3.0, 5.0, 6.0, 8.0, 13.0, 6.0, 1.0, 7.0, 11.0, 14.0, 4.0, 14.0, 8.0, 6.0, 4.0, 9.0], [13.0, 13.0, 13.0, 13.0, 10.0, 10.0, 13.0, 13.0, 13.0, 13.0, 5.0, 3.0, 9.0, 8.0, 7.0, 8.0, 2.0, 8.0, 13.0, 10.0, 4.0, 13.0, 5.0, 2.0, 10.0, 4.0, 10.0, 7.0, 6.0, 4.0, 5.0, 7.0, 9.0, 9.0, 5.0, 4.0, 13.0, 6.0, 4.0, 12.0, 4.0, 8.0, 7.0, 14.0, 6.0, 3.0, 2.0, 11.0, 5.0, 8.0, 6.0, 2.0, 10.0, 3.0, 10.0, 0.0, 9.0, 3.0, 13.0, 5.0, 10.0, 5.0, 6.0, 6.0, 9.0, 14.0, 9.0, 3.0, 9.0, 6.0, 5.0, 11.0, 11.0, 4.0, 6.0, 5.0, 9.0, 8.0, 13.0, 7.0, 11.0, 6.0, 12.0, 3.0, 13.0, 7.0, 13.0, 12.0, 5.0, 6.0, 5.0, 11.0, 13.0, 3.0, 7.0, 6.0, 4.0, 2.0, 6.0, 7.0, 9.0, 4.0, 2.0, 6.0, 6.0, 5.0, 7.0, 11.0, 6.0, 0.0], [21.0, 21.0, 21.0, 21.0, 15.0, 15.0, 21.0, 21.0, 21.0, 21.0, 10.0, 8.0, 5.0, 7.0, 2.0, 4.0, 9.0, 6.0, 4.0, 9.0, 9.0, 8.0, 14.0, 9.0, 8.0, 11.0, 10.0, 7.0, 15.0, 13.0, 10.0, 16.0, 10.0, 4.0, 12.0, 7.0, 4.0, 14.0, 10.0, 6.0, 13.0, 15.0, 4.0, 9.0, 9.0, 9.0, 11.0, 8.0, 6.0, 17.0, 15.0, 12.0, 9.0, 7.0, 8.0, 9.0, 0.0, 13.0, 10.0, 11.0, 11.0, 12.0, 14.0, 16.0, 10.0, 8.0, 17.0, 12.0, 17.0, 16.0, 14.0, 2.0, 6.0, 9.0, 9.0, 14.0, 2.0, 17.0, 5.0, 16.0, 10.0, 11.0, 8.0, 12.0, 4.0, 5.0, 4.0, 3.0, 6.0, 4.0, 13.0, 3.0, 10.0, 12.0, 7.0, 4.0, 10.0, 8.0, 15.0, 12.0, 7.0, 11.0, 9.0, 15.0, 9.0, 14.0, 2.0, 4.0, 5.0, 9.0], [10.0, 10.0, 10.0, 10.0, 11.0, 11.0, 10.0, 10.0, 10.0, 10.0, 6.0, 5.0, 11.0, 9.0, 10.0, 11.0, 5.0, 10.0, 16.0, 12.0, 6.0, 15.0, 3.0, 4.0, 11.0, 6.0, 11.0, 9.0, 3.0, 4.0, 5.0, 4.0, 9.0, 11.0, 4.0, 7.0, 16.0, 6.0, 4.0, 14.0, 1.0, 5.0, 10.0, 16.0, 7.0, 6.0, 4.0, 13.0, 8.0, 5.0, 3.0, 1.0, 11.0, 7.0, 11.0, 3.0, 13.0, 0.0, 14.0, 6.0, 10.0, 4.0, 6.0, 3.0, 10.0, 16.0, 5.0, 3.0, 5.0, 3.0, 2.0, 13.0, 13.0, 6.0, 7.0, 2.0, 11.0, 5.0, 16.0, 4.0, 11.0, 5.0, 13.0, 2.0, 16.0, 9.0, 16.0, 15.0, 7.0, 9.0, 3.0, 13.0, 14.0, 2.0, 9.0, 9.0, 5.0, 4.0, 2.0, 7.0, 11.0, 4.0, 5.0, 3.0, 7.0, 3.0, 10.0, 14.0, 9.0, 4.0], [18.0, 18.0, 18.0, 18.0, 23.0, 23.0, 18.0, 18.0, 18.0, 18.0, 9.0, 10.0, 6.0, 5.0, 11.0, 7.0, 14.0, 6.0, 9.0, 3.0, 15.0, 4.0, 17.0, 11.0, 4.0, 17.0, 3.0, 6.0, 17.0, 17.0, 9.0, 16.0, 5.0, 7.0, 11.0, 13.0, 9.0, 19.0, 10.0, 5.0, 15.0, 14.0, 8.0, 3.0, 8.0, 15.0, 16.0, 2.0, 14.0, 16.0, 16.0, 15.0, 3.0, 13.0, 3.0, 13.0, 10.0, 14.0, 0.0, 17.0, 5.0, 11.0, 19.0, 17.0, 5.0, 4.0, 17.0, 16.0, 16.0, 16.0, 14.0, 8.0, 5.0, 16.0, 8.0, 17.0, 9.0, 16.0, 7.0, 16.0, 3.0, 9.0, 2.0, 15.0, 10.0, 7.0, 10.0, 9.0, 8.0, 9.0, 12.0, 7.0, 0.0, 12.0, 6.0, 8.0, 10.0, 11.0, 16.0, 9.0, 4.0, 10.0, 14.0, 17.0, 8.0, 17.0, 11.0, 7.0, 7.0, 13.0], [16.0, 16.0, 16.0, 16.0, 6.0, 6.0, 16.0, 16.0, 16.0, 16.0, 10.0, 8.0, 12.0, 12.0, 8.0, 12.0, 3.0, 12.0, 15.0, 15.0, 2.0, 17.0, 6.0, 7.0, 14.0, 0.0, 15.0, 11.0, 8.0, 4.0, 9.0, 10.0, 13.0, 12.0, 9.0, 5.0, 15.0, 3.0, 9.0, 15.0, 7.0, 11.0, 10.0, 18.0, 11.0, 2.0, 3.0, 15.0, 5.0, 11.0, 8.0, 5.0, 14.0, 5.0, 14.0, 5.0, 11.0, 6.0, 17.0, 0.0, 14.0, 10.0, 3.0, 8.0, 13.0, 17.0, 11.0, 3.0, 12.0, 9.0, 9.0, 13.0, 14.0, 2.0, 11.0, 6.0, 11.0, 11.0, 15.0, 10.0, 15.0, 10.0, 16.0, 5.0, 15.0, 11.0, 15.0, 14.0, 9.0, 9.0, 9.0, 13.0, 17.0, 8.0, 11.0, 9.0, 9.0, 6.0, 8.0, 12.0, 13.0, 9.0, 3.0, 7.0, 10.0, 5.0, 9.0, 14.0, 10.0, 5.0], [13.0, 13.0, 13.0, 13.0, 20.0, 20.0, 13.0, 13.0, 13.0, 13.0, 5.0, 7.0, 6.0, 4.0, 10.0, 7.0, 11.0, 5.0, 11.0, 3.0, 13.0, 8.0, 13.0, 7.0, 4.0, 14.0, 2.0, 4.0, 12.0, 14.0, 5.0, 11.0, 1.0, 7.0, 7.0, 11.0, 12.0, 15.0, 6.0, 8.0, 11.0, 9.0, 7.0, 7.0, 4.0, 12.0, 12.0, 5.0, 12.0, 11.0, 12.0, 11.0, 3.0, 11.0, 3.0, 10.0, 11.0, 10.0, 5.0, 14.0, 0.0, 7.0, 16.0, 12.0, 1.0, 8.0, 12.0, 12.0, 11.0, 11.0, 10.0, 10.0, 7.0, 13.0, 4.0, 13.0, 9.0, 11.0, 10.0, 11.0, 2.0, 5.0, 5.0, 11.0, 12.0, 6.0, 12.0, 11.0, 6.0, 8.0, 7.0, 9.0, 5.0, 8.0, 4.0, 7.0, 5.0, 8.0, 11.0, 4.0, 4.0, 6.0, 11.0, 13.0, 4.0, 13.0, 10.0, 9.0, 6.0, 10.0], [9.0, 9.0, 9.0, 9.0, 15.0, 15.0, 9.0, 9.0, 9.0, 9.0, 3.0, 4.0, 10.0, 7.0, 11.0, 9.0, 7.0, 9.0, 14.0, 9.0, 9.0, 13.0, 7.0, 4.0, 9.0, 9.0, 8.0, 7.0, 5.0, 8.0, 3.0, 4.0, 6.0, 10.0, 1.0, 9.0, 15.0, 10.0, 2.0, 12.0, 4.0, 3.0, 9.0, 13.0, 4.0, 8.0, 7.0, 10.0, 10.0, 5.0, 5.0, 5.0, 8.0, 8.0, 9.0, 5.0, 12.0, 4.0, 11.0, 10.0, 7.0, 0.0, 10.0, 5.0, 6.0, 13.0, 6.0, 7.0, 5.0, 4.0, 3.0, 12.0, 11.0, 9.0, 4.0, 6.0, 11.0, 5.0, 14.0, 4.0, 8.0, 2.0, 11.0, 6.0, 15.0, 8.0, 15.0, 14.0, 6.0, 8.0, 1.0, 12.0, 12.0, 2.0, 7.0, 8.0, 3.0, 5.0, 5.0, 3.0, 9.0, 2.0, 7.0, 6.0, 4.0, 7.0, 10.0, 13.0, 7.0, 5.0], [15.0, 15.0, 15.0, 15.0, 6.0, 6.0, 15.0, 15.0, 15.0, 15.0, 11.0, 9.0, 15.0, 14.0, 11.0, 14.0, 5.0, 14.0, 18.0, 16.0, 5.0, 19.0, 4.0, 8.0, 16.0, 3.0, 16.0, 13.0, 6.0, 2.0, 10.0, 9.0, 14.0, 14.0, 9.0, 7.0, 18.0, 0.0, 9.0, 17.0, 6.0, 11.0, 12.0, 20.0, 12.0, 5.0, 3.0, 17.0, 8.0, 10.0, 7.0, 5.0, 16.0, 7.0, 16.0, 6.0, 14.0, 6.0, 19.0, 3.0, 16.0, 10.0, 0.0, 7.0, 15.0, 19.0, 10.0, 3.0, 10.0, 8.0, 8.0, 16.0, 16.0, 5.0, 12.0, 4.0, 14.0, 10.0, 18.0, 9.0, 16.0, 11.0, 18.0, 4.0, 18.0, 13.0, 18.0, 17.0, 11.0, 11.0, 9.0, 16.0, 19.0, 8.0, 13.0, 12.0, 10.0, 8.0, 7.0, 13.0, 15.0, 10.0, 5.0, 5.0, 12.0, 3.0, 11.0, 17.0, 12.0, 6.0], [8.0, 8.0, 8.0, 8.0, 12.0, 12.0, 8.0, 8.0, 8.0, 8.0, 8.0, 8.0, 14.0, 12.0, 13.0, 14.0, 8.0, 13.0, 19.0, 14.0, 9.0, 18.0, 3.0, 7.0, 14.0, 8.0, 14.0, 12.0, 1.0, 5.0, 7.0, 2.0, 12.0, 14.0, 6.0, 10.0, 19.0, 6.0, 7.0, 17.0, 3.0, 5.0, 13.0, 18.0, 9.0, 8.0, 6.0, 16.0, 11.0, 3.0, 0.0, 4.0, 14.0, 10.0, 14.0, 6.0, 16.0, 3.0, 17.0, 8.0, 12.0, 5.0, 7.0, 0.0, 12.0, 18.0, 3.0, 5.0, 4.0, 1.0, 3.0, 16.0, 16.0, 9.0, 9.0, 2.0, 15.0, 3.0, 19.0, 2.0, 14.0, 7.0, 16.0, 4.0, 19.0, 12.0, 19.0, 18.0, 10.0, 12.0, 5.0, 16.0, 17.0, 4.0, 12.0, 12.0, 7.0, 8.0, 1.0, 8.0, 14.0, 7.0, 7.0, 1.0, 9.0, 4.0, 13.0, 17.0, 12.0, 7.0], [14.0, 14.0, 14.0, 14.0, 19.0, 19.0, 14.0, 14.0, 14.0, 14.0, 4.0, 6.0, 5.0, 3.0, 9.0, 5.0, 10.0, 4.0, 10.0, 3.0, 11.0, 7.0, 12.0, 6.0, 3.0, 13.0, 2.0, 3.0, 12.0, 13.0, 5.0, 11.0, 0.0, 6.0, 6.0, 10.0, 11.0, 14.0, 5.0, 7.0, 10.0, 9.0, 6.0, 7.0, 3.0, 11.0, 11.0, 4.0, 11.0, 11.0, 11.0, 10.0, 2.0, 9.0, 2.0, 9.0, 10.0, 10.0, 5.0, 13.0, 1.0, 6.0, 15.0, 12.0, 0.0, 7.0, 12.0, 11.0, 11.0, 11.0, 9.0, 8.0, 6.0, 12.0, 3.0, 12.0, 8.0, 11.0, 9.0, 11.0, 2.0, 5.0, 5.0, 11.0, 11.0, 4.0, 11.0, 10.0, 5.0, 6.0, 7.0, 8.0, 5.0, 8.0, 3.0, 6.0, 5.0, 7.0, 11.0, 4.0, 3.0, 5.0, 10.0, 12.0, 3.0, 12.0, 9.0, 8.0, 5.0, 8.0], [21.0, 21.0, 21.0, 21.0, 22.0, 22.0, 21.0, 21.0, 21.0, 21.0, 11.0, 11.0, 5.0, 6.0, 9.0, 5.0, 14.0, 5.0, 5.0, 5.0, 15.0, 0.0, 18.0, 12.0, 5.0, 17.0, 6.0, 6.0, 18.0, 18.0, 11.0, 18.0, 8.0, 6.0, 13.0, 13.0, 6.0, 19.0, 11.0, 3.0, 16.0, 16.0, 7.0, 2.0, 9.0, 15.0, 16.0, 3.0, 13.0, 18.0, 18.0, 15.0, 5.0, 12.0, 5.0, 14.0, 8.0, 16.0, 4.0, 17.0, 8.0, 13.0, 19.0, 18.0, 7.0, 0.0, 19.0, 16.0, 18.0, 18.0, 16.0, 6.0, 3.0, 15.0, 9.0, 18.0, 7.0, 18.0, 4.0, 18.0, 6.0, 11.0, 3.0, 16.0, 7.0, 7.0, 7.0, 6.0, 9.0, 8.0, 14.0, 5.0, 4.0, 14.0, 6.0, 8.0, 11.0, 12.0, 18.0, 11.0, 5.0, 12.0, 14.0, 18.0, 9.0, 18.0, 9.0, 4.0, 7.0, 13.0], [5.0, 5.0, 5.0, 5.0, 15.0, 15.0, 5.0, 5.0, 5.0, 5.0, 8.0, 9.0, 15.0, 13.0, 15.0, 15.0, 10.0, 14.0, 20.0, 14.0, 11.0, 19.0, 6.0, 8.0, 14.0, 11.0, 13.0, 13.0, 4.0, 8.0, 8.0, 2.0, 12.0, 15.0, 6.0, 12.0, 20.0, 9.0, 8.0, 18.0, 5.0, 3.0, 14.0, 19.0, 10.0, 11.0, 9.0, 16.0, 14.0, 1.0, 3.0, 6.0, 14.0, 12.0, 14.0, 9.0, 17.0, 5.0, 17.0, 11.0, 12.0, 6.0, 10.0, 3.0, 12.0, 19.0, 0.0, 8.0, 1.0, 2.0, 4.0, 18.0, 17.0, 12.0, 10.0, 5.0, 16.0, 1.0, 20.0, 1.0, 14.0, 7.0, 16.0, 7.0, 21.0, 13.0, 21.0, 19.0, 12.0, 13.0, 5.0, 18.0, 17.0, 6.0, 13.0, 13.0, 8.0, 9.0, 3.0, 8.0, 14.0, 7.0, 10.0, 4.0, 10.0, 7.0, 15.0, 18.0, 13.0, 9.0], [13.0, 13.0, 13.0, 13.0, 9.0, 9.0, 13.0, 13.0, 13.0, 13.0, 8.0, 6.0, 12.0, 10.0, 9.0, 11.0, 3.0, 11.0, 15.0, 13.0, 4.0, 16.0, 3.0, 5.0, 12.0, 3.0, 13.0, 10.0, 4.0, 2.0, 7.0, 7.0, 11.0, 11.0, 6.0, 5.0, 15.0, 3.0, 6.0, 14.0, 3.0, 8.0, 10.0, 17.0, 8.0, 3.0, 1.0, 14.0, 6.0, 8.0, 5.0, 2.0, 12.0, 5.0, 12.0, 3.0, 12.0, 3.0, 16.0, 3.0, 12.0, 7.0, 3.0, 5.0, 11.0, 16.0, 8.0, 0.0, 8.0, 6.0, 5.0, 13.0, 13.0, 4.0, 8.0, 3.0, 11.0, 8.0, 16.0, 7.0, 13.0, 8.0, 14.0, 1.0, 16.0, 10.0, 16.0, 14.0, 8.0, 9.0, 6.0, 13.0, 16.0, 5.0, 10.0, 9.0, 7.0, 4.0, 5.0, 9.0, 12.0, 6.0, 3.0, 4.0, 8.0, 2.0, 9.0, 14.0, 9.0, 3.0], [4.0, 4.0, 4.0, 4.0, 16.0, 16.0, 4.0, 4.0, 4.0, 4.0, 8.0, 9.0, 15.0, 12.0, 15.0, 14.0, 10.0, 14.0, 20.0, 14.0, 12.0, 18.0, 6.0, 8.0, 14.0, 11.0, 13.0, 12.0, 4.0, 8.0, 8.0, 2.0, 11.0, 15.0, 6.0, 12.0, 20.0, 10.0, 7.0, 17.0, 5.0, 2.0, 14.0, 18.0, 9.0, 11.0, 9.0, 15.0, 14.0, 1.0, 3.0, 7.0, 13.0, 12.0, 13.0, 9.0, 17.0, 5.0, 16.0, 12.0, 11.0, 5.0, 10.0, 4.0, 11.0, 18.0, 1.0, 8.0, 0.0, 2.0, 3.0, 17.0, 16.0, 12.0, 9.0, 6.0, 16.0, 0.0, 19.0, 1.0, 13.0, 7.0, 16.0, 7.0, 20.0, 13.0, 21.0, 19.0, 11.0, 13.0, 5.0, 17.0, 16.0, 5.0, 12.0, 13.0, 8.0, 9.0, 4.0, 7.0, 14.0, 7.0, 10.0, 5.0, 9.0, 7.0, 15.0, 18.0, 12.0, 9.0], [7.0, 7.0, 7.0, 7.0, 14.0, 14.0, 7.0, 7.0, 7.0, 7.0, 7.0, 7.0, 14.0, 12.0, 13.0, 13.0, 8.0, 13.0, 18.0, 13.0, 9.0, 17.0, 4.0, 7.0, 13.0, 9.0, 13.0, 11.0, 2.0, 6.0, 7.0, 1.0, 11.0, 14.0, 5.0, 10.0, 19.0, 8.0, 6.0, 16.0, 3.0, 3.0, 12.0, 18.0, 8.0, 9.0, 7.0, 15.0, 11.0, 2.0, 1.0, 4.0, 13.0, 10.0, 13.0, 6.0, 16.0, 3.0, 16.0, 9.0, 11.0, 4.0, 8.0, 1.0, 11.0, 18.0, 2.0, 6.0, 2.0, 0.0, 2.0, 16.0, 15.0, 9.0, 9.0, 3.0, 14.0, 2.0, 18.0, 1.0, 13.0, 6.0, 15.0, 5.0, 19.0, 12.0, 19.0, 18.0, 10.0, 12.0, 4.0, 16.0, 16.0, 4.0, 11.0, 12.0, 7.0, 7.0, 1.0, 7.0, 13.0, 6.0, 8.0, 3.0, 9.0, 5.0, 13.0, 17.0, 11.0, 7.0], [8.0, 8.0, 8.0, 8.0, 14.0, 14.0, 8.0, 8.0, 8.0, 8.0, 5.0, 6.0, 12.0, 10.0, 12.0, 11.0, 7.0, 11.0, 17.0, 12.0, 8.0, 15.0, 4.0, 5.0, 11.0, 8.0, 11.0, 9.0, 3.0, 6.0, 5.0, 2.0, 9.0, 12.0, 3.0, 9.0, 17.0, 8.0, 4.0, 14.0, 2.0, 3.0, 11.0, 16.0, 7.0, 8.0, 6.0, 13.0, 10.0, 3.0, 2.0, 3.0, 11.0, 8.0, 11.0, 5.0, 14.0, 2.0, 14.0, 9.0, 10.0, 3.0, 8.0, 3.0, 9.0, 16.0, 4.0, 5.0, 3.0, 2.0, 0.0, 14.0, 13.0, 8.0, 7.0, 4.0, 13.0, 3.0, 16.0, 2.0, 11.0, 5.0, 13.0, 4.0, 17.0, 10.0, 17.0, 16.0, 8.0, 10.0, 2.0, 14.0, 14.0, 2.0, 9.0, 10.0, 5.0, 6.0, 2.0, 6.0, 11.0, 4.0, 7.0, 3.0, 7.0, 5.0, 12.0, 15.0, 9.0, 5.0], [21.0, 21.0, 21.0, 21.0, 18.0, 18.0, 21.0, 21.0, 21.0, 21.0, 10.0, 9.0, 4.0, 6.0, 4.0, 3.0, 10.0, 4.0, 2.0, 7.0, 11.0, 5.0, 16.0, 10.0, 6.0, 13.0, 8.0, 6.0, 16.0, 15.0, 10.0, 16.0, 9.0, 3.0, 12.0, 8.0, 3.0, 16.0, 10.0, 3.0, 14.0, 15.0, 4.0, 7.0, 9.0, 11.0, 12.0, 6.0, 8.0, 17.0, 16.0, 13.0, 7.0, 8.0, 7.0, 11.0, 2.0, 13.0, 8.0, 13.0, 10.0, 12.0, 16.0, 16.0, 8.0, 6.0, 18.0, 13.0, 17.0, 16.0, 14.0, 0.0, 3.0, 11.0, 9.0, 15.0, 2.0, 17.0, 3.0, 16.0, 9.0, 11.0, 6.0, 13.0, 3.0, 5.0, 3.0, 1.0, 6.0, 5.0, 13.0, 1.0, 8.0, 12.0, 6.0, 5.0, 10.0, 9.0, 16.0, 12.0, 6.0, 11.0, 11.0, 16.0, 8.0, 15.0, 4.0, 2.0, 5.0, 10.0], [19.0, 19.0, 19.0, 19.0, 19.0, 19.0, 19.0, 19.0, 19.0, 19.0, 9.0, 8.0, 2.0, 4.0, 7.0, 2.0, 11.0, 2.0, 4.0, 4.0, 12.0, 3.0, 16.0, 9.0, 3.0, 14.0, 5.0, 4.0, 15.0, 15.0, 9.0, 15.0, 6.0, 3.0, 11.0, 10.0, 5.0, 16.0, 9.0, 1.0, 13.0, 14.0, 4.0, 4.0, 7.0, 12.0, 13.0, 3.0, 10.0, 16.0, 15.0, 13.0, 4.0, 9.0, 4.0, 11.0, 6.0, 13.0, 5.0, 14.0, 7.0, 11.0, 16.0, 16.0, 6.0, 3.0, 17.0, 13.0, 16.0, 15.0, 13.0, 3.0, 0.0, 12.0, 7.0, 15.0, 4.0, 16.0, 3.0, 15.0, 5.0, 9.0, 3.0, 13.0, 6.0, 4.0, 6.0, 4.0, 6.0, 5.0, 11.0, 2.0, 5.0, 11.0, 4.0, 5.0, 9.0, 9.0, 15.0, 9.0, 3.0, 9.0, 11.0, 16.0, 7.0, 15.0, 6.0, 2.0, 4.0, 10.0], [16.0, 16.0, 16.0, 16.0, 7.0, 7.0, 16.0, 16.0, 16.0, 16.0, 9.0, 6.0, 11.0, 10.0, 7.0, 10.0, 2.0, 10.0, 13.0, 13.0, 0.0, 15.0, 7.0, 6.0, 12.0, 2.0, 13.0, 10.0, 8.0, 5.0, 8.0, 10.0, 12.0, 10.0, 8.0, 3.0, 13.0, 5.0, 7.0, 13.0, 7.0, 11.0, 8.0, 16.0, 9.0, 1.0, 3.0, 14.0, 3.0, 11.0, 9.0, 5.0, 12.0, 3.0, 12.0, 4.0, 9.0, 6.0, 16.0, 2.0, 13.0, 9.0, 5.0, 9.0, 12.0, 15.0, 12.0, 4.0, 12.0, 9.0, 8.0, 11.0, 12.0, 0.0, 9.0, 7.0, 9.0, 11.0, 14.0, 10.0, 13.0, 9.0, 14.0, 5.0, 13.0, 9.0, 13.0, 12.0, 7.0, 7.0, 9.0, 11.0, 16.0, 7.0, 10.0, 7.0, 8.0, 5.0, 8.0, 11.0, 12.0, 8.0, 2.0, 8.0, 9.0, 6.0, 7.0, 12.0, 8.0, 4.0], [12.0, 12.0, 12.0, 12.0, 16.0, 16.0, 12.0, 12.0, 12.0, 12.0, 2.0, 3.0, 5.0, 3.0, 8.0, 5.0, 7.0, 5.0, 11.0, 5.0, 9.0, 9.0, 10.0, 4.0, 4.0, 10.0, 4.0, 3.0, 9.0, 10.0, 2.0, 9.0, 3.0, 6.0, 4.0, 8.0, 11.0, 12.0, 3.0, 8.0, 7.0, 7.0, 5.0, 9.0, 0.0, 8.0, 8.0, 6.0, 9.0, 9.0, 9.0, 7.0, 4.0, 7.0, 4.0, 6.0, 9.0, 7.0, 8.0, 11.0, 4.0, 4.0, 12.0, 9.0, 3.0, 9.0, 10.0, 8.0, 9.0, 9.0, 7.0, 9.0, 7.0, 9.0, 0.0, 9.0, 7.0, 9.0, 10.0, 9.0, 5.0, 2.0, 7.0, 8.0, 12.0, 4.0, 12.0, 10.0, 3.0, 5.0, 5.0, 8.0, 8.0, 5.0, 3.0, 5.0, 2.0, 4.0, 8.0, 3.0, 4.0, 3.0, 8.0, 9.0, 0.0, 10.0, 8.0, 9.0, 4.0, 6.0], [10.0, 10.0, 10.0, 10.0, 10.0, 10.0, 10.0, 10.0, 10.0, 10.0, 8.0, 7.0, 13.0, 12.0, 12.0, 13.0, 6.0, 13.0, 17.0, 14.0, 6.0, 17.0, 1.0, 6.0, 13.0, 5.0, 14.0, 11.0, 2.0, 2.0, 7.0, 4.0, 12.0, 13.0, 6.0, 8.0, 18.0, 4.0, 7.0, 16.0, 2.0, 6.0, 12.0, 18.0, 9.0, 6.0, 4.0, 15.0, 9.0, 5.0, 3.0, 2.0, 13.0, 8.0, 14.0, 5.0, 14.0, 2.0, 17.0, 6.0, 13.0, 6.0, 4.0, 2.0, 12.0, 18.0, 5.0, 3.0, 6.0, 3.0, 4.0, 15.0, 15.0, 7.0, 9.0, 0.0, 13.0, 6.0, 18.0, 5.0, 14.0, 8.0, 16.0, 2.0, 18.0, 11.0, 18.0, 17.0, 9.0, 11.0, 5.0, 15.0, 17.0, 4.0, 11.0, 11.0, 7.0, 6.0, 2.0, 9.0, 13.0, 7.0, 5.0, 1.0, 9.0, 1.0, 12.0, 16.0, 11.0, 5.0], [19.0, 19.0, 19.0, 19.0, 16.0, 16.0, 19.0, 19.0, 19.0, 19.0, 9.0, 7.0, 3.0, 5.0, 3.0, 2.0, 8.0, 4.0, 4.0, 7.0, 9.0, 6.0, 14.0, 8.0, 6.0, 11.0, 8.0, 5.0, 14.0, 13.0, 8.0, 15.0, 8.0, 2.0, 10.0, 6.0, 4.0, 14.0, 8.0, 4.0, 12.0, 14.0, 2.0, 8.0, 8.0, 9.0, 10.0, 7.0, 7.0, 16.0, 14.0, 11.0, 7.0, 6.0, 6.0, 9.0, 2.0, 11.0, 9.0, 11.0, 9.0, 11.0, 14.0, 15.0, 8.0, 7.0, 16.0, 11.0, 16.0, 14.0, 13.0, 2.0, 4.0, 9.0, 7.0, 13.0, 0.0, 16.0, 5.0, 15.0, 8.0, 9.0, 7.0, 11.0, 5.0, 4.0, 5.0, 3.0, 5.0, 3.0, 11.0, 2.0, 9.0, 10.0, 5.0, 3.0, 8.0, 7.0, 14.0, 10.0, 5.0, 9.0, 9.0, 14.0, 7.0, 13.0, 3.0, 3.0, 4.0, 8.0], [5.0, 5.0, 5.0, 5.0, 16.0, 16.0, 5.0, 5.0, 5.0, 5.0, 8.0, 9.0, 15.0, 12.0, 15.0, 14.0, 10.0, 14.0, 20.0, 14.0, 11.0, 18.0, 6.0, 8.0, 14.0, 11.0, 13.0, 12.0, 4.0, 8.0, 8.0, 1.0, 11.0, 15.0, 6.0, 12.0, 20.0, 10.0, 7.0, 17.0, 5.0, 3.0, 14.0, 18.0, 9.0, 11.0, 9.0, 15.0, 13.0, 0.0, 3.0, 6.0, 13.0, 12.0, 14.0, 8.0, 17.0, 5.0, 16.0, 11.0, 11.0, 5.0, 10.0, 3.0, 11.0, 18.0, 1.0, 8.0, 0.0, 2.0, 3.0, 17.0, 16.0, 11.0, 9.0, 6.0, 16.0, 0.0, 19.0, 1.0, 13.0, 7.0, 16.0, 7.0, 20.0, 13.0, 21.0, 19.0, 11.0, 13.0, 5.0, 17.0, 16.0, 5.0, 12.0, 13.0, 8.0, 9.0, 3.0, 7.0, 14.0, 7.0, 10.0, 5.0, 9.0, 7.0, 15.0, 18.0, 12.0, 9.0], [22.0, 22.0, 22.0, 22.0, 20.0, 20.0, 22.0, 22.0, 22.0, 22.0, 12.0, 11.0, 5.0, 7.0, 7.0, 5.0, 13.0, 6.0, 1.0, 7.0, 13.0, 4.0, 18.0, 12.0, 7.0, 16.0, 9.0, 7.0, 18.0, 17.0, 12.0, 18.0, 10.0, 4.0, 14.0, 11.0, 2.0, 18.0, 12.0, 3.0, 16.0, 17.0, 6.0, 6.0, 10.0, 13.0, 15.0, 6.0, 11.0, 19.0, 18.0, 15.0, 8.0, 11.0, 7.0, 13.0, 5.0, 16.0, 7.0, 15.0, 10.0, 14.0, 18.0, 19.0, 9.0, 4.0, 20.0, 16.0, 19.0, 18.0, 16.0, 3.0, 3.0, 14.0, 10.0, 18.0, 5.0, 19.0, 0.0, 18.0, 9.0, 13.0, 6.0, 16.0, 3.0, 7.0, 3.0, 2.0, 8.0, 7.0, 15.0, 2.0, 7.0, 14.0, 7.0, 7.0, 12.0, 11.0, 18.0, 13.0, 6.0, 12.0, 13.0, 18.0, 10.0, 18.0, 7.0, 2.0, 7.0, 13.0], [6.0, 6.0, 6.0, 6.0, 15.0, 15.0, 6.0, 6.0, 6.0, 6.0, 7.0, 8.0, 14.0, 12.0, 14.0, 13.0, 9.0, 13.0, 19.0, 13.0, 10.0, 17.0, 5.0, 7.0, 13.0, 10.0, 12.0, 11.0, 3.0, 7.0, 7.0, 0.0, 10.0, 14.0, 5.0, 11.0, 19.0, 9.0, 6.0, 16.0, 4.0, 2.0, 13.0, 18.0, 8.0, 10.0, 8.0, 15.0, 12.0, 1.0, 2.0, 5.0, 13.0, 11.0, 13.0, 7.0, 16.0, 4.0, 16.0, 10.0, 11.0, 4.0, 9.0, 2.0, 11.0, 18.0, 1.0, 7.0, 1.0, 1.0, 2.0, 16.0, 15.0, 10.0, 9.0, 5.0, 15.0, 1.0, 18.0, 0.0, 12.0, 6.0, 15.0, 6.0, 19.0, 12.0, 20.0, 18.0, 10.0, 12.0, 4.0, 16.0, 16.0, 4.0, 11.0, 12.0, 7.0, 8.0, 2.0, 7.0, 13.0, 6.0, 9.0, 4.0, 9.0, 6.0, 14.0, 17.0, 11.0, 7.0], [15.0, 15.0, 15.0, 15.0, 21.0, 21.0, 15.0, 15.0, 15.0, 15.0, 6.0, 7.0, 5.0, 4.0, 10.0, 6.0, 12.0, 5.0, 10.0, 2.0, 13.0, 6.0, 14.0, 8.0, 2.0, 15.0, 0.0, 4.0, 13.0, 15.0, 7.0, 13.0, 2.0, 7.0, 8.0, 11.0, 10.0, 16.0, 7.0, 6.0, 12.0, 10.0, 7.0, 5.0, 5.0, 13.0, 13.0, 3.0, 12.0, 13.0, 13.0, 12.0, 1.0, 11.0, 2.0, 11.0, 10.0, 11.0, 3.0, 15.0, 2.0, 8.0, 16.0, 14.0, 2.0, 6.0, 14.0, 13.0, 13.0, 13.0, 11.0, 9.0, 5.0, 13.0, 5.0, 14.0, 8.0, 13.0, 9.0, 12.0, 0.0, 6.0, 3.0, 12.0, 11.0, 5.0, 11.0, 9.0, 6.0, 7.0, 9.0, 8.0, 3.0, 9.0, 4.0, 7.0, 7.0, 9.0, 13.0, 6.0, 3.0, 7.0, 12.0, 14.0, 5.0, 14.0, 10.0, 8.0, 6.0, 10.0], [10.0, 10.0, 10.0, 10.0, 16.0, 16.0, 10.0, 10.0, 10.0, 10.0, 1.0, 3.0, 8.0, 5.0, 10.0, 8.0, 7.0, 7.0, 13.0, 7.0, 9.0, 11.0, 8.0, 4.0, 7.0, 10.0, 6.0, 5.0, 7.0, 9.0, 1.0, 6.0, 4.0, 8.0, 2.0, 8.0, 13.0, 11.0, 2.0, 10.0, 6.0, 5.0, 7.0, 11.0, 2.0, 9.0, 8.0, 8.0, 10.0, 7.0, 7.0, 6.0, 6.0, 8.0, 7.0, 6.0, 11.0, 5.0, 9.0, 10.0, 5.0, 2.0, 11.0, 7.0, 5.0, 11.0, 7.0, 8.0, 7.0, 6.0, 5.0, 11.0, 9.0, 9.0, 2.0, 8.0, 9.0, 7.0, 13.0, 6.0, 6.0, 0.0, 9.0, 7.0, 14.0, 6.0, 14.0, 12.0, 5.0, 7.0, 2.0, 11.0, 10.0, 3.0, 5.0, 7.0, 1.0, 5.0, 7.0, 2.0, 7.0, 1.0, 8.0, 8.0, 3.0, 8.0, 9.0, 11.0, 6.0, 6.0], [18.0, 18.0, 18.0, 18.0, 21.0, 21.0, 18.0, 18.0, 18.0, 18.0, 8.0, 9.0, 3.0, 4.0, 9.0, 4.0, 12.0, 4.0, 7.0, 2.0, 14.0, 3.0, 16.0, 10.0, 2.0, 16.0, 3.0, 4.0, 16.0, 16.0, 9.0, 15.0, 5.0, 5.0, 11.0, 11.0, 7.0, 17.0, 9.0, 3.0, 14.0, 13.0, 6.0, 2.0, 7.0, 13.0, 14.0, 0.0, 12.0, 16.0, 16.0, 13.0, 3.0, 11.0, 2.0, 12.0, 8.0, 13.0, 2.0, 16.0, 5.0, 11.0, 18.0, 16.0, 5.0, 3.0, 16.0, 14.0, 16.0, 15.0, 13.0, 6.0, 3.0, 14.0, 7.0, 16.0, 7.0, 16.0, 6.0, 15.0, 3.0, 9.0, 0.0, 14.0, 8.0, 5.0, 8.0, 7.0, 7.0, 7.0, 11.0, 5.0, 2.0, 12.0, 4.0, 7.0, 9.0, 10.0, 15.0, 9.0, 2.0, 9.0, 13.0, 16.0, 7.0, 16.0, 9.0, 5.0, 6.0, 11.0], [12.0, 12.0, 12.0, 12.0, 10.0, 10.0, 12.0, 12.0, 12.0, 12.0, 7.0, 5.0, 12.0, 10.0, 10.0, 11.0, 3.0, 11.0, 15.0, 13.0, 5.0, 16.0, 2.0, 4.0, 12.0, 4.0, 12.0, 10.0, 3.0, 2.0, 6.0, 5.0, 10.0, 11.0, 5.0, 6.0, 16.0, 4.0, 5.0, 14.0, 2.0, 7.0, 10.0, 16.0, 8.0, 4.0, 2.0, 14.0, 7.0, 7.0, 4.0, 1.0, 12.0, 6.0, 12.0, 3.0, 12.0, 2.0, 15.0, 5.0, 11.0, 6.0, 4.0, 4.0, 11.0, 16.0, 7.0, 1.0, 7.0, 5.0, 4.0, 13.0, 13.0, 5.0, 8.0, 2.0, 11.0, 7.0, 16.0, 6.0, 12.0, 7.0, 14.0, 0.0, 16.0, 10.0, 16.0, 15.0, 8.0, 9.0, 5.0, 13.0, 15.0, 4.0, 10.0, 9.0, 6.0, 4.0, 4.0, 8.0, 12.0, 6.0, 3.0, 3.0, 8.0, 2.0, 10.0, 14.0, 9.0, 3.0], [24.0, 24.0, 24.0, 24.0, 19.0, 19.0, 24.0, 24.0, 24.0, 24.0, 13.0, 12.0, 6.0, 9.0, 6.0, 6.0, 13.0, 7.0, 2.0, 10.0, 13.0, 6.0, 18.0, 12.0, 9.0, 15.0, 11.0, 9.0, 19.0, 17.0, 13.0, 19.0, 11.0, 5.0, 15.0, 10.0, 1.0, 18.0, 13.0, 5.0, 17.0, 18.0, 7.0, 8.0, 12.0, 13.0, 15.0, 9.0, 10.0, 20.0, 19.0, 16.0, 10.0, 11.0, 9.0, 13.0, 4.0, 16.0, 10.0, 15.0, 12.0, 15.0, 18.0, 19.0, 11.0, 7.0, 21.0, 16.0, 20.0, 19.0, 17.0, 3.0, 6.0, 13.0, 12.0, 18.0, 5.0, 20.0, 3.0, 19.0, 11.0, 14.0, 8.0, 16.0, 0.0, 8.0, 0.0, 2.0, 9.0, 7.0, 16.0, 3.0, 10.0, 15.0, 9.0, 7.0, 13.0, 12.0, 18.0, 14.0, 8.0, 14.0, 13.0, 19.0, 11.0, 18.0, 6.0, 3.0, 8.0, 13.0], [16.0, 16.0, 16.0, 16.0, 16.0, 16.0, 16.0, 16.0, 16.0, 16.0, 5.0, 4.0, 2.0, 2.0, 5.0, 2.0, 8.0, 1.0, 7.0, 4.0, 9.0, 6.0, 12.0, 5.0, 3.0, 11.0, 5.0, 1.0, 12.0, 12.0, 5.0, 12.0, 4.0, 2.0, 7.0, 7.0, 7.0, 13.0, 5.0, 5.0, 10.0, 11.0, 2.0, 7.0, 4.0, 8.0, 9.0, 5.0, 7.0, 13.0, 12.0, 9.0, 4.0, 6.0, 4.0, 7.0, 5.0, 9.0, 7.0, 11.0, 6.0, 8.0, 13.0, 12.0, 4.0, 7.0, 13.0, 10.0, 13.0, 12.0, 10.0, 5.0, 4.0, 9.0, 4.0, 11.0, 4.0, 13.0, 7.0, 12.0, 5.0, 6.0, 5.0, 10.0, 8.0, 0.0, 8.0, 6.0, 2.0, 2.0, 8.0, 4.0, 7.0, 8.0, 1.0, 2.0, 5.0, 5.0, 11.0, 7.0, 3.0, 6.0, 8.0, 12.0, 4.0, 12.0, 5.0, 5.0, 1.0, 7.0], [24.0, 24.0, 24.0, 24.0, 19.0, 19.0, 24.0, 24.0, 24.0, 24.0, 13.0, 12.0, 6.0, 9.0, 7.0, 6.0, 13.0, 7.0, 2.0, 10.0, 13.0, 6.0, 18.0, 13.0, 9.0, 15.0, 11.0, 9.0, 19.0, 18.0, 13.0, 19.0, 12.0, 6.0, 15.0, 11.0, 1.0, 18.0, 13.0, 5.0, 17.0, 18.0, 7.0, 8.0, 12.0, 13.0, 15.0, 8.0, 11.0, 20.0, 19.0, 16.0, 10.0, 11.0, 9.0, 13.0, 4.0, 16.0, 10.0, 15.0, 12.0, 15.0, 18.0, 19.0, 11.0, 7.0, 21.0, 16.0, 21.0, 19.0, 17.0, 3.0, 6.0, 13.0, 12.0, 18.0, 5.0, 21.0, 3.0, 20.0, 11.0, 14.0, 8.0, 16.0, 0.0, 8.0, 0.0, 2.0, 9.0, 7.0, 16.0, 4.0, 10.0, 15.0, 9.0, 8.0, 13.0, 12.0, 19.0, 15.0, 8.0, 14.0, 13.0, 19.0, 11.0, 18.0, 7.0, 3.0, 8.0, 13.0], [22.0, 22.0, 22.0, 22.0, 19.0, 19.0, 22.0, 22.0, 22.0, 22.0, 11.0, 10.0, 5.0, 7.0, 5.0, 5.0, 12.0, 6.0, 1.0, 8.0, 12.0, 5.0, 17.0, 11.0, 7.0, 14.0, 9.0, 7.0, 17.0, 16.0, 11.0, 18.0, 10.0, 4.0, 13.0, 9.0, 1.0, 17.0, 11.0, 4.0, 15.0, 17.0, 5.0, 7.0, 10.0, 12.0, 14.0, 7.0, 10.0, 19.0, 17.0, 14.0, 8.0, 9.0, 8.0, 12.0, 3.0, 15.0, 9.0, 14.0, 11.0, 14.0, 17.0, 18.0, 10.0, 6.0, 19.0, 14.0, 19.0, 18.0, 16.0, 1.0, 4.0, 12.0, 10.0, 17.0, 3.0, 19.0, 2.0, 18.0, 9.0, 12.0, 7.0, 15.0, 2.0, 6.0, 2.0, 0.0, 8.0, 6.0, 14.0, 2.0, 9.0, 14.0, 7.0, 6.0, 11.0, 10.0, 17.0, 13.0, 7.0, 12.0, 12.0, 17.0, 10.0, 16.0, 5.0, 2.0, 6.0, 11.0], [15.0, 15.0, 15.0, 15.0, 15.0, 15.0, 15.0, 15.0, 15.0, 15.0, 4.0, 2.0, 4.0, 3.0, 5.0, 3.0, 6.0, 3.0, 8.0, 6.0, 7.0, 8.0, 10.0, 3.0, 5.0, 9.0, 6.0, 3.0, 10.0, 9.0, 4.0, 10.0, 5.0, 4.0, 6.0, 5.0, 9.0, 11.0, 4.0, 7.0, 8.0, 9.0, 3.0, 9.0, 3.0, 7.0, 7.0, 7.0, 6.0, 11.0, 10.0, 7.0, 5.0, 5.0, 5.0, 5.0, 6.0, 7.0, 8.0, 9.0, 6.0, 6.0, 11.0, 10.0, 5.0, 9.0, 12.0, 8.0, 11.0, 10.0, 8.0, 6.0, 6.0, 7.0, 3.0, 9.0, 5.0, 11.0, 8.0, 10.0, 6.0, 5.0, 7.0, 8.0, 9.0, 2.0, 9.0, 8.0, 0.0, 2.0, 6.0, 6.0, 8.0, 6.0, 2.0, 2.0, 4.0, 3.0, 9.0, 6.0, 4.0, 4.0, 6.0, 10.0, 3.0, 9.0, 5.0, 7.0, 1.0, 5.0], [17.0, 17.0, 17.0, 17.0, 14.0, 14.0, 17.0, 17.0, 17.0, 17.0, 6.0, 4.0, 3.0, 4.0, 3.0, 3.0, 6.0, 3.0, 7.0, 6.0, 7.0, 8.0, 11.0, 5.0, 5.0, 9.0, 7.0, 3.0, 11.0, 10.0, 6.0, 12.0, 6.0, 3.0, 8.0, 5.0, 7.0, 11.0, 6.0, 6.0, 9.0, 11.0, 1.0, 9.0, 5.0, 7.0, 8.0, 7.0, 5.0, 13.0, 12.0, 8.0, 6.0, 4.0, 6.0, 6.0, 4.0, 9.0, 9.0, 9.0, 8.0, 8.0, 11.0, 12.0, 6.0, 8.0, 13.0, 9.0, 13.0, 12.0, 10.0, 5.0, 5.0, 7.0, 5.0, 11.0, 3.0, 13.0, 7.0, 12.0, 7.0, 7.0, 7.0, 9.0, 7.0, 2.0, 7.0, 6.0, 2.0, 0.0, 8.0, 5.0, 9.0, 8.0, 3.0, 0.0, 6.0, 4.0, 11.0, 8.0, 5.0, 6.0, 6.0, 11.0, 5.0, 11.0, 3.0, 5.0, 2.0, 6.0], [9.0, 9.0, 9.0, 9.0, 15.0, 15.0, 9.0, 9.0, 9.0, 9.0, 3.0, 4.0, 10.0, 8.0, 11.0, 10.0, 7.0, 9.0, 15.0, 9.0, 8.0, 13.0, 6.0, 4.0, 9.0, 9.0, 9.0, 7.0, 5.0, 7.0, 3.0, 4.0, 7.0, 10.0, 1.0, 8.0, 15.0, 9.0, 3.0, 12.0, 3.0, 3.0, 9.0, 14.0, 4.0, 8.0, 7.0, 11.0, 10.0, 5.0, 4.0, 4.0, 9.0, 8.0, 9.0, 5.0, 13.0, 3.0, 12.0, 9.0, 7.0, 1.0, 9.0, 5.0, 7.0, 14.0, 5.0, 6.0, 5.0, 4.0, 2.0, 13.0, 11.0, 9.0, 5.0, 5.0, 11.0, 5.0, 15.0, 4.0, 9.0, 2.0, 11.0, 5.0, 16.0, 8.0, 16.0, 14.0, 6.0, 8.0, 0.0, 12.0, 12.0, 2.0, 7.0, 8.0, 3.0, 5.0, 4.0, 4.0, 9.0, 2.0, 7.0, 5.0, 5.0, 6.0, 10.0, 13.0, 8.0, 5.0], [21.0, 21.0, 21.0, 21.0, 18.0, 18.0, 21.0, 21.0, 21.0, 21.0, 10.0, 9.0, 3.0, 5.0, 5.0, 3.0, 11.0, 4.0, 2.0, 6.0, 11.0, 4.0, 16.0, 10.0, 5.0, 13.0, 8.0, 5.0, 16.0, 15.0, 10.0, 16.0, 8.0, 2.0, 12.0, 9.0, 3.0, 16.0, 10.0, 2.0, 14.0, 15.0, 4.0, 6.0, 8.0, 11.0, 13.0, 5.0, 9.0, 17.0, 16.0, 13.0, 6.0, 9.0, 6.0, 11.0, 3.0, 13.0, 7.0, 13.0, 9.0, 12.0, 16.0, 16.0, 8.0, 5.0, 18.0, 13.0, 17.0, 16.0, 14.0, 1.0, 2.0, 11.0, 8.0, 15.0, 2.0, 17.0, 2.0, 16.0, 8.0, 11.0, 5.0, 13.0, 3.0, 4.0, 4.0, 2.0, 6.0, 5.0, 12.0, 0.0, 7.0, 12.0, 5.0, 5.0, 10.0, 9.0, 16.0, 11.0, 5.0, 10.0, 11.0, 16.0, 8.0, 15.0, 5.0, 1.0, 5.0, 10.0], [18.0, 18.0, 18.0, 18.0, 23.0, 23.0, 18.0, 18.0, 18.0, 18.0, 9.0, 10.0, 6.0, 6.0, 11.0, 7.0, 14.0, 6.0, 8.0, 3.0, 15.0, 4.0, 17.0, 11.0, 4.0, 17.0, 3.0, 6.0, 17.0, 18.0, 10.0, 16.0, 5.0, 7.0, 11.0, 13.0, 9.0, 19.0, 10.0, 5.0, 15.0, 14.0, 8.0, 2.0, 8.0, 15.0, 16.0, 2.0, 14.0, 16.0, 16.0, 15.0, 3.0, 13.0, 3.0, 13.0, 10.0, 14.0, 0.0, 17.0, 5.0, 12.0, 19.0, 17.0, 5.0, 4.0, 17.0, 16.0, 16.0, 16.0, 14.0, 8.0, 5.0, 16.0, 8.0, 17.0, 9.0, 16.0, 7.0, 16.0, 3.0, 10.0, 2.0, 15.0, 10.0, 7.0, 10.0, 9.0, 8.0, 9.0, 12.0, 7.0, 0.0, 13.0, 6.0, 9.0, 10.0, 11.0, 16.0, 9.0, 4.0, 10.0, 14.0, 17.0, 8.0, 17.0, 11.0, 7.0, 7.0, 13.0], [10.0, 10.0, 10.0, 10.0, 13.0, 13.0, 10.0, 10.0, 10.0, 10.0, 4.0, 4.0, 10.0, 8.0, 10.0, 9.0, 5.0, 9.0, 14.0, 10.0, 7.0, 14.0, 5.0, 3.0, 9.0, 7.0, 9.0, 8.0, 4.0, 6.0, 3.0, 4.0, 7.0, 10.0, 2.0, 7.0, 15.0, 8.0, 2.0, 12.0, 2.0, 4.0, 9.0, 14.0, 5.0, 6.0, 5.0, 11.0, 8.0, 5.0, 4.0, 3.0, 9.0, 7.0, 9.0, 3.0, 12.0, 2.0, 12.0, 8.0, 8.0, 2.0, 8.0, 4.0, 8.0, 14.0, 6.0, 5.0, 5.0, 4.0, 2.0, 12.0, 11.0, 7.0, 5.0, 4.0, 10.0, 5.0, 14.0, 4.0, 9.0, 3.0, 12.0, 4.0, 15.0, 8.0, 15.0, 14.0, 6.0, 8.0, 2.0, 12.0, 13.0, 0.0, 7.0, 8.0, 3.0, 4.0, 4.0, 5.0, 9.0, 2.0, 5.0, 4.0, 5.0, 5.0, 10.0, 13.0, 7.0, 4.0], [15.0, 15.0, 15.0, 15.0, 17.0, 17.0, 15.0, 15.0, 15.0, 15.0, 5.0, 4.0, 3.0, 0.0, 6.0, 3.0, 8.0, 2.0, 8.0, 3.0, 9.0, 6.0, 12.0, 5.0, 2.0, 11.0, 4.0, 0.0, 11.0, 12.0, 5.0, 11.0, 3.0, 3.0, 7.0, 7.0, 8.0, 13.0, 5.0, 5.0, 10.0, 10.0, 3.0, 7.0, 3.0, 9.0, 10.0, 4.0, 8.0, 12.0, 11.0, 9.0, 3.0, 7.0, 3.0, 7.0, 7.0, 9.0, 6.0, 11.0, 4.0, 7.0, 13.0, 12.0, 3.0, 6.0, 13.0, 10.0, 12.0, 11.0, 9.0, 6.0, 4.0, 10.0, 3.0, 11.0, 5.0, 12.0, 7.0, 11.0, 4.0, 5.0, 4.0, 10.0, 9.0, 1.0, 9.0, 7.0, 2.0, 3.0, 7.0, 5.0, 6.0, 7.0, 0.0, 3.0, 5.0, 6.0, 11.0, 6.0, 2.0, 5.0, 8.0, 12.0, 3.0, 12.0, 6.0, 6.0, 2.0, 7.0], [17.0, 17.0, 17.0, 17.0, 15.0, 15.0, 17.0, 17.0, 17.0, 17.0, 6.0, 4.0, 3.0, 3.0, 3.0, 2.0, 6.0, 3.0, 7.0, 6.0, 7.0, 7.0, 11.0, 5.0, 5.0, 9.0, 7.0, 3.0, 11.0, 11.0, 6.0, 12.0, 6.0, 3.0, 8.0, 5.0, 7.0, 11.0, 6.0, 6.0, 9.0, 11.0, 1.0, 9.0, 5.0, 7.0, 8.0, 6.0, 6.0, 13.0, 12.0, 8.0, 6.0, 4.0, 5.0, 6.0, 4.0, 9.0, 8.0, 9.0, 7.0, 8.0, 12.0, 12.0, 6.0, 8.0, 13.0, 9.0, 13.0, 12.0, 10.0, 5.0, 5.0, 7.0, 5.0, 11.0, 3.0, 13.0, 7.0, 12.0, 7.0, 7.0, 7.0, 9.0, 7.0, 2.0, 8.0, 6.0, 2.0, 0.0, 8.0, 5.0, 9.0, 8.0, 3.0, 0.0, 6.0, 4.0, 11.0, 8.0, 5.0, 6.0, 7.0, 11.0, 5.0, 11.0, 3.0, 5.0, 1.0, 6.0], [11.0, 11.0, 11.0, 11.0, 15.0, 15.0, 11.0, 11.0, 11.0, 11.0, 1.0, 2.0, 7.0, 5.0, 8.0, 7.0, 6.0, 6.0, 12.0, 7.0, 8.0, 11.0, 8.0, 2.0, 6.0, 9.0, 6.0, 5.0, 7.0, 8.0, 0.0, 7.0, 4.0, 7.0, 2.0, 7.0, 12.0, 10.0, 1.0, 10.0, 5.0, 6.0, 6.0, 11.0, 2.0, 7.0, 7.0, 8.0, 8.0, 8.0, 7.0, 5.0, 6.0, 6.0, 6.0, 4.0, 10.0, 5.0, 10.0, 9.0, 5.0, 3.0, 10.0, 7.0, 5.0, 11.0, 8.0, 7.0, 8.0, 7.0, 5.0, 10.0, 9.0, 8.0, 2.0, 7.0, 8.0, 8.0, 12.0, 7.0, 7.0, 1.0, 9.0, 6.0, 13.0, 5.0, 13.0, 11.0, 4.0, 6.0, 3.0, 10.0, 10.0, 3.0, 5.0, 6.0, 0.0, 3.0, 7.0, 3.0, 6.0, 1.0, 6.0, 7.0, 2.0, 8.0, 8.0, 10.0, 5.0, 4.0], [13.0, 13.0, 13.0, 13.0, 12.0, 12.0, 13.0, 13.0, 13.0, 13.0, 4.0, 2.0, 7.0, 6.0, 6.0, 7.0, 3.0, 7.0, 11.0, 9.0, 4.0, 11.0, 7.0, 1.0, 8.0, 6.0, 9.0, 6.0, 7.0, 6.0, 3.0, 8.0, 7.0, 7.0, 4.0, 4.0, 11.0, 8.0, 3.0, 10.0, 5.0, 8.0, 5.0, 12.0, 5.0, 4.0, 4.0, 10.0, 5.0, 9.0, 7.0, 4.0, 8.0, 3.0, 8.0, 2.0, 8.0, 4.0, 11.0, 6.0, 8.0, 5.0, 8.0, 8.0, 7.0, 12.0, 9.0, 4.0, 9.0, 7.0, 6.0, 9.0, 9.0, 5.0, 4.0, 6.0, 7.0, 9.0, 11.0, 8.0, 9.0, 5.0, 10.0, 4.0, 12.0, 5.0, 12.0, 10.0, 3.0, 4.0, 5.0, 9.0, 11.0, 4.0, 6.0, 4.0, 3.0, 0.0, 7.0, 6.0, 8.0, 4.0, 3.0, 7.0, 4.0, 6.0, 6.0, 10.0, 5.0, 1.0], [8.0, 8.0, 8.0, 8.0, 12.0, 12.0, 8.0, 8.0, 8.0, 8.0, 7.0, 7.0, 13.0, 11.0, 13.0, 13.0, 7.0, 13.0, 18.0, 13.0, 8.0, 17.0, 3.0, 6.0, 13.0, 8.0, 13.0, 11.0, 1.0, 4.0, 7.0, 2.0, 11.0, 13.0, 5.0, 9.0, 18.0, 6.0, 6.0, 16.0, 2.0, 4.0, 12.0, 18.0, 8.0, 8.0, 6.0, 15.0, 10.0, 3.0, 0.0, 3.0, 13.0, 9.0, 13.0, 6.0, 15.0, 2.0, 16.0, 8.0, 11.0, 5.0, 7.0, 1.0, 11.0, 18.0, 3.0, 5.0, 4.0, 1.0, 2.0, 16.0, 15.0, 8.0, 8.0, 2.0, 14.0, 3.0, 18.0, 2.0, 13.0, 7.0, 15.0, 4.0, 18.0, 11.0, 19.0, 17.0, 9.0, 11.0, 4.0, 16.0, 16.0, 4.0, 11.0, 11.0, 7.0, 7.0, 0.0, 8.0, 13.0, 6.0, 7.0, 2.0, 9.0, 3.0, 13.0, 16.0, 11.0, 6.0], [10.0, 10.0, 10.0, 10.0, 18.0, 18.0, 10.0, 10.0, 10.0, 10.0, 2.0, 5.0, 8.0, 6.0, 11.0, 8.0, 9.0, 7.0, 13.0, 7.0, 11.0, 11.0, 10.0, 5.0, 7.0, 12.0, 6.0, 6.0, 8.0, 10.0, 3.0, 7.0, 4.0, 9.0, 3.0, 10.0, 14.0, 12.0, 3.0, 10.0, 7.0, 5.0, 8.0, 11.0, 3.0, 10.0, 10.0, 8.0, 11.0, 7.0, 8.0, 7.0, 6.0, 9.0, 6.0, 7.0, 12.0, 7.0, 9.0, 12.0, 4.0, 3.0, 13.0, 8.0, 4.0, 11.0, 8.0, 9.0, 7.0, 7.0, 6.0, 12.0, 9.0, 11.0, 3.0, 9.0, 10.0, 7.0, 13.0, 7.0, 6.0, 2.0, 9.0, 8.0, 14.0, 7.0, 15.0, 13.0, 6.0, 8.0, 4.0, 11.0, 9.0, 5.0, 6.0, 8.0, 3.0, 6.0, 8.0, 0.0, 7.0, 3.0, 9.0, 9.0, 3.0, 10.0, 11.0, 11.0, 7.0, 7.0], [16.0, 16.0, 16.0, 16.0, 19.0, 19.0, 16.0, 16.0, 16.0, 16.0, 6.0, 6.0, 2.0, 2.0, 7.0, 3.0, 10.0, 2.0, 7.0, 2.0, 11.0, 4.0, 14.0, 7.0, 0.0, 13.0, 3.0, 2.0, 13.0, 14.0, 6.0, 13.0, 3.0, 4.0, 8.0, 9.0, 8.0, 15.0, 7.0, 4.0, 11.0, 11.0, 4.0, 5.0, 4.0, 11.0, 12.0, 2.0, 10.0, 14.0, 13.0, 11.0, 1.0, 9.0, 1.0, 9.0, 7.0, 11.0, 4.0, 13.0, 4.0, 9.0, 15.0, 14.0, 3.0, 5.0, 14.0, 12.0, 14.0, 13.0, 11.0, 6.0, 3.0, 12.0, 4.0, 13.0, 5.0, 14.0, 6.0, 13.0, 3.0, 7.0, 2.0, 12.0, 8.0, 3.0, 8.0, 7.0, 4.0, 5.0, 9.0, 5.0, 4.0, 9.0, 2.0, 5.0, 6.0, 8.0, 13.0, 7.0, 0.0, 7.0, 10.0, 14.0, 4.0, 14.0, 7.0, 5.0, 3.0, 9.0], [10.0, 10.0, 10.0, 10.0, 15.0, 15.0, 10.0, 10.0, 10.0, 10.0, 1.0, 2.0, 8.0, 6.0, 9.0, 8.0, 6.0, 7.0, 13.0, 8.0, 8.0, 11.0, 7.0, 2.0, 7.0, 9.0, 7.0, 5.0, 6.0, 8.0, 1.0, 6.0, 5.0, 8.0, 1.0, 7.0, 13.0, 9.0, 1.0, 10.0, 5.0, 5.0, 7.0, 12.0, 3.0, 7.0, 7.0, 9.0, 9.0, 7.0, 6.0, 5.0, 7.0, 7.0, 7.0, 4.0, 11.0, 4.0, 10.0, 9.0, 6.0, 2.0, 10.0, 7.0, 5.0, 12.0, 7.0, 6.0, 7.0, 6.0, 4.0, 11.0, 9.0, 8.0, 3.0, 7.0, 9.0, 7.0, 12.0, 6.0, 7.0, 1.0, 9.0, 6.0, 14.0, 6.0, 14.0, 12.0, 4.0, 6.0, 2.0, 10.0, 10.0, 2.0, 5.0, 6.0, 1.0, 4.0, 6.0, 3.0, 7.0, 0.0, 6.0, 7.0, 3.0, 7.0, 9.0, 11.0, 6.0, 4.0], [15.0, 15.0, 15.0, 15.0, 9.0, 9.0, 15.0, 15.0, 15.0, 15.0, 7.0, 5.0, 10.0, 9.0, 7.0, 9.0, 0.0, 9.0, 13.0, 12.0, 2.0, 14.0, 6.0, 4.0, 11.0, 3.0, 12.0, 9.0, 7.0, 4.0, 6.0, 9.0, 10.0, 9.0, 7.0, 3.0, 13.0, 5.0, 6.0, 12.0, 5.0, 9.0, 7.0, 15.0, 8.0, 1.0, 2.0, 13.0, 4.0, 10.0, 7.0, 4.0, 11.0, 3.0, 11.0, 2.0, 9.0, 5.0, 14.0, 3.0, 11.0, 7.0, 5.0, 7.0, 10.0, 14.0, 10.0, 3.0, 10.0, 8.0, 7.0, 11.0, 11.0, 2.0, 8.0, 5.0, 9.0, 10.0, 13.0, 9.0, 12.0, 8.0, 13.0, 3.0, 13.0, 8.0, 13.0, 12.0, 6.0, 6.0, 7.0, 11.0, 14.0, 5.0, 8.0, 7.0, 6.0, 3.0, 7.0, 9.0, 10.0, 6.0, 0.0, 6.0, 7.0, 5.0, 7.0, 12.0, 7.0, 2.0], [9.0, 9.0, 9.0, 9.0, 11.0, 11.0, 9.0, 9.0, 9.0, 9.0, 8.0, 8.0, 14.0, 12.0, 13.0, 13.0, 7.0, 13.0, 18.0, 14.0, 8.0, 18.0, 1.0, 7.0, 14.0, 7.0, 14.0, 12.0, 1.0, 3.0, 7.0, 3.0, 12.0, 14.0, 6.0, 9.0, 18.0, 5.0, 7.0, 17.0, 2.0, 6.0, 12.0, 18.0, 9.0, 7.0, 5.0, 16.0, 10.0, 4.0, 2.0, 3.0, 14.0, 9.0, 14.0, 6.0, 15.0, 3.0, 17.0, 7.0, 13.0, 6.0, 5.0, 1.0, 12.0, 18.0, 4.0, 4.0, 5.0, 3.0, 3.0, 16.0, 16.0, 8.0, 9.0, 1.0, 14.0, 5.0, 18.0, 4.0, 14.0, 8.0, 16.0, 3.0, 19.0, 12.0, 19.0, 17.0, 10.0, 11.0, 5.0, 16.0, 17.0, 4.0, 12.0, 11.0, 7.0, 7.0, 2.0, 9.0, 14.0, 7.0, 6.0, 0.0, 9.0, 2.0, 13.0, 17.0, 11.0, 6.0], [13.0, 13.0, 13.0, 13.0, 16.0, 16.0, 13.0, 13.0, 13.0, 13.0, 2.0, 3.0, 5.0, 3.0, 8.0, 5.0, 7.0, 4.0, 10.0, 5.0, 9.0, 9.0, 10.0, 4.0, 4.0, 10.0, 5.0, 3.0, 9.0, 10.0, 2.0, 9.0, 3.0, 6.0, 4.0, 7.0, 11.0, 11.0, 3.0, 8.0, 7.0, 7.0, 5.0, 9.0, 0.0, 8.0, 8.0, 6.0, 9.0, 9.0, 9.0, 7.0, 4.0, 7.0, 4.0, 6.0, 9.0, 7.0, 8.0, 10.0, 4.0, 4.0, 12.0, 9.0, 3.0, 9.0, 10.0, 8.0, 9.0, 9.0, 7.0, 8.0, 7.0, 9.0, 0.0, 9.0, 7.0, 9.0, 10.0, 9.0, 5.0, 3.0, 7.0, 8.0, 11.0, 4.0, 11.0, 10.0, 3.0, 5.0, 5.0, 8.0, 8.0, 5.0, 3.0, 5.0, 2.0, 4.0, 9.0, 3.0, 4.0, 3.0, 7.0, 9.0, 0.0, 10.0, 7.0, 8.0, 4.0, 6.0], [12.0, 12.0, 12.0, 12.0, 9.0, 9.0, 12.0, 12.0, 12.0, 12.0, 9.0, 7.0, 14.0, 12.0, 11.0, 13.0, 5.0, 13.0, 17.0, 15.0, 6.0, 18.0, 1.0, 6.0, 14.0, 4.0, 14.0, 12.0, 3.0, 1.0, 8.0, 5.0, 12.0, 13.0, 7.0, 8.0, 18.0, 3.0, 7.0, 16.0, 3.0, 7.0, 12.0, 18.0, 10.0, 5.0, 3.0, 16.0, 8.0, 7.0, 4.0, 3.0, 14.0, 7.0, 14.0, 5.0, 14.0, 3.0, 17.0, 5.0, 13.0, 7.0, 3.0, 4.0, 12.0, 18.0, 7.0, 2.0, 7.0, 5.0, 5.0, 15.0, 15.0, 6.0, 10.0, 1.0, 13.0, 7.0, 18.0, 6.0, 14.0, 8.0, 16.0, 2.0, 18.0, 12.0, 18.0, 16.0, 9.0, 11.0, 6.0, 15.0, 17.0, 5.0, 12.0, 11.0, 8.0, 6.0, 3.0, 10.0, 14.0, 7.0, 5.0, 2.0, 10.0, 0.0, 11.0, 16.0, 11.0, 5.0], [19.0, 19.0, 19.0, 19.0, 13.0, 13.0, 19.0, 19.0, 19.0, 19.0, 9.0, 6.0, 5.0, 6.0, 0.0, 4.0, 6.0, 5.0, 6.0, 9.0, 7.0, 9.0, 12.0, 7.0, 8.0, 9.0, 10.0, 6.0, 13.0, 11.0, 8.0, 14.0, 9.0, 4.0, 10.0, 4.0, 6.0, 11.0, 8.0, 7.0, 11.0, 13.0, 3.0, 10.0, 8.0, 7.0, 8.0, 9.0, 4.0, 15.0, 13.0, 9.0, 9.0, 4.0, 8.0, 7.0, 2.0, 10.0, 11.0, 9.0, 10.0, 10.0, 11.0, 13.0, 9.0, 9.0, 15.0, 9.0, 15.0, 13.0, 12.0, 4.0, 6.0, 7.0, 8.0, 12.0, 3.0, 15.0, 7.0, 14.0, 10.0, 9.0, 9.0, 10.0, 6.0, 5.0, 7.0, 5.0, 5.0, 3.0, 10.0, 5.0, 11.0, 10.0, 6.0, 3.0, 8.0, 6.0, 13.0, 11.0, 7.0, 9.0, 7.0, 13.0, 7.0, 11.0, 0.0, 6.0, 4.0, 7.0], [21.0, 21.0, 21.0, 21.0, 19.0, 19.0, 21.0, 21.0, 21.0, 21.0, 10.0, 9.0, 3.0, 6.0, 6.0, 3.0, 11.0, 4.0, 2.0, 6.0, 12.0, 3.0, 16.0, 10.0, 5.0, 14.0, 7.0, 6.0, 16.0, 16.0, 10.0, 17.0, 8.0, 3.0, 12.0, 10.0, 3.0, 17.0, 10.0, 2.0, 15.0, 16.0, 4.0, 5.0, 9.0, 12.0, 13.0, 5.0, 10.0, 18.0, 17.0, 14.0, 6.0, 9.0, 6.0, 11.0, 4.0, 14.0, 7.0, 14.0, 9.0, 13.0, 17.0, 17.0, 8.0, 4.0, 18.0, 14.0, 18.0, 17.0, 15.0, 2.0, 2.0, 12.0, 9.0, 16.0, 3.0, 18.0, 2.0, 17.0, 8.0, 11.0, 5.0, 14.0, 3.0, 5.0, 3.0, 2.0, 7.0, 5.0, 13.0, 1.0, 7.0, 13.0, 6.0, 5.0, 10.0, 10.0, 16.0, 11.0, 5.0, 11.0, 12.0, 17.0, 8.0, 16.0, 6.0, 0.0, 5.0, 11.0], [16.0, 16.0, 16.0, 16.0, 16.0, 16.0, 16.0, 16.0, 16.0, 16.0, 5.0, 4.0, 3.0, 2.0, 4.0, 2.0, 7.0, 2.0, 7.0, 5.0, 8.0, 7.0, 11.0, 5.0, 4.0, 10.0, 5.0, 2.0, 11.0, 11.0, 5.0, 11.0, 5.0, 3.0, 7.0, 6.0, 8.0, 12.0, 5.0, 5.0, 9.0, 10.0, 2.0, 8.0, 4.0, 8.0, 9.0, 5.0, 7.0, 12.0, 11.0, 8.0, 5.0, 5.0, 4.0, 6.0, 5.0, 9.0, 7.0, 10.0, 6.0, 7.0, 12.0, 12.0, 5.0, 7.0, 13.0, 9.0, 12.0, 11.0, 9.0, 5.0, 4.0, 8.0, 4.0, 11.0, 4.0, 12.0, 7.0, 11.0, 6.0, 6.0, 6.0, 9.0, 8.0, 1.0, 8.0, 6.0, 1.0, 2.0, 8.0, 5.0, 7.0, 7.0, 2.0, 1.0, 5.0, 5.0, 11.0, 7.0, 3.0, 6.0, 7.0, 11.0, 4.0, 11.0, 4.0, 5.0, 0.0, 6.0], [13.0, 13.0, 13.0, 13.0, 11.0, 11.0, 13.0, 13.0, 13.0, 13.0, 5.0, 3.0, 9.0, 7.0, 7.0, 8.0, 2.0, 8.0, 12.0, 10.0, 3.0, 13.0, 5.0, 2.0, 9.0, 5.0, 10.0, 7.0, 6.0, 5.0, 4.0, 7.0, 8.0, 8.0, 5.0, 4.0, 13.0, 6.0, 4.0, 11.0, 4.0, 8.0, 7.0, 14.0, 6.0, 3.0, 3.0, 11.0, 5.0, 8.0, 6.0, 3.0, 10.0, 3.0, 9.0, 0.0, 9.0, 4.0, 13.0, 5.0, 10.0, 5.0, 6.0, 7.0, 8.0, 13.0, 9.0, 3.0, 9.0, 7.0, 5.0, 10.0, 10.0, 4.0, 6.0, 5.0, 8.0, 9.0, 13.0, 7.0, 10.0, 6.0, 11.0, 3.0, 13.0, 7.0, 13.0, 11.0, 5.0, 6.0, 5.0, 10.0, 13.0, 4.0, 7.0, 6.0, 4.0, 1.0, 6.0, 7.0, 9.0, 4.0, 2.0, 6.0, 6.0, 5.0, 7.0, 11.0, 6.0, 0.0]]
