90 8756.619999999999 0 1680 1 1680
[74.27, 7.03, 59.82, 77.68, 74.07, 45.24, 21.76, 14.59, 54.62, 49.3, 17.01, 17.75, 93.08, 22.88, 82.6, 10.87, 16.43, 87.63, 58.15, 52.1, 41.87, 22.43, 55.63, 12.38, 85.64, 87.56, 26.54, 7.98, 57.67, 85.41, 81.51, 86.03, 55.9, 13.96, 78.69, 7.19, 49.05, 74.94, 49.3, 46.88, 17.62, 92.29, 21.48, 88.07, 51.07, 84.17, 17.31, 43.61, 47.18, 16.73, 21.99, 57.69, 81.77, 88.49, 24.25, 58.69, 23.59, 92.74, 12.37, 85.34, 24.59, 80.86, 89.81, 84.43, 77.91, 46.62, 86.36, 85.32, 43.63, 87.62, 7.18, 13.73, 78.02, 91.91, 79.18, 57.22, 91.56, 82.46, 50.86, 47.65, 51.46, 43.35, 47.74, 84.68, 53.46, 79.24, 92.12, 23.93, 47.5, 58.39]
[88.16, 46.48, 48.5, 59.04, 9.38, 47.38, 9.83, 41.38, 47.05, 53.52, 7.1, 17.78, 9.49, 75.18, 89.83, 17.27, 55.09, 85.2, 91.85, 20.37, 46.18, 20.73, 25.33, 58.97, 7.09, 73.83, 45.42, 16.18, 86.3, 84.89, 50.98, 87.61, 79.34, 85.69, 46.71, 74.73, 88.32, 81.41, 42.87, 43.13, 18.87, 91.75, 13.44, 45.82, 43.71, 49.34, 15.29, 16.72, 25.54, 90.77, 91.51, 85.75, 20.46, 58.99, 52.61, 81.52, 92.95, 23.51, 19.82, 44.63, 8.7, 24.5, 49.11, 45.86, 74.36, 87.57, 56.42, 43.63, 43.23, 79.64, 43.46, 92.13, 75.44, 51.98, 50.33, 87.39, 73.75, 53.59, 42.38, 15.64, 56.81, 50.31, 74.55, 40.5, 80.04, 41.56, 45.94, 7.39, 12.89, 42.69]
[9, 4, 5, 6, 3, 5, 1, 4, 5, 5, 1, 1, 3, 7, 9, 1, 4, 9, 8, 2, 5, 1, 2, 4, 3, 9, 4, 1, 8, 9, 6, 9, 8, 7, 6, 7, 8, 9, 5, 5, 1, 9, 1, 6, 5, 6, 1, 2, 2, 7, 7, 8, 3, 6, 4, 8, 7, 3, 1, 6, 1, 3, 6, 6, 9, 8, 6, 6, 5, 9, 4, 7, 9, 6, 6, 8, 9, 6, 5, 2, 5, 5, 8, 6, 8, 6, 6, 1, 2, 5]
[1, 2, 3, 4, 5, 6, 7, 8, 9, 10, 11, 12, 13, 14, 15, 16, 17, 18, 19, 20, 21, 22, 23, 24, 25, 26, 27, 28, 29, 30, 31, 32, 33, 34, 35, 36, 37, 38, 39, 40, 41, 42, 43, 44, 45, 46, 47, 48, 49, 50, 51, 52, 53, 54, 55, 56, 57, 58, 59, 60, 61, 62, 63, 64, 65, 66, 67, 68, 69, 70, 71, 72, 73, 74, 75, 76, 77, 78, 79, 80, 81, 82, 83, 84, 85, 86, 87, 88, 89, 90]
[2, 3, 3, 3, 1, 3, 2, 3, 3, 3, 2, 2, 1, 2, 2, 2, 3, 2, 1, 2, 3, 2, 2, 3, 1, 2, 3, 2, 1, 2, 3, 2, 1, 2, 3, 2, 1, 2, 3, 3, 2, 2, 2, 3, 3, 3, 2, 2, 2, 2, 2, 1, 1, 3, 3, 1, 2, 1, 2, 3, 2, 1, 3, 3, 2, 1, 3, 3, 3, 2, 3, 2, 2, 3, 3, 1, 2, 3, 3, 2, 3, 3, 1, 3, 1, 3, 3, 2, 2, 3]
[3, 2, 2, 1, 3, 2, 3, 2, 2, 2, 3, 3, 3, 2, 3, 3, 2, 3, 1, 3, 2, 3, 3, 2, 3, 3, 2, 3, 1, 3, 1, 3, 1, 2, 1, 2, 1, 3, 2, 2, 3, 3, 3, 1, 2, 1, 3, 3, 3, 2, 2, 1, 3, 1, 2, 1, 2, 3, 3, 1, 3, 3, 1, 1, 3, 1, 1, 1, 2, 3, 2, 2, 3, 1, 1, 1, 3, 1, 2, 3, 2, 2, 1, 1, 1, 1, 1, 3, 3, 2]
[4, 4, 2, 6, 6, 4, 5, 7, 8, 1, 5, 3, 2, 8, 4, 10, 10, 1, 9, 9, 5, 3, 8, 2, 8, 4, 2, 2, 7, 2, 9, 5, 1, 10, 10, 8, 4, 10, 7, 10, 5, 4, 7, 2, 8, 1, 1, 10, 9, 1, 4, 3, 6, 3, 5, 8, 3, 6, 7, 8, 5, 1, 6, 9, 1, 6, 8, 3, 6, 10, 1, 5, 7, 2, 8, 5, 1, 5, 6, 5, 7, 9, 5, 1, 10, 1, 9, 10, 6, 6]
[2305.31, 2314.84, 1320.82, 3736.59, 3696.04, 2311.83, 1470.34, 3019.11, 4671.46, 1879.54, 1801.69, 3081.73, 2492.96, 4446.52, 2325.37, 2533.62, 2420.79, 4387.83, 3105.66, 2700.14, 2982.99, 3515.98, 4551.28, 1840.08, 4657.59, 2310.53, 2473.68, 1665.23, 3287.52, 1602.09, 3157.7, 2924.73, 2860.41, 3318.95, 1759.14, 4605.22, 2301.24, 2766.8, 1351.34, 2984.29, 4019.84, 2309.34, 3010.56, 1626.65, 4501.74, 3092.94, 2681.72, 1876.55, 2375.8, 2679.0, 2319.66, 3241.35, 3733.8, 3240.88, 2981.73, 4511.55, 3386.44, 3758.1, 3423.02, 4689.3, 1698.94, 3241.93, 3797.8, 2762.94, 3108.68, 3672.45, 4562.05, 3222.79, 3631.95, 3295.14, 3576.43, 2810.26, 2783.37, 1535.38, 4502.59, 4281.25, 3526.06, 4105.8, 3716.79, 1985.37, 1770.09, 2347.93, 2950.23, 3923.42, 2301.4, 3236.43, 3218.17, 3090.87, 3776.7, 3747.95]
[0.83, 0.82, 0.98, 0.58, 0.6, 0.84, 0.17, 0.62, 0.62, 0.29, 0.53, 0.46, 0.73, 0.82, 0.84, 0.18, 0.31, 0.27, 0.63, 0.59, 0.85, 0.44, 0.95, 0.79, 0.84, 0.84, 0.85, 0.89, 0.85, 0.97, 0.68, 0.38, 0.39, 0.54, 0.62, 0.85, 0.85, 0.15, 0.68, 0.46, 0.37, 0.85, 0.77, 0.84, 0.7, 0.25, 0.29, 0.35, 0.67, 0.33, 0.83, 0.64, 0.69, 0.42, 0.44, 0.88, 0.45, 0.68, 0.74, 0.64, 0.45, 0.25, 0.55, 0.56, 0.36, 0.68, 0.76, 0.37, 0.62, 0.17, 0.31, 0.24, 0.98, 0.7, 0.66, 0.16, 0.27, 0.44, 0.68, 0.19, 0.97, 0.72, 0.58, 0.32, 0.48, 0.32, 0.64, 0.59, 0.73, 0.52]
[0.5, 1.01, 1.03, 1.06, 0.82, 0.84, 1.05, 0.62, 1.04, 0.98, 0.83, 0.57, 0.91, 0.75, 0.99, 0.63, 0.83, 0.67, 0.81, 0.95, 1.02, 1.0, 0.82, 1.06, 0.73, 0.5, 0.7, 0.73, 0.99, 0.94, 0.82, 0.65, 1.1, 0.72, 1.1, 0.77, 0.74, 0.82, 1.03, 0.79, 0.52, 1.09, 0.72, 1.01, 1.06, 1.1, 0.76, 0.82, 0.93, 0.51, 0.93, 0.51, 0.75, 0.73, 0.91, 0.62, 1.07, 0.59, 1.03, 1.06, 0.7, 0.56, 1.01, 0.83, 0.56, 0.79, 0.54, 0.63, 0.99, 0.74, 0.82, 0.97, 1.02, 0.86, 0.78, 0.93, 0.69, 0.65, 0.93, 0.56, 0.67, 0.88, 1.08, 0.92, 0.83, 0.78, 0.78, 0.55, 0.9, 0.99]
[0.77, 0.67, 0.94, 0.56, 0.8, 0.61, 0.86, 1.0, 0.8, 0.86, 1.05, 1.02, 1.09, 0.76, 0.86, 0.68, 0.97, 1.0, 0.72, 1.09, 0.66, 0.9, 1.01, 0.89, 0.91, 0.89, 0.56, 0.81, 0.83, 0.67, 0.79, 1.01, 0.6, 0.81, 1.05, 0.86, 0.9, 0.89, 1.09, 0.86, 0.58, 0.64, 0.85, 0.88, 1.06, 0.89, 0.96, 0.74, 0.84, 0.82, 0.53, 0.87, 0.85, 0.52, 0.83, 0.67, 0.64, 0.93, 1.0, 0.69, 0.83, 0.67, 0.76, 0.8, 0.76, 0.93, 1.06, 0.61, 0.66, 0.69, 0.79, 0.76, 0.79, 0.64, 0.71, 0.6, 0.95, 0.58, 0.51, 0.83, 0.57, 0.76, 1.09, 0.79, 1.08, 0.7, 0.75, 0.52, 0.68, 0.79]
[1.08, 0.51, 0.72, 0.83, 1.09, 0.55, 1.07, 0.92, 1.07, 0.72, 0.97, 0.95, 1.03, 0.84, 0.71, 0.86, 0.6, 0.57, 0.98, 1.0, 0.88, 0.77, 0.54, 0.52, 0.78, 0.83, 0.53, 1.02, 1.0, 0.87, 0.54, 0.89, 0.75, 0.63, 0.9, 1.05, 0.61, 0.94, 1.04, 0.79, 1.03, 0.56, 0.77, 0.89, 0.85, 0.78, 0.53, 0.62, 1.0, 0.57, 0.68, 0.59, 0.67, 0.92, 0.95, 0.81, 1.09, 0.63, 0.94, 0.6, 0.91, 0.87, 0.82, 1.04, 0.66, 0.88, 0.59, 0.73, 0.89, 0.92, 0.65, 0.59, 0.9, 0.59, 1.07, 1.01, 0.64, 0.82, 0.65, 1.03, 0.69, 1.06, 0.82, 0.51, 0.86, 1.02, 0.96, 0.77, 0.78, 0.54]
[1.08, 0.81, 0.55, 0.82, 0.88, 0.76, 0.78, 0.82, 0.72, 0.5, 1.01, 0.6, 0.68, 0.78, 0.97, 0.59, 0.69, 0.94, 0.92, 0.84, 0.68, 0.53, 0.73, 1.02, 0.56, 0.79, 0.67, 0.94, 0.51, 0.54, 0.84, 0.86, 0.83, 0.98, 0.63, 0.62, 0.54, 0.78, 0.6, 0.57, 1.08, 0.8, 0.76, 0.86, 0.71, 1.05, 0.74, 0.73, 0.72, 0.85, 1.05, 0.83, 0.87, 0.53, 0.58, 0.95, 0.71, 1.07, 0.82, 1.04, 0.86, 1.04, 0.77, 0.74, 0.72, 0.6, 0.99, 0.89, 0.87, 1.07, 1.06, 0.61, 0.9, 0.88, 0.76, 0.79, 0.74, 1.08, 0.96, 1.01, 0.92, 0.64, 0.69, 0.68, 0.83, 1.06, 0.77, 0.79, 0.81, 0.83]
[0.95, 0.98, 1.02, 0.58, 1.08, 1.07, 0.94, 0.98, 1.09, 0.55, 0.63, 0.54, 0.92, 0.55, 0.8, 0.62, 0.62, 1.04, 0.81, 0.91, 0.74, 0.65, 0.82, 0.76, 0.57, 0.62, 0.73, 0.76, 0.79, 0.81, 0.9, 0.54, 0.86, 0.82, 0.65, 0.62, 0.67, 0.63, 0.93, 0.54, 0.96, 0.59, 1.04, 0.9, 1.04, 0.52, 0.52, 0.82, 1.06, 0.76, 0.55, 1.07, 0.69, 0.68, 0.8, 0.98, 0.8, 0.61, 1.02, 0.61, 0.92, 0.74, 1.01, 0.76, 0.82, 0.94, 0.8, 0.8, 1.1, 1.05, 0.73, 1.04, 0.64, 0.91, 0.66, 0.97, 0.76, 0.89, 0.98, 1.01, 1.01, 1.08, 0.92, 0.96, 1.08, 0.57, 0.63, 0.91, 0.54, 0.65]
[0.42, 0.28, 0.39, 0.23, 0.68, 0.23, 0.71, 0.46, 0.7, 0.17, 0.54, 0.18, 0.64, 0.21, 0.47, 0.14, 0.2, 0.38, 0.43, 0.78, 0.29, 0.23, 0.27, 0.38, 0.17, 0.18, 0.1, 0.43, 0.33, 0.24, 0.27, 0.27, 0.35, 0.29, 0.42, 0.26, 0.15, 0.33, 0.65, 0.17, 0.32, 0.18, 0.37, 0.61, 0.7, 0.42, 0.15, 0.23, 0.6, 0.15, 0.19, 0.23, 0.26, 0.13, 0.33, 0.32, 0.42, 0.23, 0.81, 0.28, 0.41, 0.25, 0.49, 0.39, 0.16, 0.36, 0.27, 0.2, 0.56, 0.53, 0.32, 0.28, 0.42, 0.26, 0.29, 0.43, 0.23, 0.3, 0.29, 0.49, 0.25, 0.49, 0.61, 0.24, 0.7, 0.33, 0.27, 0.16, 0.21, 0.22]
[643.92, 420.97, 686.59, 849.02, 800.64, 458.2, 104.62, 623.63, 52.7, 307.48, 98.26, 194.16, 988.88, 70.52, 472.35, 378.84, 316.04, 610.5, 203.18, 363.5, 178.55, 289.26, 74.27, 872.9, 65.68, 626.81, 772.69, 1024.74, 468.0, 681.85, 202.31, 113.94, 241.96, 571.67, 626.88, 80.86, 394.29, 435.36, 587.06, 525.01, 180.26, 358.7, 207.8, 665.45, 221.69, 297.35, 347.3, 367.66, 239.36, 462.02, 557.18, 303.86, 1651.6, 252.62, 138.79, 233.1, 208.58, 510.32, 278.92, 131.9, 192.47, 419.07, 1267.41, 207.17, 874.83, 560.06, 347.49, 221.65, 640.75, 387.62, 545.78, 177.28, 374.0, 796.77, 34.57, 131.79, 602.79, 153.43, 497.05, 151.42, 421.68, 228.82, 180.12, 368.22, 524.51, 929.19, 169.8, 412.59, 1020.35, 1438.48]
[282.16, 123.94, 268.18, 189.9, 557.26, 109.69, 76.5, 288.48, 37.28, 49.19, 53.56, 38.45, 631.09, 13.25, 225.77, 43.46, 61.3, 224.46, 92.25, 294.93, 56.33, 66.04, 21.4, 336.24, 9.66, 115.7, 82.38, 430.38, 150.73, 169.54, 56.84, 31.7, 79.38, 174.58, 259.62, 16.71, 57.17, 153.53, 361.93, 78.37, 59.7, 63.68, 75.4, 414.06, 151.34, 120.81, 62.05, 88.45, 138.23, 76.21, 111.96, 68.33, 479.42, 31.96, 43.39, 76.1, 87.2, 125.74, 221.61, 38.82, 72.07, 107.84, 627.49, 83.86, 158.59, 211.88, 91.09, 48.81, 354.3, 202.3, 164.75, 46.18, 144.3, 210.79, 9.19, 59.78, 129.6, 45.07, 138.1, 74.76, 111.2, 107.58, 112.24, 85.43, 361.38, 342.82, 46.03, 66.91, 205.55, 332.52]
[2719.62, 1604.85, 2932.95, 3745.08, 3503.2, 1791.0, 23.11, 2618.15, -236.51, 1037.38, -8.68, 470.79, 4444.39, -147.4, 1861.73, 1394.2, 1080.18, 2552.5, 515.9, 1317.48, 392.73, 946.31, -128.67, 3864.51, -171.59, 2634.04, 3363.44, 4623.72, 1840.0, 2909.26, 511.53, 69.68, 709.82, 2358.37, 2634.4, -95.69, 1471.47, 1676.8, 2435.3, 2125.06, 401.31, 1293.52, 538.98, 2827.27, 608.46, 986.75, 1236.52, 1338.3, 696.78, 1810.1, 2285.9, 1019.28, 7758.02, 763.08, 193.95, 665.51, 542.89, 2051.62, 894.61, 159.52, 462.37, 1595.33, 5837.04, 535.86, 3874.13, 2300.31, 1237.46, 608.24, 2703.73, 1438.1, 2228.89, 386.41, 1369.99, 3483.85, -327.15, 158.97, 2513.94, 267.13, 1985.25, 257.08, 1608.39, 644.12, 400.61, 1341.08, 2122.54, 4145.94, 349.0, 1562.93, 4601.76, 6692.39]
[910.79, 119.71, 840.88, 449.49, 2286.3, 48.46, -117.52, 942.4, -313.59, -254.04, -232.21, -307.73, 2655.46, -433.77, 628.85, -282.68, -193.48, 622.3, -38.73, 974.64, -218.37, -169.78, -392.99, 1181.2, -451.71, 78.5, -88.09, 1651.89, 253.66, 347.72, -215.78, -341.5, -103.08, 372.91, 798.12, -416.43, -214.16, 267.65, 1309.63, -108.14, -201.52, -181.62, -123.02, 1570.29, 256.69, 104.07, -189.77, -57.76, 191.13, -118.95, 59.8, -158.37, 1897.08, -340.22, -283.03, -119.52, -63.98, 128.71, 608.04, -305.91, -139.65, 39.18, 2637.47, -80.7, 292.96, 559.41, -44.54, -255.94, 1271.49, 511.52, 323.73, -269.11, 221.51, 553.93, -454.03, -201.09, 148.02, -274.64, 190.48, -126.19, 55.98, 37.88, 61.19, -72.86, 1306.89, 1214.08, -269.87, -165.45, 527.77, 1162.6]
[69.16, 92.59, 52.83, 149.46, 73.92, 92.47, 44.11, 120.76, 186.86, 75.18, 54.05, 92.45, 49.86, 133.4, 69.76, 76.01, 96.83, 131.63, 62.11, 81.0, 119.32, 105.48, 136.54, 73.6, 93.15, 69.32, 98.95, 49.96, 65.75, 48.06, 126.31, 87.74, 57.21, 99.57, 70.37, 138.16, 46.02, 83.0, 54.05, 119.37, 120.6, 69.28, 90.32, 65.07, 180.07, 123.72, 80.45, 56.3, 71.27, 80.37, 69.59, 64.83, 74.68, 129.64, 119.27, 90.23, 101.59, 75.16, 102.69, 187.57, 50.97, 64.84, 151.91, 110.52, 93.26, 73.45, 182.48, 128.91, 145.28, 98.85, 143.06, 84.31, 83.5, 61.42, 180.1, 85.62, 105.78, 164.23, 148.67, 59.56, 70.8, 93.92, 59.0, 156.94, 46.03, 129.46, 128.73, 92.73, 113.3, 149.92]
[92, 138, 79, 224, 73, 138, 58, 181, 280, 112, 72, 123, 49, 177, 93, 101, 145, 175, 62, 108, 178, 140, 182, 110, 93, 92, 148, 66, 65, 64, 189, 116, 57, 132, 105, 184, 46, 110, 81, 179, 160, 92, 120, 97, 270, 185, 107, 75, 95, 107, 92, 64, 74, 194, 178, 90, 135, 75, 136, 281, 67, 64, 227, 165, 124, 73, 273, 193, 217, 131, 214, 112, 111, 92, 270, 85, 141, 246, 223, 79, 106, 140, 59, 235, 46, 194, 193, 123, 151, 224]
[355, 1657, 46, 1055, 535, 407, 1124, 937, 1575, 1048, 210, 373, 1567, 847, 76, 1048, 1479, 1613, 98, 1579, 1270, 1048, 440, 157, 1481, 776, 964, 1264, 495, 827, 991, 905, 415, 1071, 1408, 1237, 439, 47, 848, 1281, 1319, 196, 789, 1590, 921, 1037, 601, 719, 1008, 500, 1285, 158, 1485, 1677, 1481, 860, 1216, 214, 118, 196, 1134, 1138, 639, 922, 424, 1221, 255, 795, 148, 1459, 1491, 598, 266, 673, 926, 1387, 1020, 264, 470, 103, 554, 1360, 736, 587, 1120, 1666, 226, 361, 1182, 1211]
[1363, 1680, 382, 1680, 1207, 743, 1680, 1680, 1680, 1680, 882, 1381, 1680, 1183, 1420, 1680, 1680, 1680, 1106, 1680, 1680, 1680, 776, 493, 1680, 1448, 1680, 1600, 1680, 1680, 1327, 1577, 1087, 1680, 1680, 1680, 1111, 719, 1680, 1680, 1680, 1540, 1680, 1680, 1680, 1680, 1273, 1680, 1344, 836, 1621, 494, 1680, 1680, 1680, 1680, 1680, 1680, 454, 1204, 1680, 1680, 1680, 1680, 1680, 1557, 1680, 1680, 484, 1680, 1680, 1606, 1274, 1680, 1598, 1680, 1680, 1680, 1680, 439, 1562, 1680, 1680, 1680, 1456, 1680, 562, 1033, 1680, 1547]
2
[0.0, 0.0]
[66.67, 66.67]
[[0, 0, 77, 21, 62, 78, 93, 49, 60, 29, 58, 51, 61, 52, 109, 24, 85, 50, 20, 89, 63, 69, 46, 51, 69, 14, 104, 87, 33, 51, 60, 87, 83, 88, 57, 23, 81, 10, 53, 76, 54, 52, 50, 95, 57, 90, 55, 85, 54, 66, 62, 29, 33, 60, 93, 88, 28, 60, 35, 102, 48, 88, 62, 91, 91, 86, 78, 51, 86, 88, 49, 88, 24, 28, 78, 93, 80, 60, 91, 83, 56, 69, 52, 46, 48, 88, 55, 83, 94, 63, 71, 63], [0, 0, 77, 21, 62, 78, 93, 49, 60, 29, 58, 51, 61, 52, 109, 24, 85, 50, 20, 89, 63, 69, 46, 51, 69, 14, 104, 87, 33, 51, 60, 87, 83, 88, 57, 23, 81, 10, 53, 76, 54, 52, 50, 95, 57, 90, 55, 85, 54, 66, 62, 29, 33, 60, 93, 88, 28, 60, 35, 102, 48, 88, 62, 91, 91, 86, 78, 51, 86, 88, 49, 88, 24, 28, 78, 93, 80, 60, 91, 83, 56, 69, 52, 46, 48, 88, 55, 83, 94, 63, 71, 63], [77, 77, 0, 79, 42, 29, 78, 50, 94, 75, 45, 42, 99, 90, 80, 53, 8, 95, 66, 13, 16, 71, 53, 85, 65, 68, 81, 19, 64, 97, 16, 11, 37, 11, 20, 60, 41, 68, 25, 6, 51, 52, 89, 18, 91, 44, 50, 40, 92, 77, 68, 57, 52, 16, 68, 32, 61, 16, 50, 67, 92, 44, 93, 64, 42, 43, 14, 27, 33, 45, 54, 15, 80, 60, 13, 40, 38, 17, 22, 35, 51, 77, 38, 48, 29, 48, 22, 46, 45, 95, 79, 48], [21, 21, 79, 0, 52, 71, 76, 38, 39, 9, 47, 42, 40, 30, 93, 32, 87, 29, 12, 89, 68, 52, 34, 29, 53, 13, 87, 85, 19, 30, 64, 87, 74, 89, 58, 39, 71, 28, 59, 76, 42, 39, 29, 96, 36, 81, 44, 77, 32, 47, 45, 45, 47, 64, 79, 82, 18, 62, 49, 88, 27, 78, 41, 77, 82, 77, 76, 57, 79, 78, 36, 87, 3, 46, 76, 85, 72, 64, 88, 75, 44, 51, 45, 36, 49, 77, 57, 72, 85, 42, 52, 51], [62, 62, 42, 52, 0, 20, 41, 14, 54, 45, 5, 11, 59, 52, 51, 45, 47, 58, 43, 46, 43, 29, 18, 46, 23, 48, 48, 37, 33, 61, 37, 44, 21, 47, 31, 59, 18, 58, 41, 36, 11, 14, 51, 54, 51, 28, 9, 24, 53, 35, 26, 60, 57, 37, 35, 30, 35, 33, 57, 41, 55, 25, 53, 31, 30, 24, 31, 41, 27, 25, 17, 41, 52, 63, 32, 32, 19, 38, 40, 23, 10, 35, 11, 16, 28, 26, 32, 20, 32, 54, 37, 5], [78, 78, 29, 71, 20, 0, 49, 34, 74, 65, 25, 28, 79, 72, 51, 57, 31, 78, 61, 27, 38, 46, 38, 67, 40, 65, 52, 17, 52, 81, 33, 26, 8, 29, 29, 69, 12, 72, 40, 22, 32, 34, 72, 35, 72, 16, 30, 11, 74, 54, 45, 68, 64, 33, 38, 10, 53, 29, 63, 38, 76, 16, 73, 34, 15, 14, 15, 42, 9, 17, 37, 22, 72, 72, 16, 15, 8, 34, 20, 7, 31, 52, 26, 35, 33, 19, 32, 17, 19, 74, 55, 25], [93, 93, 78, 76, 41, 49, 0, 47, 52, 67, 42, 50, 57, 56, 19, 83, 80, 63, 73, 77, 83, 24, 48, 52, 24, 79, 11, 65, 59, 66, 78, 76, 42, 79, 72, 97, 37, 93, 82, 72, 41, 43, 57, 84, 52, 39, 41, 41, 57, 31, 31, 99, 97, 78, 13, 51, 65, 73, 97, 23, 62, 37, 49, 16, 42, 37, 65, 82, 48, 36, 45, 71, 75, 102, 66, 46, 41, 79, 66, 44, 40, 27, 52, 51, 70, 32, 73, 32, 40, 50, 26, 36], [49, 49, 50, 38, 14, 34, 47, 0, 44, 31, 9, 7, 49, 40, 61, 35, 56, 45, 29, 56, 46, 27, 3, 35, 24, 34, 57, 49, 18, 48, 40, 54, 36, 57, 33, 49, 33, 46, 41, 45, 6, 4, 39, 64, 41, 42, 6, 38, 42, 30, 21, 51, 49, 40, 45, 44, 21, 36, 50, 53, 42, 40, 43, 42, 44, 39, 42, 40, 42, 40, 4, 53, 38, 54, 43, 46, 34, 41, 53, 37, 7, 31, 11, 3, 27, 40, 33, 34, 46, 45, 34, 13], [60, 60, 94, 39, 54, 74, 52, 44, 0, 32, 49, 51, 5, 8, 71, 65, 100, 13, 45, 100, 89, 32, 41, 10, 37, 50, 63, 91, 35, 15, 84, 98, 72, 100, 77, 76, 67, 66, 83, 89, 43, 41, 9, 108, 3, 75, 44, 73, 7, 22, 29, 81, 81, 83, 60, 82, 42, 80, 83, 72, 13, 72, 3, 60, 78, 72, 85, 81, 79, 71, 39, 95, 36, 82, 86, 81, 70, 85, 94, 74, 43, 26, 55, 45, 69, 69, 77, 65, 79, 3, 25, 49], [29, 29, 75, 9, 45, 65, 67, 31, 32, 0, 40, 36, 34, 23, 84, 34, 83, 24, 13, 85, 66, 43, 27, 22, 44, 17, 78, 79, 12, 26, 62, 83, 67, 85, 56, 44, 64, 34, 58, 72, 34, 32, 22, 92, 28, 73, 36, 70, 26, 38, 36, 49, 50, 61, 70, 75, 14, 59, 52, 80, 21, 70, 34, 68, 75, 69, 71, 56, 73, 70, 29, 82, 7, 50, 71, 78, 65, 62, 83, 68, 36, 41, 39, 30, 46, 70, 54, 64, 77, 35, 43, 43], [58, 58, 45, 47, 5, 25, 42, 9, 49, 40, 0, 8, 54, 47, 53, 42, 51, 52, 39, 50, 44, 26, 12, 41, 21, 43, 50, 42, 28, 55, 39, 48, 27, 51, 32, 56, 24, 54, 41, 39, 6, 8, 46, 58, 47, 33, 4, 29, 49, 32, 22, 57, 55, 38, 38, 35, 30, 34, 55, 44, 50, 30, 48, 34, 35, 29, 35, 41, 33, 30, 11, 46, 47, 60, 36, 37, 24, 40, 45, 28, 6, 32, 10, 11, 28, 30, 33, 25, 37, 50, 34, 5], [51, 51, 42, 42, 11, 28, 50, 7, 51, 36, 8, 0, 56, 47, 62, 34, 49, 52, 32, 49, 39, 33, 10, 42, 28, 37, 58, 43, 24, 55, 33, 47, 32, 50, 26, 47, 30, 47, 34, 37, 10, 10, 46, 57, 48, 39, 9, 35, 49, 37, 28, 49, 46, 33, 46, 39, 25, 29, 47, 52, 49, 37, 51, 42, 40, 35, 35, 34, 37, 37, 11, 46, 43, 52, 36, 42, 30, 34, 46, 33, 11, 37, 3, 6, 21, 37, 26, 32, 43, 52, 40, 14], [61, 61, 99, 40, 59, 79, 57, 49, 5, 34, 54, 56, 0, 10, 76, 68, 105, 11, 47, 105, 94, 37, 46, 14, 42, 52, 68, 97, 39, 12, 89, 103, 78, 106, 82, 78, 73, 68, 87, 94, 48, 46, 11, 113, 7, 80, 49, 79, 8, 28, 35, 83, 84, 88, 66, 88, 46, 85, 86, 77, 13, 77, 7, 66, 84, 77, 90, 85, 85, 77, 44, 101, 37, 85, 91, 87, 75, 89, 99, 80, 48, 31, 60, 50, 74, 75, 81, 71, 84, 6, 31, 54], [52, 52, 90, 30, 52, 72, 56, 40, 8, 23, 47, 47, 10, 0, 75, 57, 96, 6, 37, 97, 84, 34, 37, 5, 38, 41, 68, 89, 28, 9, 79, 95, 71, 97, 72, 68, 67, 57, 77, 85, 40, 38, 1, 105, 5, 75, 42, 73, 2, 25, 30, 72, 73, 78, 64, 81, 35, 75, 75, 75, 5, 72, 11, 63, 78, 72, 82, 75, 78, 72, 36, 93, 27, 74, 83, 81, 69, 80, 92, 73, 41, 29, 51, 41, 64, 70, 71, 65, 79, 12, 30, 47], [109, 109, 80, 93, 51, 51, 19, 61, 71, 84, 53, 62, 76, 75, 0, 96, 81, 82, 89, 75, 89, 42, 62, 71, 40, 94, 7, 64, 75, 85, 84, 75, 43, 78, 79, 109, 39, 107, 90, 74, 55, 57, 76, 82, 71, 36, 54, 40, 75, 49, 48, 111, 108, 84, 15, 49, 81, 79, 108, 14, 81, 35, 68, 19, 39, 37, 66, 90, 47, 35, 59, 70, 92, 114, 67, 42, 43, 85, 64, 45, 53, 45, 63, 64, 79, 32, 80, 34, 36, 69, 45, 48], [24, 24, 53, 32, 45, 57, 83, 35, 65, 34, 42, 34, 68, 57, 96, 0, 61, 59, 21, 65, 39, 62, 34, 54, 59, 19, 92, 64, 29, 60, 36, 63, 63, 64, 33, 13, 62, 15, 29, 52, 41, 40, 56, 71, 61, 71, 42, 66, 60, 62, 55, 16, 16, 36, 80, 67, 22, 36, 17, 86, 56, 69, 66, 77, 71, 68, 55, 26, 66, 69, 38, 64, 35, 19, 55, 72, 61, 36, 68, 63, 43, 64, 33, 32, 24, 70, 30, 65, 75, 67, 66, 48], [85, 85, 8, 87, 47, 31, 80, 56, 100, 83, 51, 49, 105, 96, 81, 61, 0, 102, 74, 6, 24, 75, 59, 91, 69, 76, 82, 16, 71, 104, 25, 5, 38, 4, 28, 68, 43, 76, 33, 11, 57, 58, 96, 9, 97, 44, 55, 40, 99, 82, 73, 65, 60, 25, 69, 31, 69, 25, 59, 67, 99, 45, 99, 65, 41, 44, 16, 36, 33, 46, 60, 11, 88, 68, 15, 38, 39, 25, 18, 36, 57, 82, 45, 55, 38, 49, 30, 48, 44, 101, 84, 52], [50, 50, 95, 29, 58, 78, 63, 45, 13, 24, 52, 52, 11, 6, 82, 59, 102, 0, 38, 102, 88, 41, 42, 12, 45, 41, 75, 95, 32, 3, 83, 100, 78, 102, 76, 68, 73, 57, 80, 90, 46, 44, 6, 110, 11, 82, 48, 80, 6, 32, 37, 73, 75, 82, 70, 88, 37, 80, 76, 82, 2, 79, 16, 70, 85, 78, 88, 78, 85, 78, 41, 98, 26, 74, 88, 88, 75, 84, 98, 80, 47, 36, 56, 46, 68, 77, 75, 72, 86, 16, 36, 53], [20, 20, 66, 12, 43, 61, 73, 29, 45, 13, 39, 32, 47, 37, 89, 21, 74, 38, 0, 77, 55, 49, 26, 34, 49, 5, 84, 73, 13, 39, 51, 75, 65, 76, 46, 30, 62, 21, 46, 64, 35, 32, 36, 84, 41, 72, 36, 67, 39, 47, 42, 35, 36, 51, 73, 72, 8, 49, 38, 82, 35, 69, 47, 71, 73, 68, 64, 44, 69, 69, 29, 75, 14, 37, 64, 75, 62, 52, 77, 66, 36, 50, 35, 27, 36, 69, 44, 64, 76, 48, 52, 43], [89, 89, 13, 89, 46, 27, 77, 56, 100, 85, 50, 49, 105, 97, 75, 65, 6, 102, 77, 0, 30, 73, 60, 91, 67, 79, 78, 11, 72, 105, 29, 2, 34, 2, 32, 73, 39, 81, 38, 13, 57, 58, 96, 8, 97, 39, 55, 36, 99, 81, 72, 71, 65, 29, 65, 26, 71, 29, 64, 61, 99, 40, 99, 61, 36, 39, 14, 41, 28, 41, 60, 5, 90, 74, 13, 33, 35, 30, 12, 32, 56, 80, 45, 56, 41, 44, 34, 44, 39, 100, 82, 51], [63, 63, 16, 68, 43, 38, 83, 46, 89, 66, 44, 39, 94, 84, 89, 39, 24, 88, 55, 30, 0, 71, 48, 79, 66, 56, 89, 34, 56, 90, 5, 28, 47, 28, 12, 44, 49, 53, 9, 19, 49, 50, 83, 34, 86, 54, 48, 49, 86, 76, 67, 41, 36, 6, 75, 44, 51, 10, 34, 76, 85, 54, 89, 71, 53, 52, 26, 12, 45, 55, 50, 31, 70, 44, 25, 52, 46, 4, 37, 45, 50, 76, 35, 44, 20, 57, 12, 54, 57, 91, 79, 49], [69, 69, 71, 52, 29, 46, 24, 27, 32, 43, 26, 33, 37, 34, 42, 62, 75, 41, 49, 73, 71, 0, 27, 29, 6, 55, 36, 64, 35, 44, 66, 72, 42, 75, 59, 75, 37, 70, 68, 65, 22, 23, 34, 81, 31, 44, 23, 43, 35, 9, 7, 78, 77, 65, 29, 53, 42, 61, 77, 40, 39, 41, 29, 29, 47, 41, 59, 67, 49, 40, 24, 69, 50, 81, 60, 50, 40, 67, 66, 45, 22, 6, 36, 31, 54, 38, 59, 34, 47, 31, 8, 23], [46, 46, 53, 34, 18, 38, 48, 3, 41, 27, 12, 10, 46, 37, 62, 34, 59, 42, 26, 60, 48, 27, 0, 32, 24, 32, 58, 53, 15, 45, 43, 58, 39, 60, 36, 48, 36, 44, 42, 48, 8, 5, 36, 67, 38, 46, 9, 42, 39, 29, 21, 51, 49, 42, 47, 48, 18, 39, 50, 55, 39, 43, 41, 44, 48, 42, 45, 41, 45, 43, 3, 56, 34, 53, 46, 50, 37, 43, 56, 41, 9, 31, 14, 4, 28, 43, 35, 37, 50, 42, 33, 16], [51, 51, 85, 29, 46, 67, 52, 35, 10, 22, 41, 42, 14, 5, 71, 54, 91, 12, 34, 91, 79, 29, 32, 0, 33, 39, 64, 84, 25, 15, 74, 89, 66, 92, 67, 65, 61, 56, 72, 80, 34, 33, 5, 99, 7, 70, 36, 68, 7, 21, 25, 70, 70, 73, 59, 76, 31, 70, 72, 70, 10, 67, 12, 58, 73, 66, 77, 71, 73, 66, 30, 87, 27, 71, 77, 76, 64, 75, 87, 68, 35, 25, 46, 36, 59, 65, 66, 60, 74, 13, 26, 42], [69, 69, 65, 53, 23, 40, 24, 24, 37, 44, 21, 28, 42, 38, 40, 59, 69, 45, 49, 67, 66, 6, 24, 33, 0, 54, 35, 58, 35, 48, 61, 66, 36, 69, 54, 73, 31, 69, 63, 59, 18, 19, 38, 75, 36, 38, 18, 37, 39, 14, 8, 76, 74, 60, 26, 47, 41, 56, 74, 37, 43, 35, 35, 25, 41, 35, 53, 62, 43, 34, 21, 63, 51, 78, 54, 45, 34, 62, 60, 38, 17, 12, 31, 27, 49, 32, 54, 28, 41, 36, 14, 17], [14, 14, 68, 13, 48, 65, 79, 34, 50, 17, 43, 37, 52, 41, 94, 19, 76, 41, 5, 79, 56, 55, 32, 39, 54, 0, 89, 76, 19, 43, 52, 77, 69, 79, 48, 26, 67, 16, 46, 66, 40, 37, 40, 86, 46, 76, 41, 72, 43, 52, 48, 32, 33, 52, 79, 76, 13, 51, 35, 87, 39, 74, 51, 76, 78, 73, 67, 44, 74, 74, 34, 78, 16, 33, 67, 79, 67, 53, 80, 70, 41, 55, 39, 32, 38, 74, 46, 69, 80, 52, 57, 48], [104, 104, 81, 87, 48, 52, 11, 57, 63, 78, 50, 58, 68, 68, 7, 92, 82, 75, 84, 78, 89, 36, 58, 64, 35, 89, 0, 66, 70, 78, 84, 77, 44, 80, 78, 106, 40, 103, 89, 75, 50, 52, 69, 84, 64, 38, 50, 42, 68, 43, 42, 108, 105, 83, 13, 51, 76, 79, 105, 17, 74, 37, 61, 18, 42, 38, 67, 89, 49, 36, 55, 72, 86, 111, 68, 45, 43, 85, 66, 46, 49, 38, 60, 60, 77, 33, 79, 35, 39, 61, 38, 44], [87, 87, 19, 85, 37, 17, 65, 49, 91, 79, 42, 43, 97, 89, 64, 64, 16, 95, 73, 11, 34, 64, 53, 84, 58, 76, 66, 0, 67, 98, 32, 11, 23, 13, 32, 74, 28, 80, 41, 14, 49, 50, 88, 18, 89, 28, 47, 24, 91, 72, 62, 72, 67, 32, 53, 14, 66, 29, 66, 50, 92, 29, 90, 49, 24, 28, 9, 43, 17, 30, 53, 5, 85, 76, 9, 22, 24, 33, 3, 20, 48, 70, 39, 50, 39, 33, 34, 33, 28, 92, 72, 42], [33, 33, 64, 19, 33, 52, 59, 18, 35, 12, 28, 24, 39, 28, 75, 29, 71, 32, 13, 72, 56, 35, 15, 25, 35, 19, 70, 67, 0, 34, 51, 70, 55, 72, 44, 42, 52, 35, 48, 60, 22, 20, 28, 80, 32, 61, 24, 57, 31, 33, 28, 46, 46, 50, 60, 63, 7, 48, 47, 69, 29, 58, 36, 58, 63, 57, 58, 46, 60, 58, 17, 70, 19, 48, 59, 65, 52, 51, 70, 56, 24, 36, 27, 17, 36, 58, 43, 52, 65, 38, 38, 31], [51, 51, 97, 30, 61, 81, 66, 48, 15, 26, 55, 55, 12, 9, 85, 60, 104, 3, 39, 105, 90, 44, 45, 15, 48, 43, 78, 98, 34, 0, 85, 103, 81, 105, 79, 69, 77, 58, 83, 93, 49, 47, 10, 113, 13, 85, 51, 83, 9, 35, 40, 75, 76, 85, 73, 91, 39, 82, 78, 85, 5, 82, 18, 73, 88, 81, 90, 81, 88, 82, 44, 101, 27, 76, 91, 91, 78, 86, 101, 83, 50, 39, 59, 49, 70, 80, 78, 75, 89, 18, 39, 56], [60, 60, 16, 64, 37, 33, 78, 40, 84, 62, 39, 33, 89, 79, 84, 36, 25, 83, 51, 29, 5, 66, 43, 74, 61, 52, 84, 32, 51, 85, 0, 27, 42, 28, 7, 43, 44, 51, 8, 17, 44, 44, 78, 35, 81, 50, 43, 45, 81, 70, 61, 41, 36, 0, 70, 41, 47, 4, 34, 71, 80, 50, 84, 66, 49, 48, 23, 11, 41, 50, 45, 30, 66, 44, 23, 48, 41, 1, 36, 41, 44, 71, 30, 38, 15, 53, 7, 49, 53, 85, 74, 43], [87, 87, 11, 87, 44, 26, 76, 54, 98, 83, 48, 47, 103, 95, 75, 63, 5, 100, 75, 2, 28, 72, 58, 89, 66, 77, 77, 11, 70, 103, 27, 0, 34, 2, 30, 71, 38, 78, 36, 11, 55, 56, 94, 9, 95, 39, 53, 35, 97, 79, 70, 68, 63, 27, 64, 26, 69, 26, 62, 61, 97, 40, 97, 60, 36, 39, 12, 38, 28, 41, 59, 5, 88, 72, 11, 33, 35, 28, 12, 31, 54, 78, 44, 54, 39, 44, 32, 43, 39, 98, 81, 50], [83, 83, 37, 74, 21, 8, 42, 36, 72, 67, 27, 32, 78, 71, 43, 63, 38, 78, 65, 34, 47, 42, 39, 66, 36, 69, 44, 23, 55, 81, 42, 34, 0, 36, 38, 75, 5, 78, 49, 31, 33, 35, 71, 42, 70, 8, 31, 3, 73, 51, 42, 76, 72, 42, 30, 10, 57, 38, 71, 29, 75, 7, 70, 26, 8, 5, 23, 50, 7, 8, 38, 29, 74, 79, 24, 10, 2, 43, 24, 2, 31, 48, 30, 38, 41, 10, 40, 9, 11, 72, 51, 24], [88, 88, 11, 89, 47, 29, 79, 57, 100, 85, 51, 50, 106, 97, 78, 64, 4, 102, 76, 2, 28, 75, 60, 92, 69, 79, 80, 13, 72, 105, 28, 2, 36, 0, 31, 72, 41, 79, 36, 12, 57, 59, 96, 7, 98, 41, 56, 38, 99, 82, 73, 69, 64, 28, 67, 28, 71, 28, 62, 64, 100, 42, 100, 63, 38, 41, 15, 39, 31, 43, 61, 8, 90, 72, 14, 36, 37, 28, 14, 34, 57, 81, 46, 56, 40, 47, 33, 46, 42, 101, 84, 52], [57, 57, 20, 58, 31, 29, 72, 33, 77, 56, 32, 26, 82, 72, 79, 33, 28, 76, 46, 32, 12, 59, 36, 67, 54, 48, 78, 32, 44, 79, 7, 30, 38, 31, 0, 42, 39, 48, 11, 19, 37, 37, 71, 38, 74, 46, 35, 41, 74, 63, 54, 40, 36, 6, 64, 38, 41, 3, 35, 66, 73, 45, 77, 60, 45, 43, 22, 12, 38, 46, 38, 31, 60, 44, 22, 45, 37, 8, 36, 36, 37, 64, 22, 31, 9, 48, 2, 44, 49, 78, 66, 36], [23, 23, 60, 39, 59, 69, 97, 49, 76, 44, 56, 47, 78, 68, 109, 13, 68, 68, 30, 73, 44, 75, 48, 65, 73, 26, 106, 74, 42, 69, 43, 71, 75, 72, 42, 0, 75, 12, 35, 61, 55, 53, 66, 78, 72, 84, 56, 79, 70, 75, 68, 5, 9, 43, 94, 79, 34, 44, 12, 100, 65, 82, 77, 90, 84, 80, 64, 32, 78, 82, 51, 73, 42, 6, 64, 84, 74, 43, 78, 75, 56, 77, 47, 45, 35, 83, 39, 78, 87, 78, 80, 61], [81, 81, 41, 71, 18, 12, 37, 33, 67, 64, 24, 30, 73, 67, 39, 62, 43, 73, 62, 39, 49, 37, 36, 61, 31, 67, 40, 28, 52, 77, 44, 38, 5, 41, 39, 75, 0, 76, 51, 34, 29, 32, 67, 47, 66, 9, 27, 6, 68, 46, 37, 76, 72, 44, 26, 15, 54, 40, 71, 27, 71, 6, 66, 22, 11, 5, 27, 51, 12, 7, 35, 34, 71, 79, 28, 14, 3, 46, 29, 7, 28, 43, 29, 35, 41, 8, 41, 5, 13, 67, 46, 20], [10, 10, 68, 28, 58, 72, 93, 46, 66, 34, 54, 47, 68, 57, 107, 15, 76, 57, 21, 81, 53, 70, 44, 56, 69, 16, 103, 80, 35, 58, 51, 78, 78, 79, 48, 12, 76, 0, 44, 68, 52, 50, 56, 86, 62, 85, 53, 81, 60, 68, 63, 18, 22, 51, 92, 82, 27, 51, 24, 99, 55, 83, 68, 89, 86, 82, 70, 41, 81, 84, 48, 80, 31, 18, 70, 87, 76, 51, 84, 78, 54, 71, 47, 43, 40, 84, 46, 79, 89, 69, 73, 60], [53, 53, 25, 59, 41, 40, 82, 41, 83, 58, 41, 34, 87, 77, 90, 29, 33, 80, 46, 38, 9, 68, 42, 72, 63, 46, 89, 41, 48, 83, 8, 36, 49, 36, 11, 35, 51, 44, 0, 26, 45, 45, 76, 43, 79, 57, 44, 52, 79, 71, 62, 32, 27, 9, 75, 49, 43, 11, 25, 78, 77, 56, 83, 71, 56, 55, 32, 2, 49, 57, 45, 39, 61, 35, 31, 56, 48, 8, 44, 48, 45, 72, 31, 38, 13, 59, 9, 55, 60, 84, 75, 46], [76, 76, 6, 76, 36, 22, 72, 45, 89, 72, 39, 37, 94, 85, 74, 52, 11, 90, 64, 13, 19, 65, 48, 80, 59, 66, 75, 14, 60, 93, 17, 11, 31, 12, 19, 61, 34, 68, 26, 0, 46, 47, 84, 20, 86, 37, 44, 33, 87, 71, 62, 58, 53, 17, 61, 26, 58, 16, 52, 60, 87, 38, 88, 57, 35, 36, 7, 28, 27, 39, 49, 12, 77, 62, 6, 33, 31, 18, 18, 28, 45, 71, 34, 44, 28, 42, 21, 40, 39, 89, 73, 42], [54, 54, 51, 42, 11, 32, 41, 6, 43, 34, 6, 10, 48, 40, 55, 41, 57, 46, 35, 57, 49, 22, 8, 34, 18, 40, 50, 49, 22, 49, 44, 55, 33, 57, 37, 55, 29, 52, 45, 46, 0, 2, 39, 65, 40, 38, 1, 35, 42, 26, 17, 57, 55, 43, 39, 42, 26, 39, 56, 47, 43, 36, 42, 36, 40, 35, 42, 44, 39, 36, 5, 53, 42, 60, 43, 43, 30, 45, 52, 34, 1, 27, 14, 9, 31, 35, 37, 29, 42, 43, 30, 9], [52, 52, 52, 39, 14, 34, 43, 4, 41, 32, 8, 10, 46, 38, 57, 40, 58, 44, 32, 58, 50, 23, 5, 33, 19, 37, 52, 50, 20, 47, 44, 56, 35, 59, 37, 53, 32, 50, 45, 47, 2, 0, 38, 66, 39, 41, 4, 37, 40, 26, 17, 56, 54, 43, 41, 44, 24, 40, 54, 49, 41, 38, 41, 38, 43, 37, 44, 44, 41, 38, 3, 54, 39, 59, 44, 45, 33, 45, 54, 37, 4, 27, 14, 8, 31, 37, 37, 32, 45, 42, 30, 11], [50, 50, 89, 29, 51, 72, 57, 39, 9, 22, 46, 46, 11, 1, 76, 56, 96, 6, 36, 96, 83, 34, 36, 5, 38, 40, 69, 88, 28, 10, 78, 94, 71, 96, 71, 66, 67, 56, 76, 84, 39, 38, 0, 104, 6, 75, 41, 73, 3, 26, 30, 71, 72, 77, 64, 81, 34, 74, 74, 75, 5, 72, 12, 63, 78, 72, 81, 74, 78, 72, 35, 92, 26, 73, 82, 81, 69, 79, 92, 73, 40, 30, 50, 40, 63, 70, 70, 65, 79, 13, 30, 47], [95, 95, 18, 96, 54, 35, 84, 64, 108, 92, 58, 57, 113, 105, 82, 71, 9, 110, 84, 8, 34, 81, 67, 99, 75, 86, 84, 18, 80, 113, 35, 9, 42, 7, 38, 78, 47, 86, 43, 20, 65, 66, 104, 0, 105, 46, 63, 43, 107, 89, 80, 75, 70, 35, 72, 32, 78, 35, 68, 68, 107, 47, 107, 68, 42, 46, 22, 45, 35, 48, 68, 12, 97, 78, 21, 39, 43, 35, 18, 39, 64, 88, 53, 64, 47, 51, 40, 51, 45, 108, 90, 59], [57, 57, 91, 36, 51, 72, 52, 41, 3, 28, 47, 48, 7, 5, 71, 61, 97, 11, 41, 97, 86, 31, 38, 7, 36, 46, 64, 89, 32, 13, 81, 95, 70, 98, 74, 72, 66, 62, 79, 86, 40, 39, 6, 105, 0, 74, 42, 72, 4, 22, 28, 77, 78, 80, 60, 81, 39, 77, 79, 71, 11, 71, 5, 60, 77, 70, 83, 78, 77, 70, 37, 93, 33, 79, 83, 80, 68, 82, 92, 73, 41, 26, 52, 42, 66, 68, 73, 64, 77, 6, 26, 47], [90, 90, 44, 81, 28, 16, 39, 42, 75, 73, 33, 39, 80, 75, 36, 71, 44, 82, 72, 39, 54, 44, 46, 70, 38, 76, 38, 28, 61, 85, 50, 39, 8, 41, 46, 84, 9, 85, 57, 37, 38, 41, 75, 46, 74, 0, 37, 5, 77, 53, 45, 84, 80, 50, 26, 13, 64, 46, 79, 22, 80, 2, 73, 22, 3, 3, 30, 58, 10, 3, 44, 33, 80, 87, 31, 7, 9, 51, 28, 9, 37, 50, 38, 44, 49, 6, 48, 9, 4, 74, 52, 29], [55, 55, 50, 44, 9, 30, 41, 6, 44, 36, 4, 9, 49, 42, 54, 42, 55, 48, 36, 55, 48, 23, 9, 36, 18, 41, 50, 47, 24, 51, 43, 53, 31, 56, 35, 56, 27, 53, 44, 44, 1, 4, 41, 63, 42, 37, 0, 33, 44, 27, 18, 58, 55, 42, 38, 40, 28, 38, 56, 46, 45, 34, 43, 35, 39, 33, 40, 44, 37, 34, 7, 51, 43, 61, 41, 41, 28, 44, 50, 32, 1, 28, 13, 10, 31, 33, 36, 28, 41, 45, 31, 7], [85, 85, 40, 77, 24, 11, 41, 38, 73, 70, 29, 35, 79, 73, 40, 66, 40, 80, 67, 36, 49, 43, 42, 68, 37, 72, 42, 24, 57, 83, 45, 35, 3, 38, 41, 79, 6, 81, 52, 33, 35, 37, 73, 43, 72, 5, 33, 0, 75, 52, 43, 79, 75, 45, 28, 10, 60, 41, 74, 27, 77, 4, 72, 25, 5, 3, 25, 53, 7, 5, 40, 30, 77, 82, 26, 8, 5, 46, 25, 4, 34, 49, 33, 40, 44, 8, 43, 9, 8, 73, 51, 26], [54, 54, 92, 32, 53, 74, 57, 42, 7, 26, 49, 49, 8, 2, 75, 60, 99, 6, 39, 99, 86, 35, 39, 7, 39, 43, 68, 91, 31, 9, 81, 97, 73, 99, 74, 70, 68, 60, 79, 87, 42, 40, 3, 107, 4, 77, 44, 75, 0, 26, 31, 75, 76, 81, 64, 83, 37, 78, 77, 75, 6, 74, 9, 64, 79, 73, 84, 78, 80, 73, 38, 95, 29, 76, 85, 83, 71, 82, 94, 75, 43, 30, 53, 43, 66, 71, 74, 67, 80, 10, 30, 49], [66, 66, 77, 47, 35, 54, 31, 30, 22, 38, 32, 37, 28, 25, 49, 62, 82, 32, 47, 81, 76, 9, 29, 21, 14, 52, 43, 72, 33, 35, 70, 79, 51, 82, 63, 75, 46, 68, 71, 71, 26, 26, 26, 89, 22, 53, 27, 52, 26, 0, 9, 78, 77, 70, 38, 61, 40, 66, 78, 49, 31, 50, 20, 38, 56, 50, 67, 70, 58, 49, 26, 76, 45, 81, 68, 59, 48, 71, 74, 53, 26, 4, 40, 33, 57, 47, 64, 43, 56, 21, 5, 29], [62, 62, 68, 45, 26, 45, 31, 21, 29, 36, 22, 28, 35, 30, 48, 55, 73, 37, 42, 72, 67, 7, 21, 25, 8, 48, 42, 62, 28, 40, 61, 70, 42, 73, 54, 68, 37, 63, 62, 62, 17, 17, 30, 80, 28, 45, 18, 43, 31, 9, 0, 71, 70, 61, 34, 53, 35, 57, 71, 45, 35, 42, 28, 33, 48, 42, 57, 62, 49, 42, 18, 67, 43, 74, 58, 51, 40, 62, 65, 45, 17, 9, 31, 25, 49, 40, 54, 35, 49, 29, 12, 20], [29, 29, 57, 45, 60, 68, 99, 51, 81, 49, 57, 49, 83, 72, 111, 16, 65, 73, 35, 71, 41, 78, 51, 70, 76, 32, 108, 72, 46, 75, 41, 68, 76, 69, 40, 5, 76, 18, 32, 58, 57, 56, 71, 75, 77, 84, 58, 79, 75, 78, 71, 0, 5, 41, 95, 78, 38, 42, 7, 101, 71, 82, 82, 92, 84, 81, 63, 30, 77, 83, 54, 71, 48, 3, 63, 84, 74, 40, 76, 75, 59, 81, 48, 48, 34, 84, 38, 79, 87, 83, 83, 63], [33, 33, 52, 47, 57, 64, 97, 49, 81, 50, 55, 46, 84, 73, 108, 16, 60, 75, 36, 65, 36, 77, 49, 70, 74, 33, 105, 67, 46, 76, 36, 63, 72, 64, 36, 9, 72, 22, 27, 53, 55, 54, 72, 70, 78, 80, 55, 75, 76, 77, 70, 5, 0, 36, 92, 74, 38, 38, 2, 98, 72, 78, 82, 89, 79, 77, 58, 24, 73, 79, 52, 66, 50, 8, 58, 80, 70, 35, 71, 71, 56, 80, 45, 46, 30, 80, 33, 75, 83, 84, 82, 60], [60, 60, 16, 64, 37, 33, 78, 40, 83, 61, 38, 33, 88, 78, 84, 36, 25, 82, 51, 29, 6, 65, 42, 73, 60, 52, 83, 32, 50, 85, 0, 27, 42, 28, 6, 43, 44, 51, 9, 17, 43, 43, 77, 35, 80, 50, 42, 45, 81, 70, 61, 41, 36, 0, 69, 40, 47, 4, 34, 71, 80, 49, 83, 65, 48, 48, 23, 11, 41, 50, 44, 30, 65, 44, 22, 48, 41, 1, 35, 40, 43, 70, 29, 38, 14, 52, 7, 49, 52, 85, 73, 43], [93, 93, 68, 79, 35, 38, 13, 45, 60, 70, 38, 46, 66, 64, 15, 80, 69, 70, 73, 65, 75, 29, 47, 59, 26, 79, 13, 53, 60, 73, 70, 64, 30, 67, 64, 94, 26, 92, 75, 61, 39, 41, 64, 72, 60, 26, 38, 28, 64, 38, 34, 95, 92, 69, 0, 39, 65, 65, 92, 11, 69, 24, 58, 4, 29, 25, 54, 75, 36, 23, 44, 59, 78, 98, 55, 33, 29, 71, 54, 33, 37, 34, 47, 48, 63, 20, 65, 21, 27, 59, 35, 32], [88, 88, 32, 82, 30, 10, 51, 44, 82, 75, 35, 39, 88, 81, 49, 67, 31, 88, 72, 26, 44, 53, 48, 76, 47, 76, 51, 14, 63, 91, 41, 26, 10, 28, 38, 79, 15, 82, 49, 26, 42, 44, 81, 32, 81, 13, 40, 10, 83, 61, 53, 78, 74, 40, 39, 0, 64, 37, 73, 35, 85, 14, 81, 35, 9, 13, 18, 50, 3, 15, 47, 20, 82, 81, 19, 7, 12, 42, 15, 8, 41, 59, 37, 45, 43, 18, 40, 19, 13, 82, 61, 34], [28, 28, 61, 18, 35, 53, 65, 21, 42, 14, 30, 25, 46, 35, 81, 22, 69, 37, 8, 71, 51, 42, 18, 31, 41, 13, 76, 66, 7, 39, 47, 69, 57, 71, 41, 34, 54, 27, 43, 58, 26, 24, 34, 78, 39, 64, 28, 60, 37, 40, 35, 38, 38, 47, 65, 64, 0, 44, 40, 74, 34, 61, 43, 63, 65, 60, 57, 41, 62, 61, 21, 68, 19, 40, 58, 67, 54, 47, 70, 58, 28, 43, 27, 19, 32, 61, 40, 56, 68, 45, 46, 35], [60, 60, 16, 62, 33, 29, 73, 36, 80, 59, 34, 29, 85, 75, 79, 36, 25, 80, 49, 29, 10, 61, 39, 70, 56, 51, 79, 29, 48, 82, 4, 26, 38, 28, 3, 44, 40, 51, 11, 16, 39, 40, 74, 35, 77, 46, 38, 41, 78, 66, 57, 42, 38, 4, 65, 37, 44, 0, 36, 67, 77, 45, 80, 61, 44, 43, 20, 13, 37, 46, 41, 28, 64, 46, 20, 44, 37, 6, 33, 36, 39, 66, 25, 34, 12, 48, 5, 44, 48, 81, 69, 38], [35, 35, 50, 49, 57, 63, 97, 50, 83, 52, 55, 47, 86, 75, 108, 17, 59, 76, 38, 64, 34, 77, 50, 72, 74, 35, 105, 66, 47, 78, 34, 62, 71, 62, 35, 12, 71, 24, 25, 52, 56, 54, 74, 68, 79, 79, 56, 74, 77, 78, 71, 7, 2, 34, 92, 73, 40, 36, 0, 97, 73, 78, 84, 89, 79, 76, 57, 23, 72, 79, 53, 65, 52, 9, 57, 79, 70, 34, 70, 70, 57, 80, 45, 46, 30, 80, 32, 75, 83, 85, 83, 61], [102, 102, 67, 88, 41, 38, 23, 53, 72, 80, 44, 52, 77, 75, 14, 86, 67, 82, 82, 61, 76, 40, 55, 70, 37, 87, 17, 50, 69, 85, 71, 61, 29, 64, 66, 100, 27, 99, 78, 60, 47, 49, 75, 68, 71, 22, 46, 27, 75, 49, 45, 101, 98, 71, 11, 35, 74, 67, 97, 0, 80, 22, 69, 11, 25, 23, 52, 78, 33, 21, 52, 56, 87, 104, 53, 28, 30, 73, 50, 31, 45, 45, 53, 56, 68, 18, 68, 22, 22, 70, 46, 39], [48, 48, 92, 27, 55, 76, 62, 42, 13, 21, 50, 49, 13, 5, 81, 56, 99, 2, 35, 99, 85, 39, 39, 10, 43, 39, 74, 92, 29, 5, 80, 97, 75, 100, 73, 65, 71, 55, 77, 87, 43, 41, 5, 107, 11, 80, 45, 77, 6, 31, 35, 71, 72, 80, 69, 85, 34, 77, 73, 80, 0, 77, 16, 68, 82, 76, 85, 75, 82, 76, 39, 96, 24, 72, 86, 85, 73, 81, 95, 77, 44, 35, 53, 43, 65, 75, 72, 70, 83, 16, 35, 51], [88, 88, 44, 78, 25, 16, 37, 40, 72, 70, 30, 37, 77, 72, 35, 69, 45, 79, 69, 40, 54, 41, 43, 67, 35, 74, 37, 29, 58, 82, 50, 40, 7, 42, 45, 82, 6, 83, 56, 38, 36, 38, 72, 47, 71, 2, 34, 4, 74, 50, 42, 82, 78, 49, 24, 14, 61, 45, 78, 22, 77, 0, 70, 20, 6, 1, 30, 57, 11, 0, 41, 35, 78, 85, 31, 9, 8, 51, 29, 9, 34, 47, 36, 42, 48, 4, 47, 6, 6, 71, 49, 27], [62, 62, 93, 41, 53, 73, 49, 43, 3, 34, 48, 51, 7, 11, 68, 66, 99, 16, 47, 99, 89, 29, 41, 12, 35, 51, 61, 90, 36, 18, 84, 97, 70, 100, 77, 77, 66, 68, 83, 88, 42, 41, 12, 107, 5, 73, 43, 72, 9, 20, 28, 82, 82, 83, 58, 81, 43, 80, 84, 69, 16, 70, 0, 58, 76, 70, 84, 81, 78, 70, 39, 94, 38, 84, 85, 80, 68, 85, 93, 73, 42, 24, 55, 45, 69, 67, 76, 63, 77, 1, 23, 47], [91, 91, 64, 77, 31, 34, 16, 42, 60, 68, 34, 42, 66, 63, 19, 77, 65, 70, 71, 61, 71, 29, 44, 58, 25, 76, 18, 49, 58, 73, 66, 60, 26, 63, 60, 90, 22, 89, 71, 57, 36, 38, 63, 68, 60, 22, 35, 25, 64, 38, 33, 92, 89, 65, 4, 35, 63, 61, 89, 11, 68, 20, 58, 0, 26, 21, 49, 71, 32, 19, 41, 55, 76, 95, 51, 29, 25, 67, 50, 29, 34, 34, 43, 45, 60, 16, 61, 17, 24, 59, 35, 28], [91, 91, 42, 82, 30, 15, 42, 44, 78, 75, 35, 40, 84, 78, 39, 71, 41, 85, 73, 36, 53, 47, 48, 73, 41, 78, 42, 24, 63, 88, 49, 36, 8, 38, 45, 84, 11, 86, 56, 35, 40, 43, 78, 42, 77, 3, 39, 5, 79, 56, 48, 84, 79, 48, 29, 9, 65, 44, 79, 25, 82, 6, 76, 26, 0, 6, 27, 57, 8, 7, 46, 30, 82, 87, 28, 3, 10, 50, 24, 8, 39, 53, 39, 46, 49, 10, 47, 12, 3, 77, 55, 32], [86, 86, 43, 77, 24, 14, 37, 39, 72, 69, 29, 35, 77, 72, 37, 68, 44, 78, 68, 39, 52, 41, 42, 66, 35, 73, 38, 28, 57, 81, 48, 39, 5, 41, 43, 80, 5, 82, 55, 36, 35, 37, 72, 46, 70, 3, 33, 3, 73, 50, 42, 81, 77, 48, 25, 13, 60, 43, 76, 23, 76, 1, 70, 21, 6, 0, 29, 56, 10, 2, 40, 33, 77, 84, 30, 9, 6, 49, 28, 7, 33, 47, 34, 41, 46, 5, 46, 6, 7, 71, 49, 26], [78, 78, 14, 76, 31, 15, 65, 42, 85, 71, 35, 35, 90, 82, 66, 55, 16, 88, 64, 14, 26, 59, 45, 77, 53, 67, 67, 9, 58, 90, 23, 12, 23, 15, 22, 64, 27, 70, 32, 7, 42, 44, 81, 22, 83, 30, 40, 25, 84, 67, 57, 63, 58, 23, 54, 18, 57, 20, 57, 52, 85, 30, 84, 49, 27, 29, 0, 33, 19, 31, 46, 11, 77, 66, 1, 26, 24, 24, 13, 21, 41, 66, 31, 42, 30, 34, 25, 32, 31, 86, 68, 37], [51, 51, 27, 57, 41, 42, 82, 40, 81, 56, 41, 34, 85, 75, 90, 26, 36, 78, 44, 41, 12, 67, 41, 71, 62, 44, 89, 43, 46, 81, 11, 38, 50, 39, 12, 32, 51, 41, 2, 28, 44, 44, 74, 45, 78, 58, 44, 53, 78, 70, 62, 30, 24, 11, 75, 50, 41, 13, 23, 78, 75, 57, 81, 71, 57, 56, 33, 0, 50, 58, 44, 41, 59, 33, 33, 57, 49, 10, 47, 49, 45, 71, 31, 37, 13, 60, 10, 56, 61, 83, 74, 46], [86, 86, 33, 79, 27, 9, 48, 42, 79, 73, 33, 37, 85, 78, 47, 66, 33, 85, 69, 28, 45, 49, 45, 73, 43, 74, 49, 17, 60, 88, 41, 28, 7, 31, 38, 78, 12, 81, 49, 27, 39, 41, 78, 35, 77, 10, 37, 7, 80, 58, 49, 77, 73, 41, 36, 3, 62, 37, 72, 33, 82, 11, 78, 32, 8, 10, 19, 50, 0, 12, 44, 23, 80, 80, 20, 7, 9, 42, 18, 4, 38, 56, 34, 43, 42, 16, 40, 16, 11, 79, 58, 31], [88, 88, 45, 78, 25, 17, 36, 40, 71, 70, 30, 37, 77, 72, 35, 69, 46, 78, 69, 41, 55, 40, 43, 66, 34, 74, 36, 30, 58, 82, 50, 41, 8, 43, 46, 82, 7, 84, 57, 39, 36, 38, 72, 48, 70, 3, 34, 5, 73, 49, 42, 83, 79, 50, 23, 15, 61, 46, 79, 21, 76, 0, 70, 19, 7, 2, 31, 58, 12, 0, 41, 36, 78, 86, 32, 10, 9, 52, 30, 10, 34, 46, 36, 42, 48, 3, 48, 6, 7, 71, 48, 26], [49, 49, 54, 36, 17, 37, 45, 4, 39, 29, 11, 11, 44, 36, 59, 38, 60, 41, 29, 60, 50, 24, 3, 30, 21, 34, 55, 53, 17, 44, 45, 59, 38, 61, 38, 51, 35, 48, 45, 49, 5, 3, 35, 68, 37, 44, 7, 40, 38, 26, 18, 54, 52, 44, 44, 47, 21, 41, 53, 52, 39, 41, 39, 41, 46, 40, 46, 44, 44, 41, 0, 57, 36, 57, 47, 49, 36, 46, 56, 40, 7, 27, 15, 7, 31, 41, 38, 35, 48, 40, 30, 14], [88, 88, 15, 87, 41, 22, 71, 53, 95, 82, 46, 46, 101, 93, 70, 64, 11, 98, 75, 5, 31, 69, 56, 87, 63, 78, 72, 5, 70, 101, 30, 5, 29, 8, 31, 73, 34, 80, 39, 12, 53, 54, 92, 12, 93, 33, 51, 30, 95, 76, 67, 71, 66, 30, 59, 20, 68, 28, 65, 56, 96, 35, 94, 55, 30, 33, 11, 41, 23, 36, 57, 0, 88, 74, 10, 27, 30, 31, 7, 26, 52, 75, 42, 53, 40, 39, 34, 38, 33, 96, 77, 47], [24, 24, 80, 3, 52, 72, 75, 38, 36, 7, 47, 43, 37, 27, 92, 35, 88, 26, 14, 90, 70, 50, 34, 27, 51, 16, 86, 85, 19, 27, 66, 88, 74, 90, 60, 42, 71, 31, 61, 77, 42, 39, 26, 97, 33, 80, 43, 77, 29, 45, 43, 48, 50, 65, 78, 82, 19, 64, 52, 87, 24, 78, 38, 76, 82, 77, 77, 59, 80, 78, 36, 88, 0, 49, 77, 85, 72, 66, 89, 75, 43, 49, 46, 36, 51, 77, 58, 72, 84, 39, 50, 51], [28, 28, 60, 46, 63, 72, 102, 54, 82, 50, 60, 52, 85, 74, 114, 19, 68, 74, 37, 74, 44, 81, 53, 71, 78, 33, 111, 76, 48, 76, 44, 72, 79, 72, 44, 6, 79, 18, 35, 62, 60, 59, 73, 78, 79, 87, 61, 82, 76, 81, 74, 3, 8, 44, 98, 81, 40, 46, 9, 104, 72, 85, 84, 95, 87, 84, 66, 33, 80, 86, 57, 74, 49, 0, 66, 87, 77, 43, 79, 78, 62, 83, 51, 51, 38, 87, 41, 82, 90, 85, 86, 66], [78, 78, 13, 76, 32, 16, 66, 43, 86, 71, 36, 36, 91, 83, 67, 55, 15, 88, 64, 13, 25, 60, 46, 77, 54, 67, 68, 9, 59, 91, 23, 11, 24, 14, 22, 64, 28, 70, 31, 6, 43, 44, 82, 21, 83, 31, 41, 26, 85, 68, 58, 63, 58, 22, 55, 19, 58, 20, 57, 53, 86, 31, 85, 51, 28, 30, 1, 33, 20, 32, 47, 10, 77, 66, 0, 27, 25, 23, 13, 22, 42, 67, 32, 42, 30, 35, 24, 33, 32, 86, 69, 38], [93, 93, 40, 85, 32, 15, 46, 46, 81, 78, 37, 42, 87, 81, 42, 72, 38, 88, 75, 33, 52, 50, 50, 76, 45, 79, 45, 22, 65, 91, 48, 33, 10, 36, 45, 84, 14, 87, 56, 33, 43, 45, 81, 39, 80, 7, 41, 8, 83, 59, 51, 84, 80, 48, 33, 7, 67, 44, 79, 28, 85, 9, 80, 29, 3, 9, 26, 57, 7, 10, 49, 27, 85, 87, 27, 0, 12, 49, 21, 9, 42, 57, 40, 48, 49, 13, 47, 16, 6, 81, 59, 34], [80, 80, 38, 72, 19, 8, 41, 34, 70, 65, 24, 30, 75, 69, 43, 61, 39, 75, 62, 35, 46, 40, 37, 64, 34, 67, 43, 24, 52, 78, 41, 35, 2, 37, 37, 74, 3, 76, 48, 31, 30, 33, 69, 43, 68, 9, 28, 5, 71, 48, 40, 74, 70, 41, 29, 12, 54, 37, 70, 30, 73, 8, 68, 25, 10, 6, 24, 49, 9, 9, 36, 30, 72, 77, 25, 12, 0, 43, 26, 4, 29, 46, 28, 35, 39, 11, 39, 8, 13, 69, 49, 22], [60, 60, 17, 64, 38, 34, 79, 41, 85, 62, 40, 34, 89, 80, 85, 36, 25, 84, 52, 30, 4, 67, 43, 75, 62, 53, 85, 33, 51, 86, 1, 28, 43, 28, 8, 43, 46, 51, 8, 18, 45, 45, 79, 35, 82, 51, 44, 46, 82, 71, 62, 40, 35, 1, 71, 42, 47, 6, 34, 73, 81, 51, 85, 67, 50, 49, 24, 10, 42, 52, 46, 31, 66, 43, 23, 49, 43, 0, 36, 42, 45, 72, 31, 39, 15, 54, 8, 50, 54, 86, 75, 44], [91, 91, 22, 88, 40, 20, 66, 53, 94, 83, 45, 46, 99, 92, 64, 68, 18, 98, 77, 12, 37, 66, 56, 87, 60, 80, 66, 3, 70, 101, 36, 12, 24, 14, 36, 78, 29, 84, 44, 18, 52, 54, 92, 18, 92, 28, 50, 25, 94, 74, 65, 76, 71, 35, 54, 15, 70, 33, 70, 50, 95, 29, 93, 50, 24, 28, 13, 47, 18, 30, 56, 7, 89, 79, 13, 21, 26, 36, 0, 22, 51, 72, 43, 53, 43, 33, 38, 34, 27, 94, 75, 45], [83, 83, 35, 75, 23, 7, 44, 37, 74, 68, 28, 33, 80, 73, 45, 63, 36, 80, 66, 32, 45, 45, 41, 68, 38, 70, 46, 20, 56, 83, 41, 31, 2, 34, 36, 75, 7, 78, 48, 28, 34, 37, 73, 39, 73, 9, 32, 4, 75, 53, 45, 75, 71, 40, 33, 8, 58, 36, 70, 31, 77, 9, 73, 29, 8, 7, 21, 49, 4, 10, 40, 26, 75, 78, 22, 9, 4, 42, 22, 0, 33, 51, 31, 39, 40, 13, 39, 12, 12, 74, 53, 26], [56, 56, 51, 44, 10, 31, 40, 7, 43, 36, 6, 11, 48, 41, 53, 43, 57, 47, 36, 56, 50, 22, 9, 35, 17, 41, 49, 48, 24, 50, 44, 54, 31, 57, 37, 56, 28, 54, 45, 45, 1, 4, 40, 64, 41, 37, 1, 34, 43, 26, 17, 59, 56, 43, 37, 41, 28, 39, 57, 45, 44, 34, 42, 34, 39, 33, 41, 45, 38, 34, 7, 52, 43, 62, 42, 42, 29, 45, 51, 33, 0, 26, 14, 10, 32, 33, 37, 28, 41, 44, 29, 7], [69, 69, 77, 51, 35, 52, 27, 31, 26, 41, 32, 37, 31, 29, 45, 64, 82, 36, 50, 80, 76, 6, 31, 25, 12, 55, 38, 70, 36, 39, 71, 78, 48, 81, 64, 77, 43, 71, 72, 71, 27, 27, 30, 88, 26, 50, 28, 49, 30, 4, 9, 81, 80, 70, 34, 59, 43, 66, 80, 45, 35, 47, 24, 34, 53, 47, 66, 71, 56, 46, 27, 75, 49, 83, 67, 57, 46, 72, 72, 51, 26, 0, 41, 34, 58, 44, 64, 40, 53, 25, 2, 29], [52, 52, 38, 45, 11, 26, 52, 11, 55, 39, 10, 3, 60, 51, 63, 33, 45, 56, 35, 45, 35, 36, 14, 46, 31, 39, 60, 39, 27, 59, 30, 44, 30, 46, 22, 47, 29, 47, 31, 34, 14, 14, 50, 53, 52, 38, 13, 33, 53, 40, 31, 48, 45, 29, 47, 37, 27, 25, 45, 53, 53, 36, 55, 43, 39, 34, 31, 31, 34, 36, 15, 42, 46, 51, 32, 40, 28, 31, 43, 31, 14, 41, 0, 10, 18, 37, 23, 31, 42, 56, 44, 15], [46, 46, 48, 36, 16, 35, 51, 3, 45, 30, 11, 6, 50, 41, 64, 32, 55, 46, 27, 56, 44, 31, 4, 36, 27, 32, 60, 50, 17, 49, 38, 54, 38, 56, 31, 45, 35, 43, 38, 44, 9, 8, 40, 64, 42, 44, 10, 40, 43, 33, 25, 48, 46, 38, 48, 45, 19, 34, 46, 56, 43, 42, 45, 45, 46, 41, 42, 37, 43, 42, 7, 53, 36, 51, 42, 48, 35, 39, 53, 39, 10, 34, 10, 0, 24, 42, 31, 36, 48, 47, 37, 16], [48, 48, 29, 49, 28, 33, 70, 27, 69, 46, 28, 21, 74, 64, 79, 24, 38, 68, 36, 41, 20, 54, 28, 59, 49, 38, 77, 39, 36, 70, 15, 39, 41, 40, 9, 35, 41, 40, 13, 28, 31, 31, 63, 47, 66, 49, 31, 44, 66, 57, 49, 34, 30, 14, 63, 43, 32, 12, 30, 68, 65, 48, 69, 60, 49, 46, 30, 13, 42, 48, 31, 40, 51, 38, 30, 49, 39, 15, 43, 40, 32, 58, 18, 24, 0, 50, 7, 45, 52, 71, 61, 33], [88, 88, 48, 77, 26, 19, 32, 40, 69, 70, 30, 37, 75, 70, 32, 70, 49, 77, 69, 44, 57, 38, 43, 65, 32, 74, 33, 33, 58, 80, 53, 44, 10, 47, 48, 83, 8, 84, 59, 42, 35, 37, 70, 51, 68, 6, 33, 8, 71, 47, 40, 84, 80, 52, 20, 18, 61, 48, 80, 18, 75, 4, 67, 16, 10, 5, 34, 60, 16, 3, 41, 39, 77, 87, 35, 13, 11, 54, 33, 13, 33, 44, 37, 42, 50, 0, 50, 5, 9, 69, 46, 26], [55, 55, 22, 57, 32, 32, 73, 33, 77, 54, 33, 26, 81, 71, 80, 30, 30, 75, 44, 34, 12, 59, 35, 66, 54, 46, 79, 34, 43, 78, 7, 32, 40, 33, 2, 39, 41, 46, 9, 21, 37, 37, 70, 40, 73, 48, 36, 43, 74, 64, 54, 38, 33, 7, 65, 40, 40, 5, 32, 68, 72, 47, 76, 61, 47, 46, 25, 10, 40, 48, 38, 34, 58, 41, 24, 47, 39, 8, 38, 39, 37, 64, 23, 31, 7, 50, 0, 46, 51, 78, 67, 37], [83, 83, 46, 72, 20, 17, 32, 34, 65, 64, 25, 32, 71, 65, 34, 65, 48, 72, 64, 44, 54, 34, 37, 60, 28, 69, 35, 33, 52, 75, 49, 43, 9, 46, 44, 78, 5, 79, 55, 40, 29, 32, 65, 51, 64, 9, 28, 9, 67, 43, 35, 79, 75, 49, 21, 19, 56, 44, 75, 22, 70, 6, 63, 17, 12, 6, 32, 56, 16, 6, 35, 38, 72, 82, 33, 16, 8, 50, 34, 12, 28, 40, 31, 36, 45, 5, 46, 0, 13, 65, 42, 20], [94, 94, 45, 85, 32, 19, 40, 46, 79, 77, 37, 43, 84, 79, 36, 75, 44, 86, 76, 39, 57, 47, 50, 74, 41, 80, 39, 28, 65, 89, 53, 39, 11, 42, 49, 87, 13, 89, 60, 39, 42, 45, 79, 45, 77, 4, 41, 8, 80, 56, 49, 87, 83, 52, 27, 13, 68, 48, 83, 22, 83, 6, 77, 24, 3, 7, 31, 61, 11, 7, 48, 33, 84, 90, 32, 6, 13, 54, 27, 12, 41, 53, 42, 48, 52, 9, 51, 13, 0, 78, 55, 33], [63, 63, 95, 42, 54, 74, 50, 45, 3, 35, 50, 52, 6, 12, 69, 67, 101, 16, 48, 100, 91, 31, 42, 13, 36, 52, 61, 92, 38, 18, 85, 98, 72, 101, 78, 78, 67, 69, 84, 89, 43, 42, 13, 108, 6, 74, 45, 73, 10, 21, 29, 83, 84, 85, 59, 82, 45, 81, 85, 70, 16, 71, 1, 59, 77, 71, 86, 83, 79, 71, 40, 96, 39, 85, 86, 81, 69, 86, 94, 74, 44, 25, 56, 47, 71, 69, 78, 65, 78, 0, 24, 49], [71, 71, 79, 52, 37, 55, 26, 34, 25, 43, 34, 40, 31, 30, 45, 66, 84, 36, 52, 82, 79, 8, 33, 26, 14, 57, 38, 72, 38, 39, 74, 81, 51, 84, 66, 80, 46, 73, 75, 73, 30, 30, 30, 90, 26, 52, 31, 51, 30, 5, 12, 83, 82, 73, 35, 61, 46, 69, 83, 46, 35, 49, 23, 35, 55, 49, 68, 74, 58, 48, 30, 77, 50, 86, 69, 59, 49, 75, 75, 53, 29, 2, 44, 37, 61, 46, 67, 42, 55, 24, 0, 31], [63, 63, 48, 51, 5, 25, 36, 13, 49, 43, 5, 14, 54, 47, 48, 48, 52, 53, 43, 51, 49, 23, 16, 42, 17, 48, 44, 42, 31, 56, 43, 50, 24, 52, 36, 61, 20, 60, 46, 42, 9, 11, 47, 59, 47, 29, 7, 26, 49, 29, 20, 63, 60, 43, 32, 34, 35, 38, 61, 39, 51, 27, 47, 28, 32, 26, 37, 46, 31, 26, 14, 47, 51, 66, 38, 34, 22, 44, 45, 26, 7, 29, 15, 16, 33, 26, 37, 20, 33, 49, 31, 0]]
