70 1590.4450000000006 0 1680 7 240
[19.96, 79.81, 42.53, 48.32, 75.65, 58.87, 55.39, 15.01, 45.71, 13.49, 80.59, 80.71, 46.19, 77.38, 85.31, 54.39, 43.44, 58.43, 19.09, 10.25, 43.32, 46.33, 17.76, 50.06, 17.89, 75.35, 86.12, 20.4, 18.56, 80.2, 76.69, 75.34, 91.29, 41.23, 58.36, 44.76, 88.1, 81.62, 83.86, 48.0, 26.43, 92.94, 20.69, 12.45, 14.96, 58.69, 22.94, 86.54, 16.22, 24.47, 41.74, 84.83, 89.85, 17.42, 25.64, 22.38, 48.17, 84.68, 90.56, 40.81, 14.4, 16.35, 14.1, 40.31, 77.75, 21.15, 49.18, 82.48, 87.45, 19.86]
[91.29, 57.73, 88.72, 15.5, 19.98, 92.99, 25.2, 43.18, 23.65, 52.46, 92.47, 93.2, 45.3, 82.72, 57.91, 9.3, 58.63, 12.82, 16.18, 9.05, 15.25, 52.43, 19.36, 9.58, 47.13, 79.77, 74.57, 43.07, 79.29, 13.66, 11.0, 86.47, 83.51, 46.99, 90.74, 90.16, 17.33, 46.61, 45.65, 43.41, 92.45, 26.55, 47.89, 13.65, 15.15, 17.6, 46.33, 82.32, 85.51, 21.69, 79.31, 80.65, 42.9, 16.19, 75.07, 22.34, 80.32, 8.57, 75.01, 49.02, 86.92, 16.77, 85.31, 45.98, 89.15, 59.2, 26.16, 83.73, 56.94, 19.2]
[7, 6, 8, 2, 3, 8, 2, 4, 2, 4, 9, 9, 5, 9, 6, 2, 5, 2, 1, 1, 2, 5, 1, 2, 4, 9, 9, 4, 7, 3, 3, 9, 9, 5, 8, 8, 3, 6, 6, 5, 7, 3, 4, 1, 1, 2, 4, 9, 7, 1, 8, 9, 6, 1, 7, 1, 8, 3, 9, 5, 7, 1, 7, 5, 9, 4, 2, 9, 6, 1]
[1, 2, 3, 4, 5, 6, 7, 8, 9, 10, 11, 12, 13, 14, 15, 16, 17, 18, 19, 20, 21, 22, 23, 24, 25, 26, 27, 28, 29, 30, 31, 32, 33, 34, 35, 36, 37, 38, 39, 40, 41, 42, 43, 44, 45, 46, 47, 48, 49, 50, 51, 52, 53, 54, 55, 56, 57, 58, 59, 60, 61, 62, 63, 64, 65, 66, 67, 68, 69, 70]
[3, 3, 2, 2, 1, 2, 2, 2, 2, 2, 1, 1, 2, 1, 3, 2, 2, 2, 3, 3, 2, 2, 3, 2, 2, 1, 1, 2, 3, 1, 1, 1, 1, 2, 2, 2, 1, 3, 3, 2, 3, 1, 2, 3, 3, 2, 2, 1, 3, 3, 2, 1, 3, 3, 3, 3, 2, 1, 1, 2, 3, 3, 3, 2, 1, 2, 2, 1, 3, 3]
[2, 3, 2, 1, 3, 2, 1, 1, 1, 1, 1, 1, 1, 1, 3, 1, 1, 1, 1, 1, 1, 1, 1, 1, 1, 1, 1, 1, 2, 3, 3, 1, 1, 1, 2, 2, 3, 3, 3, 1, 2, 3, 1, 1, 1, 1, 1, 1, 2, 1, 2, 1, 3, 1, 2, 1, 2, 3, 1, 1, 2, 1, 2, 1, 1, 1, 1, 1, 3, 1]
[10, 1, 9, 8, 6, 9, 5, 3, 4, 10, 10, 8, 4, 4, 4, 6, 3, 1, 3, 4, 3, 6, 6, 8, 6, 3, 6, 2, 5, 3, 1, 10, 7, 4, 5, 10, 1, 8, 7, 7, 1, 1, 8, 9, 5, 4, 9, 1, 5, 2, 6, 10, 4, 7, 7, 8, 10, 3, 6, 8, 1, 7, 10, 3, 5, 8, 4, 7, 9, 9]
[4728.8, 3795.73, 1626.15, 3774.39, 1886.31, 1516.79, 4351.22, 3287.26, 3806.89, 4402.04, 4387.15, 1833.7, 3843.7, 2906.69, 3120.39, 1449.69, 3336.79, 2567.04, 3292.52, 2965.39, 3280.91, 1349.85, 1779.95, 2679.15, 1644.98, 3304.15, 1381.66, 3153.79, 4601.43, 3267.93, 2544.52, 4819.61, 2769.79, 3716.82, 4172.71, 3963.39, 3268.68, 3728.4, 1260.74, 3121.16, 2075.61, 3719.2, 2906.32, 1462.56, 3785.18, 3584.82, 1504.03, 4040.61, 3702.5, 3386.87, 1321.5, 4207.74, 3547.14, 2135.84, 1373.02, 1682.48, 4390.36, 3291.94, 1979.04, 2481.54, 4017.1, 2644.45, 4355.12, 3325.35, 3794.37, 2250.47, 2815.58, 3192.1, 1528.2, 1560.31]
[0.76, 0.66, 0.47, 0.68, 0.5, 0.07, 0.44, 0.71, 0.1, 0.8, 0.79, 0.69, 0.05, 0.04, 0.08, 0.41, 0.8, 0.71, 0.76, 0.03, 0.74, 0.13, 0.08, 0.7, 0.82, 0.91, 0.19, 0.28, 0.4, 0.91, 0.68, 0.78, 0.27, 0.12, 0.47, 0.68, 0.73, 0.69, 0.39, 0.38, 0.75, 0.69, 0.68, 0.09, 0.39, 0.06, 0.58, 0.66, 0.44, 0.65, 0.65, 0.8, 0.02, 0.28, 0.43, 0.69, 0.65, 0.77, 0.17, 0.7, 0.67, 0.46, 0.65, 0.66, 0.47, 0.68, 0.1, 0.29, 0.41, 0.15]
[0.91, 0.86, 0.92, 0.76, 0.96, 0.78, 0.66, 0.99, 0.57, 0.96, 0.8, 0.56, 0.77, 0.57, 0.8, 0.75, 1.08, 0.73, 0.52, 0.66, 0.66, 1.08, 0.84, 0.51, 0.99, 1.0, 1.06, 0.61, 0.81, 1.04, 1.09, 0.82, 0.71, 0.8, 0.87, 0.8, 0.68, 1.1, 0.55, 0.9, 0.99, 0.88, 1.0, 1.1, 0.85, 1.07, 0.66, 1.03, 0.53, 0.73, 0.73, 0.83, 0.62, 0.9, 0.81, 0.86, 0.59, 0.79, 0.76, 0.7, 0.81, 0.97, 0.95, 1.02, 0.58, 1.02, 0.5, 0.73, 0.94, 0.93]
[0.66, 0.67, 1.07, 0.88, 0.78, 0.63, 0.76, 0.64, 0.89, 0.54, 0.93, 1.07, 0.8, 1.04, 1.06, 0.89, 0.97, 0.93, 0.75, 0.84, 0.82, 0.73, 0.88, 0.91, 0.68, 0.82, 0.64, 0.8, 0.6, 0.75, 1.09, 0.6, 0.92, 0.74, 0.58, 1.04, 0.82, 0.98, 0.51, 1.03, 0.72, 0.54, 1.07, 0.73, 0.63, 0.93, 0.57, 0.84, 0.87, 0.73, 0.81, 0.89, 0.55, 1.06, 0.91, 0.88, 0.73, 0.83, 0.8, 0.83, 0.85, 1.08, 0.59, 0.95, 0.92, 0.85, 0.79, 0.86, 0.99, 0.81]
[0.72, 0.72, 0.64, 0.51, 0.73, 0.51, 0.6, 0.73, 0.75, 0.76, 0.7, 0.63, 1.07, 1.03, 0.63, 0.79, 0.51, 1.1, 1.09, 0.87, 0.75, 0.83, 0.58, 0.57, 1.02, 0.79, 0.92, 0.79, 0.73, 0.72, 1.09, 0.91, 0.81, 0.65, 0.98, 0.79, 1.04, 0.56, 0.57, 0.99, 0.67, 0.63, 0.67, 0.98, 0.75, 0.51, 0.51, 0.57, 0.76, 0.93, 1.05, 0.95, 0.7, 1.05, 1.0, 0.94, 0.79, 0.7, 0.95, 0.6, 0.81, 0.94, 0.8, 0.9, 1.06, 1.0, 0.9, 0.77, 0.96, 1.07]
[0.65, 0.87, 0.75, 0.83, 0.94, 0.78, 0.53, 0.92, 0.52, 0.79, 0.79, 0.51, 0.6, 0.98, 0.82, 0.7, 0.97, 0.58, 1.06, 0.57, 1.06, 1.03, 0.96, 1.02, 0.94, 0.99, 1.07, 1.08, 1.09, 0.79, 0.65, 0.62, 0.67, 1.05, 0.71, 0.59, 0.77, 0.91, 0.76, 0.62, 0.56, 0.9, 0.5, 0.56, 0.75, 0.65, 0.89, 0.68, 0.92, 1.03, 0.77, 1.07, 0.61, 1.1, 0.55, 1.0, 1.02, 0.67, 0.69, 0.72, 0.79, 1.04, 0.97, 1.02, 0.56, 0.81, 0.87, 0.66, 1.04, 0.6]
[0.51, 0.74, 0.94, 1.05, 0.94, 0.59, 0.73, 0.52, 0.88, 0.66, 1.05, 0.58, 0.92, 0.66, 0.69, 0.63, 1.08, 0.56, 0.79, 1.02, 0.91, 1.03, 0.51, 0.57, 0.66, 0.84, 0.78, 0.52, 0.62, 0.7, 0.8, 0.78, 0.9, 1.09, 0.67, 0.77, 0.62, 0.56, 0.7, 0.91, 0.84, 0.6, 1.02, 0.69, 0.99, 0.9, 0.72, 0.94, 0.59, 0.74, 1.05, 0.86, 0.81, 0.92, 1.09, 0.54, 0.91, 0.55, 0.66, 1.1, 0.92, 0.83, 0.81, 0.98, 0.57, 1.0, 0.98, 0.53, 0.72, 0.59]
[0.14, 0.27, 0.44, 0.3, 0.49, 0.12, 0.12, 0.22, 0.17, 0.21, 0.43, 0.11, 0.36, 0.4, 0.3, 0.23, 0.56, 0.24, 0.35, 0.28, 0.39, 0.69, 0.21, 0.15, 0.42, 0.54, 0.53, 0.21, 0.24, 0.31, 0.68, 0.22, 0.32, 0.44, 0.24, 0.3, 0.28, 0.31, 0.09, 0.51, 0.23, 0.16, 0.37, 0.31, 0.3, 0.3, 0.12, 0.31, 0.19, 0.38, 0.5, 0.64, 0.12, 1.01, 0.44, 0.38, 0.31, 0.17, 0.26, 0.28, 0.4, 0.86, 0.35, 0.87, 0.18, 0.71, 0.31, 0.17, 0.66, 0.28]
[616.18, 538.38, 439.68, 1198.22, 463.07, 246.79, 349.37, 278.42, 396.62, 644.68, 555.05, 1725.41, 167.13, 261.87, 382.24, 492.37, 316.21, 251.48, 267.07, 444.7, 381.97, 170.29, 401.07, 1584.24, 700.53, 299.01, 156.97, 389.18, 348.56, 260.52, 580.93, 615.58, 180.04, 193.36, 508.29, 552.54, 318.32, 1147.35, 144.28, 144.92, 497.96, 446.98, 1227.23, 357.51, 198.48, 307.98, 304.01, 351.29, 342.82, 707.01, 596.34, 571.9, 385.74, 159.2, 150.92, 1465.79, 478.98, 417.79, 148.27, 1088.98, 200.6, 154.49, 515.44, 266.49, 469.43, 1001.23, 191.58, 112.86, 427.09, 281.9]
[82.33, 143.89, 200.34, 394.79, 218.71, 24.7, 47.3, 65.51, 66.65, 135.59, 233.61, 163.8, 62.63, 100.81, 110.09, 111.94, 169.62, 58.96, 89.18, 120.86, 152.48, 116.73, 73.71, 244.98, 296.12, 167.76, 88.36, 84.85, 85.4, 76.16, 400.73, 134.08, 58.82, 83.88, 121.79, 158.12, 86.55, 346.27, 12.64, 76.93, 106.08, 71.82, 455.1, 116.19, 60.09, 92.73, 36.67, 110.3, 66.05, 248.37, 291.91, 364.86, 45.66, 159.2, 64.18, 541.06, 162.69, 68.54, 43.41, 313.53, 79.24, 128.89, 185.38, 235.38, 82.34, 709.79, 52.9, 18.71, 292.42, 79.01]
[2580.88, 2191.92, 1698.39, 5491.1, 1815.35, 733.96, 1246.85, 892.09, 1483.08, 2723.38, 2275.25, 8127.03, 335.64, 809.35, 1411.22, 1961.83, 1081.06, 757.39, 835.35, 1723.49, 1409.84, 351.45, 1505.36, 7421.18, 3002.66, 995.04, 284.86, 1445.88, 1242.8, 802.61, 2404.64, 2577.9, 400.18, 466.81, 2041.47, 2262.72, 1091.61, 5236.75, 221.41, 224.59, 1989.8, 1734.91, 5636.17, 1287.54, 492.41, 1039.88, 1020.04, 1256.45, 1214.12, 3035.05, 2481.68, 2359.5, 1428.71, 295.99, 254.58, 6828.97, 1894.88, 1588.96, 241.37, 4944.9, 503.01, 272.43, 2077.2, 832.45, 1847.15, 4506.17, 457.92, 64.32, 1635.45, 909.48]
[-88.37, 219.47, 501.7, 1473.95, 593.53, -376.48, -263.49, -172.46, -166.73, 177.95, 668.05, 319.0, -186.86, 4.03, 50.46, 59.7, 348.08, -205.22, -54.12, 104.31, 262.38, 83.66, -131.44, 724.91, 980.59, 338.81, -58.18, -75.75, -73.02, -119.22, 1503.63, 170.4, -205.91, -80.61, 108.96, 290.62, -67.26, 1231.37, -436.82, -115.33, 30.38, -140.9, 1775.49, 80.96, -199.54, -36.33, -316.65, 51.52, -169.77, 741.84, 959.54, 1324.28, -271.69, 295.99, -179.08, 2205.29, 313.47, -157.31, -282.95, 1067.67, -103.78, 144.44, 426.9, 676.9, -88.28, 3048.94, -235.49, -406.43, 962.11, -104.97]
[189.15, 151.83, 48.78, 113.23, 37.73, 45.5, 130.54, 98.62, 114.21, 132.06, 87.74, 36.67, 115.31, 58.13, 124.82, 43.49, 100.1, 77.01, 131.7, 118.62, 98.43, 40.5, 71.2, 80.37, 49.35, 66.08, 27.63, 94.61, 184.06, 65.36, 50.89, 96.39, 55.4, 111.5, 125.18, 118.9, 65.37, 149.14, 50.43, 93.63, 83.02, 74.38, 87.19, 58.5, 151.41, 107.54, 45.12, 80.81, 148.1, 135.47, 39.64, 84.15, 141.89, 85.43, 54.92, 67.3, 131.71, 65.84, 39.58, 74.45, 160.68, 105.78, 174.2, 99.76, 75.89, 67.51, 84.47, 63.84, 61.13, 62.41]
[40, 32, 9, 21, 5, 8, 24, 18, 21, 25, 12, 5, 21, 8, 26, 8, 19, 14, 28, 25, 18, 7, 15, 15, 9, 9, 4, 18, 39, 9, 7, 13, 7, 21, 23, 22, 9, 31, 10, 17, 17, 10, 16, 12, 32, 20, 8, 11, 31, 29, 7, 12, 30, 18, 11, 14, 25, 9, 5, 14, 34, 22, 37, 19, 10, 12, 16, 9, 13, 13]
[81, 66, 160, 239, 165, 150, 184, 78, 42, 108, 144, 232, 134, 221, 28, 183, 1, 86, 210, 95, 97, 96, 105, 125, 127, 187, 198, 73, 196, 21, 2, 13, 84, 53, 90, 35, 79, 185, 166, 67, 215, 149, 75, 161, 16, 153, 203, 111, 57, 87, 151, 14, 189, 54, 41, 172, 72, 91, 158, 138, 2, 103, 127, 103, 229, 42, 196, 25, 102, 214]
[240, 240, 240, 240, 213, 240, 232, 240, 138, 240, 240, 240, 182, 240, 240, 240, 49, 240, 240, 240, 193, 240, 201, 240, 240, 235, 240, 217, 240, 165, 50, 205, 240, 197, 240, 227, 240, 240, 240, 240, 240, 240, 219, 240, 112, 240, 240, 159, 201, 135, 199, 110, 237, 102, 89, 240, 120, 235, 206, 240, 146, 240, 175, 199, 240, 240, 240, 217, 240, 240]
2
[0.0, 0.0]
[33.33, 33.33]
[[0, 0, 8, 11, 9, 7, 10, 11, 7, 2, 6, 3, 14, 14, 6, 13, 12, 8, 7, 8, 3, 3, 6, 7, 3, 7, 3, 12, 13, 3, 7, 11, 11, 13, 14, 6, 11, 10, 12, 11, 12, 7, 9, 13, 3, 3, 3, 8, 3, 14, 7, 3, 8, 13, 12, 3, 6, 3, 9, 12, 14, 6, 7, 3, 7, 6, 13, 4, 7, 13, 12, 3], [0, 0, 8, 11, 9, 7, 10, 11, 7, 2, 6, 3, 14, 14, 6, 13, 12, 8, 7, 8, 3, 3, 6, 7, 3, 7, 3, 12, 13, 3, 7, 11, 11, 13, 14, 6, 11, 10, 12, 11, 12, 7, 9, 13, 3, 3, 3, 8, 3, 14, 7, 3, 8, 13, 12, 3, 6, 3, 9, 12, 14, 6, 7, 3, 7, 6, 13, 4, 7, 13, 12, 3], [8, 8, 0, 9, 3, 11, 12, 5, 10, 6, 10, 5, 8, 8, 7, 8, 10, 12, 5, 12, 10, 11, 11, 6, 10, 12, 6, 8, 9, 6, 1, 14, 14, 7, 10, 7, 5, 3, 14, 10, 11, 7, 0, 13, 6, 11, 10, 11, 6, 9, 0, 9, 3, 9, 12, 10, 2, 9, 4, 15, 10, 6, 1, 10, 1, 7, 8, 4, 10, 8, 10, 10], [11, 11, 9, 0, 6, 7, 5, 5, 5, 9, 6, 9, 4, 5, 5, 3, 0, 7, 5, 7, 10, 12, 8, 4, 10, 8, 8, 3, 2, 8, 9, 6, 6, 4, 4, 5, 5, 6, 5, 1, 1, 4, 9, 4, 8, 11, 11, 6, 8, 3, 9, 9, 6, 3, 2, 10, 8, 9, 5, 7, 2, 5, 10, 10, 10, 5, 4, 8, 6, 3, 1, 10], [9, 9, 3, 6, 0, 10, 10, 2, 9, 7, 9, 6, 5, 5, 6, 5, 7, 11, 4, 11, 10, 12, 10, 5, 10, 11, 6, 4, 6, 7, 3, 11, 12, 4, 7, 5, 2, 0, 12, 8, 8, 6, 2, 11, 6, 11, 11, 10, 6, 6, 3, 9, 1, 6, 9, 10, 3, 9, 1, 12, 7, 5, 4, 10, 4, 6, 5, 5, 8, 5, 7, 10], [7, 7, 11, 7, 10, 0, 3, 11, 1, 6, 1, 7, 11, 12, 4, 10, 8, 1, 6, 1, 4, 5, 0, 5, 4, 0, 6, 9, 10, 5, 10, 4, 4, 10, 11, 4, 10, 10, 5, 6, 6, 3, 11, 6, 6, 5, 4, 1, 5, 10, 11, 3, 9, 10, 7, 4, 9, 3, 9, 5, 10, 4, 11, 4, 11, 4, 11, 7, 1, 10, 8, 4], [10, 10, 12, 5, 10, 3, 0, 10, 2, 9, 4, 10, 10, 10, 5, 8, 5, 3, 7, 2, 8, 9, 4, 6, 8, 3, 9, 8, 7, 8, 11, 1, 1, 9, 9, 6, 10, 10, 1, 3, 3, 5, 12, 2, 8, 9, 8, 2, 8, 9, 12, 7, 9, 8, 3, 8, 10, 7, 9, 2, 8, 6, 12, 8, 12, 6, 9, 9, 3, 9, 5, 7], [11, 11, 5, 5, 2, 11, 10, 0, 9, 9, 10, 8, 3, 3, 7, 3, 6, 11, 5, 11, 12, 13, 11, 6, 12, 11, 8, 3, 4, 9, 6, 11, 11, 2, 4, 7, 0, 2, 11, 7, 7, 7, 4, 10, 8, 13, 12, 10, 8, 4, 6, 11, 3, 4, 8, 12, 5, 11, 2, 12, 5, 6, 6, 12, 6, 7, 2, 7, 9, 3, 6, 11], [7, 7, 10, 5, 9, 1, 2, 9, 0, 6, 1, 7, 10, 10, 3, 8, 6, 2, 5, 1, 5, 6, 2, 4, 5, 2, 6, 8, 8, 5, 9, 3, 3, 9, 9, 3, 9, 9, 4, 4, 5, 2, 10, 5, 5, 6, 5, 1, 5, 9, 10, 4, 7, 8, 5, 5, 8, 4, 7, 4, 8, 3, 10, 5, 10, 3, 9, 6, 0, 9, 6, 5], [2, 2, 6, 9, 7, 6, 9, 9, 6, 0, 5, 1, 11, 11, 4, 10, 10, 7, 4, 7, 3, 4, 5, 4, 3, 6, 0, 10, 11, 0, 5, 10, 9, 10, 12, 3, 9, 7, 11, 9, 9, 4, 7, 11, 1, 4, 4, 7, 1, 11, 6, 3, 6, 11, 10, 3, 4, 3, 7, 11, 11, 3, 6, 3, 6, 3, 11, 2, 5, 11, 10, 3], [6, 6, 10, 6, 9, 1, 4, 10, 1, 5, 0, 6, 11, 11, 3, 9, 7, 2, 5, 2, 3, 5, 1, 4, 4, 2, 5, 9, 9, 4, 8, 5, 4, 9, 10, 3, 9, 9, 6, 6, 6, 2, 10, 6, 4, 4, 4, 2, 4, 10, 9, 3, 7, 9, 6, 4, 7, 3, 8, 5, 9, 3, 10, 4, 9, 3, 10, 6, 0, 10, 7, 3], [3, 3, 5, 9, 6, 7, 10, 8, 7, 1, 6, 0, 11, 11, 4, 10, 10, 8, 4, 8, 5, 6, 6, 4, 4, 8, 0, 9, 10, 1, 3, 11, 10, 10, 11, 4, 8, 6, 11, 9, 10, 5, 6, 11, 1, 5, 5, 8, 1, 11, 4, 4, 5, 10, 10, 5, 3, 4, 6, 11, 11, 3, 4, 5, 4, 3, 10, 1, 6, 10, 10, 4], [14, 14, 8, 4, 5, 11, 10, 3, 10, 11, 11, 11, 0, 0, 8, 1, 4, 12, 7, 11, 13, 15, 12, 7, 13, 12, 11, 1, 2, 11, 9, 11, 11, 1, 1, 8, 3, 5, 10, 6, 6, 8, 7, 9, 10, 14, 14, 11, 10, 1, 9, 12, 5, 1, 7, 14, 8, 13, 4, 12, 2, 8, 9, 14, 9, 8, 0, 9, 10, 1, 5, 13], [14, 14, 8, 5, 5, 12, 10, 3, 10, 11, 11, 11, 0, 0, 8, 1, 5, 12, 7, 11, 14, 15, 12, 7, 13, 12, 11, 2, 2, 11, 9, 11, 11, 1, 2, 8, 3, 5, 10, 6, 6, 8, 7, 9, 10, 14, 14, 11, 10, 1, 9, 12, 5, 1, 7, 14, 8, 13, 4, 12, 2, 8, 9, 14, 9, 8, 0, 9, 10, 1, 5, 13], [6, 6, 7, 5, 6, 4, 5, 7, 3, 4, 3, 4, 8, 8, 0, 6, 5, 5, 1, 4, 5, 7, 4, 1, 5, 5, 4, 6, 7, 3, 6, 6, 6, 7, 8, 0, 6, 6, 7, 5, 5, 0, 7, 7, 3, 6, 6, 4, 3, 7, 7, 4, 4, 7, 6, 5, 5, 4, 5, 7, 7, 0, 7, 5, 7, 0, 7, 4, 2, 7, 6, 5], [13, 13, 8, 3, 5, 10, 8, 3, 8, 10, 9, 10, 1, 1, 6, 0, 3, 10, 5, 10, 12, 14, 10, 6, 12, 11, 9, 0, 1, 9, 8, 9, 10, 0, 1, 7, 2, 4, 9, 5, 5, 7, 7, 8, 9, 13, 13, 9, 9, 1, 8, 11, 5, 1, 5, 12, 7, 11, 4, 10, 2, 7, 9, 12, 9, 7, 0, 8, 9, 0, 3, 12], [12, 12, 10, 0, 7, 8, 5, 6, 6, 10, 7, 10, 4, 5, 5, 3, 0, 8, 5, 7, 11, 12, 8, 5, 11, 8, 9, 3, 2, 9, 10, 6, 6, 4, 3, 6, 6, 7, 5, 1, 1, 5, 9, 4, 9, 12, 11, 6, 9, 3, 10, 10, 6, 3, 2, 11, 8, 10, 6, 7, 2, 6, 10, 11, 10, 6, 4, 9, 6, 3, 0, 10], [8, 8, 12, 7, 11, 1, 3, 11, 2, 7, 2, 8, 12, 12, 5, 10, 8, 0, 7, 0, 5, 6, 1, 6, 5, 0, 7, 10, 10, 6, 11, 3, 3, 11, 11, 5, 11, 11, 4, 6, 6, 4, 12, 6, 7, 6, 5, 1, 6, 11, 12, 4, 10, 11, 6, 5, 10, 4, 10, 4, 10, 5, 12, 5, 12, 5, 11, 8, 2, 11, 8, 5], [7, 7, 5, 5, 4, 6, 7, 5, 5, 4, 5, 4, 7, 7, 1, 5, 5, 7, 0, 6, 6, 8, 6, 0, 6, 7, 4, 5, 6, 3, 4, 8, 8, 6, 7, 1, 5, 4, 8, 5, 6, 2, 5, 8, 3, 7, 7, 6, 3, 7, 5, 5, 2, 6, 7, 7, 3, 5, 3, 9, 7, 1, 5, 7, 5, 1, 6, 3, 4, 6, 6, 6], [8, 8, 12, 7, 11, 1, 2, 11, 1, 7, 2, 8, 11, 11, 4, 10, 7, 0, 6, 0, 5, 6, 2, 5, 5, 1, 7, 9, 9, 6, 11, 3, 2, 10, 11, 5, 11, 11, 4, 5, 5, 4, 12, 5, 7, 6, 6, 0, 6, 10, 12, 5, 9, 10, 6, 5, 10, 5, 9, 3, 9, 5, 12, 6, 12, 5, 11, 8, 2, 10, 7, 5], [3, 3, 10, 10, 10, 4, 8, 12, 5, 3, 3, 5, 13, 14, 5, 12, 11, 5, 6, 5, 0, 1, 3, 6, 0, 4, 4, 12, 12, 3, 9, 8, 8, 12, 14, 5, 12, 11, 9, 9, 10, 5, 10, 10, 4, 1, 0, 5, 4, 13, 9, 1, 9, 13, 10, 0, 8, 0, 10, 9, 13, 5, 10, 0, 9, 5, 13, 6, 4, 13, 11, 0], [3, 3, 11, 12, 12, 5, 9, 13, 6, 4, 5, 6, 15, 15, 7, 14, 12, 6, 8, 6, 1, 0, 4, 8, 1, 5, 5, 13, 14, 5, 10, 10, 9, 14, 15, 6, 13, 12, 11, 11, 11, 7, 12, 12, 5, 0, 1, 7, 5, 15, 10, 2, 10, 14, 12, 1, 9, 2, 11, 10, 14, 7, 11, 1, 10, 6, 14, 7, 6, 14, 12, 1], [6, 6, 11, 8, 10, 0, 4, 11, 2, 5, 1, 6, 12, 12, 4, 10, 8, 1, 6, 2, 3, 4, 0, 5, 3, 1, 5, 10, 10, 5, 9, 5, 4, 11, 11, 4, 10, 10, 6, 7, 7, 4, 11, 7, 5, 4, 4, 2, 5, 11, 10, 2, 9, 11, 7, 3, 8, 3, 9, 5, 10, 4, 11, 3, 10, 4, 11, 7, 1, 11, 8, 3], [7, 7, 6, 4, 5, 5, 6, 6, 4, 4, 4, 4, 7, 7, 1, 6, 5, 6, 0, 5, 6, 8, 5, 0, 6, 6, 4, 5, 6, 3, 5, 7, 7, 6, 7, 1, 5, 5, 7, 5, 5, 1, 6, 7, 3, 7, 6, 5, 3, 7, 6, 5, 3, 6, 6, 6, 4, 5, 3, 8, 7, 0, 6, 6, 6, 1, 6, 3, 3, 6, 5, 6], [3, 3, 10, 10, 10, 4, 8, 12, 5, 3, 4, 4, 13, 13, 5, 12, 11, 5, 6, 5, 0, 1, 3, 6, 0, 4, 3, 11, 12, 3, 8, 8, 8, 12, 13, 5, 11, 10, 10, 9, 10, 5, 10, 10, 4, 1, 0, 5, 3, 13, 9, 1, 9, 12, 10, 0, 8, 0, 9, 9, 13, 5, 9, 0, 9, 4, 13, 5, 4, 13, 11, 0], [7, 7, 12, 8, 11, 0, 3, 11, 2, 6, 2, 8, 12, 12, 5, 11, 8, 0, 7, 1, 4, 5, 1, 6, 4, 0, 7, 10, 10, 6, 10, 4, 3, 11, 12, 5, 11, 11, 5, 6, 7, 4, 12, 6, 6, 5, 5, 1, 6, 11, 11, 4, 10, 11, 7, 4, 9, 4, 10, 4, 10, 5, 12, 4, 11, 5, 12, 8, 2, 11, 8, 4], [3, 3, 6, 8, 6, 6, 9, 8, 6, 0, 5, 0, 11, 11, 4, 9, 9, 7, 4, 7, 4, 5, 5, 4, 3, 7, 0, 9, 10, 0, 4, 10, 9, 9, 11, 3, 8, 7, 10, 9, 9, 4, 6, 11, 0, 4, 4, 7, 0, 11, 5, 3, 5, 10, 10, 4, 4, 3, 6, 11, 11, 3, 5, 4, 5, 3, 10, 1, 5, 10, 10, 3], [12, 12, 8, 3, 4, 9, 8, 3, 8, 10, 9, 9, 1, 2, 6, 0, 3, 10, 5, 9, 12, 13, 10, 5, 11, 10, 9, 0, 1, 9, 8, 9, 9, 0, 2, 6, 2, 4, 9, 4, 5, 6, 7, 8, 9, 13, 12, 9, 8, 1, 8, 11, 4, 1, 5, 12, 7, 11, 3, 10, 2, 6, 8, 12, 8, 6, 1, 8, 8, 1, 3, 11], [13, 13, 9, 2, 6, 10, 7, 4, 8, 11, 9, 10, 2, 2, 7, 1, 2, 10, 6, 9, 12, 14, 10, 6, 12, 10, 10, 1, 0, 10, 9, 8, 9, 2, 1, 7, 4, 6, 8, 4, 4, 7, 8, 6, 10, 13, 13, 9, 9, 1, 10, 11, 6, 0, 4, 12, 8, 11, 5, 9, 0, 7, 10, 12, 10, 7, 2, 9, 8, 1, 2, 12], [3, 3, 6, 8, 7, 5, 8, 9, 5, 0, 4, 1, 11, 11, 3, 9, 9, 6, 3, 6, 3, 5, 5, 3, 3, 6, 0, 9, 10, 0, 5, 9, 9, 10, 11, 3, 8, 7, 10, 8, 9, 3, 7, 10, 0, 4, 4, 6, 0, 10, 6, 3, 6, 10, 9, 3, 4, 2, 6, 10, 11, 3, 6, 3, 6, 2, 10, 2, 4, 10, 9, 3], [7, 7, 1, 9, 3, 10, 11, 6, 9, 5, 8, 3, 9, 9, 6, 8, 10, 11, 4, 11, 9, 10, 9, 5, 8, 10, 4, 8, 9, 5, 0, 12, 12, 8, 10, 5, 5, 4, 13, 10, 10, 6, 2, 13, 4, 9, 9, 10, 4, 9, 0, 8, 3, 9, 11, 9, 1, 8, 4, 13, 10, 5, 1, 8, 1, 5, 8, 2, 8, 9, 10, 8], [11, 11, 14, 6, 11, 4, 1, 11, 3, 10, 5, 11, 11, 11, 6, 9, 6, 3, 8, 3, 8, 10, 5, 7, 8, 4, 10, 9, 8, 9, 12, 0, 0, 10, 10, 7, 11, 12, 1, 4, 4, 6, 13, 2, 9, 9, 9, 3, 9, 9, 13, 8, 10, 9, 4, 8, 11, 8, 10, 0, 8, 7, 14, 9, 13, 7, 10, 10, 4, 10, 6, 8], [11, 11, 14, 6, 12, 4, 1, 11, 3, 9, 4, 10, 11, 11, 6, 10, 6, 3, 8, 2, 8, 9, 4, 7, 8, 3, 9, 9, 9, 9, 12, 0, 0, 10, 10, 7, 11, 12, 1, 5, 5, 6, 13, 3, 9, 9, 8, 2, 9, 10, 13, 7, 10, 10, 4, 8, 11, 7, 10, 1, 9, 7, 14, 8, 13, 7, 11, 10, 4, 10, 6, 8], [13, 13, 7, 4, 4, 10, 9, 2, 9, 10, 9, 10, 1, 1, 7, 0, 4, 11, 6, 10, 12, 14, 11, 6, 12, 11, 9, 0, 2, 10, 8, 10, 10, 0, 2, 7, 2, 4, 10, 5, 5, 7, 7, 8, 9, 13, 13, 10, 9, 1, 8, 11, 4, 1, 6, 13, 7, 11, 3, 11, 2, 7, 8, 13, 8, 7, 0, 8, 9, 1, 4, 12], [14, 14, 10, 4, 7, 11, 9, 4, 9, 12, 10, 11, 1, 2, 8, 1, 3, 11, 7, 11, 14, 15, 11, 7, 13, 12, 11, 2, 1, 11, 10, 10, 10, 2, 0, 8, 4, 6, 9, 5, 5, 8, 9, 8, 11, 15, 14, 10, 11, 0, 10, 13, 7, 1, 5, 14, 9, 13, 6, 10, 1, 8, 10, 14, 11, 9, 2, 10, 10, 1, 3, 13], [6, 6, 7, 5, 5, 4, 6, 7, 3, 3, 3, 4, 8, 8, 0, 7, 6, 5, 1, 5, 5, 6, 4, 1, 5, 5, 3, 6, 7, 3, 5, 7, 7, 7, 8, 0, 6, 6, 7, 5, 6, 1, 6, 7, 2, 6, 5, 4, 2, 8, 6, 4, 4, 7, 6, 5, 4, 4, 4, 8, 8, 0, 6, 5, 6, 0, 7, 3, 3, 7, 6, 5], [11, 11, 5, 5, 2, 10, 10, 0, 9, 9, 9, 8, 3, 3, 6, 2, 6, 11, 5, 11, 12, 13, 10, 5, 11, 11, 8, 2, 4, 8, 5, 11, 11, 2, 4, 6, 0, 1, 11, 7, 7, 6, 4, 10, 8, 12, 12, 10, 8, 4, 6, 10, 2, 4, 8, 12, 5, 11, 2, 12, 5, 6, 6, 12, 6, 6, 2, 6, 9, 3, 6, 11], [10, 10, 3, 6, 0, 10, 10, 2, 9, 7, 9, 6, 5, 5, 6, 4, 7, 11, 4, 11, 11, 12, 10, 5, 10, 11, 7, 4, 6, 7, 4, 12, 12, 4, 6, 6, 1, 0, 12, 8, 8, 6, 2, 11, 6, 11, 11, 10, 6, 6, 4, 10, 1, 5, 9, 11, 3, 10, 1, 12, 6, 5, 4, 11, 4, 6, 4, 5, 9, 5, 7, 10], [12, 12, 14, 5, 12, 5, 1, 11, 4, 11, 6, 11, 10, 10, 7, 9, 5, 4, 8, 4, 9, 11, 6, 7, 10, 5, 10, 9, 8, 10, 13, 1, 1, 10, 9, 7, 11, 12, 0, 4, 4, 6, 13, 1, 10, 10, 10, 4, 10, 9, 14, 9, 11, 9, 3, 10, 12, 9, 10, 1, 8, 8, 14, 10, 14, 7, 10, 11, 5, 9, 5, 9], [11, 11, 10, 1, 8, 6, 3, 7, 4, 9, 6, 9, 6, 6, 5, 5, 1, 6, 5, 5, 9, 11, 7, 5, 9, 6, 9, 4, 4, 8, 10, 4, 5, 5, 5, 5, 7, 8, 4, 0, 0, 4, 10, 3, 8, 10, 10, 5, 8, 5, 10, 8, 7, 4, 1, 10, 8, 9, 6, 5, 4, 5, 11, 10, 11, 5, 6, 8, 5, 5, 1, 9], [12, 12, 11, 1, 8, 6, 3, 7, 5, 9, 6, 10, 6, 6, 5, 5, 1, 6, 6, 5, 10, 11, 7, 5, 10, 7, 9, 5, 4, 9, 10, 4, 5, 5, 5, 6, 7, 8, 4, 0, 0, 5, 10, 3, 9, 11, 10, 5, 8, 5, 11, 9, 7, 5, 0, 10, 9, 9, 7, 5, 4, 6, 11, 10, 11, 6, 6, 9, 5, 5, 1, 9], [7, 7, 7, 4, 6, 3, 5, 7, 2, 4, 2, 5, 8, 8, 0, 7, 5, 4, 2, 4, 5, 7, 4, 1, 5, 4, 4, 6, 7, 3, 6, 6, 6, 7, 8, 1, 6, 6, 6, 4, 5, 0, 7, 6, 3, 6, 6, 3, 3, 7, 7, 4, 5, 7, 5, 5, 5, 4, 5, 7, 7, 1, 7, 5, 7, 1, 7, 4, 2, 7, 5, 5], [9, 9, 0, 9, 2, 11, 12, 4, 10, 7, 10, 6, 7, 7, 7, 7, 9, 12, 5, 12, 10, 12, 11, 6, 10, 12, 6, 7, 8, 7, 2, 13, 13, 7, 9, 6, 4, 2, 13, 10, 10, 7, 0, 13, 6, 11, 11, 11, 6, 8, 1, 10, 2, 8, 11, 10, 2, 10, 3, 14, 9, 6, 1, 10, 2, 6, 7, 4, 10, 8, 10, 10], [13, 13, 13, 4, 11, 6, 2, 10, 5, 11, 6, 11, 9, 9, 7, 8, 4, 6, 8, 5, 10, 12, 7, 7, 10, 6, 11, 8, 6, 10, 13, 2, 3, 8, 8, 7, 10, 11, 1, 3, 3, 6, 13, 0, 10, 11, 11, 5, 10, 8, 13, 9, 10, 7, 2, 10, 11, 10, 9, 2, 6, 8, 14, 11, 14, 8, 9, 11, 6, 8, 4, 10], [3, 3, 6, 8, 6, 6, 8, 8, 5, 1, 4, 1, 10, 10, 3, 9, 9, 7, 3, 7, 4, 5, 5, 3, 4, 6, 0, 9, 10, 0, 4, 9, 9, 9, 11, 2, 8, 6, 10, 8, 9, 3, 6, 10, 0, 5, 4, 6, 0, 10, 5, 3, 5, 10, 9, 4, 3, 3, 6, 10, 10, 2, 5, 4, 5, 2, 10, 1, 5, 10, 9, 4], [3, 3, 11, 11, 11, 5, 9, 13, 6, 4, 4, 5, 14, 14, 6, 13, 12, 6, 7, 6, 1, 0, 4, 7, 1, 5, 4, 13, 13, 4, 9, 9, 9, 13, 15, 6, 12, 11, 10, 10, 11, 6, 11, 11, 5, 0, 0, 6, 4, 14, 10, 2, 10, 14, 11, 0, 8, 1, 10, 10, 14, 6, 10, 0, 10, 6, 14, 6, 5, 14, 12, 1], [3, 3, 10, 11, 11, 4, 8, 12, 5, 4, 4, 5, 14, 14, 6, 13, 11, 5, 7, 6, 0, 1, 4, 6, 0, 5, 4, 12, 13, 4, 9, 9, 8, 13, 14, 5, 12, 11, 10, 10, 10, 6, 11, 11, 4, 0, 0, 6, 4, 14, 10, 1, 9, 13, 11, 0, 8, 1, 10, 10, 13, 6, 10, 0, 10, 5, 13, 6, 5, 13, 11, 0], [8, 8, 11, 6, 10, 1, 2, 10, 1, 7, 2, 8, 11, 11, 4, 9, 6, 1, 6, 0, 5, 7, 2, 5, 5, 1, 7, 9, 9, 6, 10, 3, 2, 10, 10, 4, 10, 10, 4, 5, 5, 3, 11, 5, 6, 6, 6, 0, 6, 10, 11, 4, 9, 9, 5, 5, 9, 5, 9, 3, 9, 5, 11, 6, 11, 4, 10, 8, 1, 10, 6, 5], [3, 3, 6, 8, 6, 5, 8, 8, 5, 1, 4, 1, 10, 10, 3, 9, 9, 6, 3, 6, 4, 5, 5, 3, 3, 6, 0, 8, 9, 0, 4, 9, 9, 9, 11, 2, 8, 6, 10, 8, 8, 3, 6, 10, 0, 4, 4, 6, 0, 10, 5, 3, 5, 10, 9, 4, 4, 3, 6, 10, 10, 2, 5, 4, 5, 2, 9, 1, 4, 10, 9, 3], [14, 14, 9, 3, 6, 10, 9, 4, 9, 11, 10, 11, 1, 1, 7, 1, 3, 11, 7, 10, 13, 15, 11, 7, 13, 11, 11, 1, 1, 10, 9, 9, 10, 1, 0, 8, 4, 6, 9, 5, 5, 7, 8, 8, 10, 14, 14, 10, 10, 0, 10, 12, 6, 0, 5, 13, 8, 12, 5, 10, 1, 8, 10, 13, 10, 8, 1, 9, 9, 0, 3, 13], [7, 7, 0, 9, 3, 11, 12, 6, 10, 6, 9, 4, 9, 9, 7, 8, 10, 12, 5, 12, 9, 10, 10, 6, 9, 11, 5, 8, 10, 6, 0, 13, 13, 8, 10, 6, 6, 4, 14, 10, 11, 7, 1, 13, 5, 10, 10, 11, 5, 10, 0, 9, 3, 9, 12, 9, 2, 9, 4, 14, 10, 6, 0, 9, 0, 6, 8, 3, 9, 9, 10, 9], [3, 3, 9, 9, 9, 3, 7, 11, 4, 3, 3, 4, 12, 12, 4, 11, 10, 4, 5, 5, 1, 2, 2, 5, 1, 4, 3, 11, 11, 3, 8, 8, 7, 11, 13, 4, 10, 10, 9, 8, 9, 4, 10, 9, 3, 2, 1, 4, 3, 12, 9, 0, 8, 12, 9, 1, 7, 0, 9, 8, 12, 4, 9, 1, 9, 4, 12, 5, 3, 12, 10, 0], [8, 8, 3, 6, 1, 9, 9, 3, 7, 6, 7, 5, 5, 5, 4, 5, 6, 10, 2, 9, 9, 10, 9, 3, 9, 10, 5, 4, 6, 6, 3, 10, 10, 4, 7, 4, 2, 1, 11, 7, 7, 5, 2, 10, 5, 10, 9, 9, 5, 6, 3, 8, 0, 6, 8, 9, 2, 8, 0, 11, 7, 4, 4, 9, 4, 4, 5, 4, 7, 5, 7, 9], [13, 13, 9, 3, 6, 10, 8, 4, 8, 11, 9, 10, 1, 1, 7, 1, 3, 11, 6, 10, 13, 14, 11, 6, 12, 11, 10, 1, 0, 10, 9, 9, 10, 1, 1, 7, 4, 5, 9, 4, 5, 7, 8, 7, 10, 14, 13, 9, 10, 0, 9, 12, 6, 0, 5, 13, 8, 12, 5, 10, 1, 7, 10, 13, 10, 8, 1, 9, 9, 0, 3, 12], [12, 12, 12, 2, 9, 7, 3, 8, 5, 10, 6, 10, 7, 7, 6, 5, 2, 6, 7, 6, 10, 12, 7, 6, 10, 7, 10, 5, 4, 9, 11, 4, 4, 6, 5, 6, 8, 9, 3, 1, 0, 5, 11, 2, 9, 11, 11, 5, 9, 5, 12, 9, 8, 5, 0, 11, 10, 10, 8, 4, 4, 7, 12, 11, 12, 7, 6, 10, 6, 5, 2, 10], [3, 3, 10, 10, 10, 4, 8, 12, 5, 3, 4, 5, 14, 14, 5, 12, 11, 5, 7, 5, 0, 1, 3, 6, 0, 4, 4, 12, 12, 3, 9, 8, 8, 13, 14, 5, 12, 11, 10, 10, 10, 5, 10, 10, 4, 0, 0, 5, 4, 13, 9, 1, 9, 13, 11, 0, 8, 1, 10, 9, 13, 5, 10, 0, 9, 5, 13, 6, 4, 13, 11, 0], [6, 6, 2, 8, 3, 9, 10, 5, 8, 4, 7, 3, 8, 8, 5, 7, 8, 10, 3, 10, 8, 9, 8, 4, 8, 9, 4, 7, 8, 4, 1, 11, 11, 7, 9, 4, 5, 3, 12, 8, 9, 5, 2, 11, 3, 8, 8, 9, 4, 8, 2, 7, 2, 8, 10, 8, 0, 7, 3, 12, 9, 4, 2, 8, 2, 4, 7, 2, 7, 8, 9, 8], [3, 3, 9, 9, 9, 3, 7, 11, 4, 3, 3, 4, 13, 13, 4, 11, 10, 4, 5, 5, 0, 2, 3, 5, 0, 4, 3, 11, 11, 2, 8, 8, 7, 11, 13, 4, 11, 10, 9, 9, 9, 4, 10, 10, 3, 1, 1, 5, 3, 12, 9, 0, 8, 12, 10, 1, 7, 0, 9, 9, 12, 4, 9, 1, 9, 4, 12, 5, 3, 12, 10, 0], [9, 9, 4, 5, 1, 9, 9, 2, 7, 7, 8, 6, 4, 4, 5, 4, 6, 10, 3, 9, 10, 11, 9, 3, 9, 10, 6, 3, 5, 6, 4, 10, 10, 3, 6, 4, 2, 1, 10, 6, 7, 5, 3, 9, 6, 10, 10, 9, 6, 5, 4, 9, 0, 5, 8, 10, 3, 9, 0, 11, 6, 4, 4, 10, 4, 5, 4, 4, 7, 4, 6, 9], [12, 12, 15, 7, 12, 5, 2, 12, 4, 11, 5, 11, 12, 12, 7, 10, 7, 4, 9, 3, 9, 10, 5, 8, 9, 4, 11, 10, 9, 10, 13, 0, 1, 11, 10, 8, 12, 12, 1, 5, 5, 7, 14, 2, 10, 10, 10, 3, 10, 10, 14, 8, 11, 10, 4, 9, 12, 9, 11, 0, 9, 8, 15, 9, 14, 8, 11, 11, 5, 10, 6, 9], [14, 14, 10, 2, 7, 10, 8, 5, 8, 11, 9, 11, 2, 2, 7, 2, 2, 10, 7, 9, 13, 14, 10, 7, 13, 10, 11, 2, 0, 11, 10, 8, 9, 2, 1, 8, 5, 6, 8, 4, 4, 7, 9, 6, 10, 14, 13, 9, 10, 1, 10, 12, 7, 1, 4, 13, 9, 12, 6, 9, 0, 8, 11, 13, 11, 8, 2, 10, 9, 1, 2, 12], [6, 6, 6, 5, 5, 4, 6, 6, 3, 3, 3, 3, 8, 8, 0, 7, 6, 5, 1, 5, 5, 7, 4, 0, 5, 5, 3, 6, 7, 3, 5, 7, 7, 7, 8, 0, 6, 5, 8, 5, 6, 1, 6, 8, 2, 6, 6, 5, 2, 8, 6, 4, 4, 7, 7, 5, 4, 4, 4, 8, 8, 0, 6, 5, 6, 0, 7, 3, 3, 7, 6, 5], [7, 7, 1, 10, 4, 11, 12, 6, 10, 6, 10, 4, 9, 9, 7, 9, 10, 12, 5, 12, 10, 11, 11, 6, 9, 12, 5, 8, 10, 6, 1, 14, 14, 8, 10, 6, 6, 4, 14, 11, 11, 7, 1, 14, 5, 10, 10, 11, 5, 10, 0, 9, 4, 10, 12, 10, 2, 9, 4, 15, 11, 6, 0, 10, 0, 6, 9, 4, 10, 9, 11, 9], [3, 3, 10, 10, 10, 4, 8, 12, 5, 3, 4, 5, 14, 14, 5, 12, 11, 5, 7, 6, 0, 1, 3, 6, 0, 4, 4, 12, 12, 3, 8, 9, 8, 13, 14, 5, 12, 11, 10, 10, 10, 5, 10, 11, 4, 0, 0, 6, 4, 13, 9, 1, 9, 13, 11, 0, 8, 1, 10, 9, 13, 5, 10, 0, 9, 5, 13, 6, 4, 13, 11, 0], [7, 7, 1, 10, 4, 11, 12, 6, 10, 6, 9, 4, 9, 9, 7, 9, 10, 12, 5, 12, 9, 10, 10, 6, 9, 11, 5, 8, 10, 6, 1, 13, 13, 8, 11, 6, 6, 4, 14, 11, 11, 7, 2, 14, 5, 10, 10, 11, 5, 10, 0, 9, 4, 10, 12, 9, 2, 9, 4, 14, 11, 6, 0, 9, 0, 6, 9, 3, 9, 9, 11, 9], [6, 6, 7, 5, 6, 4, 6, 7, 3, 3, 3, 3, 8, 8, 0, 7, 6, 5, 1, 5, 5, 6, 4, 1, 4, 5, 3, 6, 7, 2, 5, 7, 7, 7, 9, 0, 6, 6, 7, 5, 6, 1, 6, 8, 2, 6, 5, 4, 2, 8, 6, 4, 4, 8, 7, 5, 4, 4, 5, 8, 8, 0, 6, 5, 6, 0, 8, 3, 3, 8, 6, 4], [13, 13, 8, 4, 5, 11, 9, 2, 9, 11, 10, 10, 0, 0, 7, 0, 4, 11, 6, 11, 13, 14, 11, 6, 13, 12, 10, 1, 2, 10, 8, 10, 11, 0, 2, 7, 2, 4, 10, 6, 6, 7, 7, 9, 10, 14, 13, 10, 9, 1, 8, 12, 5, 1, 6, 13, 7, 12, 4, 11, 2, 7, 9, 13, 9, 8, 0, 9, 9, 1, 4, 12], [4, 4, 4, 8, 5, 7, 9, 7, 6, 2, 6, 1, 9, 9, 4, 8, 9, 8, 3, 8, 6, 7, 7, 3, 5, 8, 1, 8, 9, 2, 2, 10, 10, 8, 10, 3, 6, 5, 11, 8, 9, 4, 4, 11, 1, 6, 6, 8, 1, 9, 3, 5, 4, 9, 10, 6, 2, 5, 4, 11, 10, 3, 4, 6, 3, 3, 9, 0, 6, 9, 9, 5], [7, 7, 10, 6, 8, 1, 3, 9, 0, 5, 0, 6, 10, 10, 2, 9, 6, 2, 4, 2, 4, 6, 1, 3, 4, 2, 5, 8, 8, 4, 8, 4, 4, 9, 10, 3, 9, 9, 5, 5, 5, 2, 10, 6, 5, 5, 5, 1, 4, 9, 9, 3, 7, 9, 6, 4, 7, 3, 7, 5, 9, 3, 10, 4, 9, 3, 9, 6, 0, 9, 7, 4], [13, 13, 8, 3, 5, 10, 9, 3, 9, 11, 10, 10, 1, 1, 7, 0, 3, 11, 6, 10, 13, 14, 11, 6, 13, 11, 10, 1, 1, 10, 9, 10, 10, 1, 1, 7, 3, 5, 9, 5, 5, 7, 8, 8, 10, 14, 13, 10, 10, 0, 9, 12, 5, 0, 5, 13, 8, 12, 4, 10, 1, 7, 9, 13, 9, 8, 1, 9, 9, 0, 3, 12], [12, 12, 10, 1, 7, 8, 5, 6, 6, 10, 7, 10, 5, 5, 6, 3, 0, 8, 6, 7, 11, 12, 8, 5, 11, 8, 10, 3, 2, 9, 10, 6, 6, 4, 3, 6, 6, 7, 5, 1, 1, 5, 10, 4, 9, 12, 11, 6, 9, 3, 10, 10, 7, 3, 2, 11, 9, 10, 6, 6, 2, 6, 11, 11, 11, 6, 4, 9, 7, 3, 0, 11], [3, 3, 10, 10, 10, 4, 7, 11, 5, 3, 3, 4, 13, 13, 5, 12, 10, 5, 6, 5, 0, 1, 3, 6, 0, 4, 3, 11, 12, 3, 8, 8, 8, 12, 13, 5, 11, 10, 9, 9, 9, 5, 10, 10, 4, 1, 0, 5, 3, 13, 9, 0, 9, 12, 10, 0, 8, 0, 9, 9, 12, 5, 9, 0, 9, 4, 12, 5, 4, 12, 11, 0]]
