70 2163.83 0 1680 1 1680
[6145.85, 2793.85, 3090.1, 9376.12, 8369.71, 7218.5, 4122.42, 2516.8, 1558.06, 1732.82, 6347.24, 6257.53, 6349.27, 2825.55, 730.92, 6275.08, 8606.23, 3602.74, 1698.7, 4057.57, 1758.3, 4108.53, 8479.94, 4746.28, 5788.66, 802.57, 8511.33, 2978.0, 7526.56, 8006.07, 1808.97, 4696.8, 4046.06, 9769.02, 2615.36, 2640.51, 5007.04, 1737.5, 8337.6, 9490.7, 9582.01, 8154.81, 4770.54, 8068.12, 397.06, 4939.03, 3558.81, 338.14, 4077.82, 1923.26, 1968.52, 9633.72, 7337.88, 9601.42, 2871.03, 2492.81, 2652.09, 3769.31, 4016.99, 6959.45, 3697.57, 2926.18, 2724.73, 3803.14, 5979.51, 6012.73, 5141.29, 595.53, 7178.78, 1651.05]
[6620.9, 6450.15, 7599.47, 6162.91, 4895.87, 7527.18, 5478.95, 3126.15, 3149.2, 6180.92, 7790.76, 4665.45, 3179.32, 2484.66, 6539.67, 6540.06, 4550.95, 6182.2, 3245.0, 7750.79, 2037.04, 6554.51, 4749.81, 6412.67, 4747.7, 2028.77, 7947.17, 5436.05, 4865.4, 7036.34, 5915.58, 6429.04, 2392.33, 2009.49, 6170.52, 5906.87, 5975.29, 5468.38, 2275.94, 7705.67, 2388.82, 6059.72, 3051.45, 4937.84, 6404.37, 5528.58, 2820.09, 6204.58, 2570.66, 7143.79, 2329.23, 3929.22, 7957.86, 6088.63, 7644.51, 4289.1, 5614.21, 7979.41, 6983.51, 3529.65, 7585.48, 2175.99, 4692.89, 7775.29, 4224.85, 3586.04, 7474.99, 3129.0, 7315.47, 2665.97]
[6, 3, 3, 9, 8, 7, 4, 3, 2, 2, 6, 6, 6, 3, 1, 6, 8, 4, 2, 4, 2, 4, 8, 5, 6, 1, 8, 3, 7, 8, 2, 5, 4, 9, 3, 3, 5, 2, 8, 9, 9, 8, 5, 8, 1, 5, 4, 1, 4, 2, 2, 9, 7, 9, 3, 3, 3, 4, 4, 7, 4, 3, 3, 4, 6, 6, 5, 1, 7, 2]
[1, 2, 3, 4, 5, 6, 7, 8, 9, 10, 11, 12, 13, 14, 15, 16, 17, 18, 19, 20, 21, 22, 23, 24, 25, 26, 27, 28, 29, 30, 31, 32, 33, 34, 35, 36, 37, 38, 39, 40, 41, 42, 43, 44, 45, 46, 47, 48, 49, 50, 51, 52, 53, 54, 55, 56, 57, 58, 59, 60, 61, 62, 63, 64, 65, 66, 67, 68, 69, 70]
[2, 3, 3, 2, 3, 1, 2, 3, 3, 3, 2, 2, 2, 3, 2, 2, 3, 2, 3, 2, 3, 2, 3, 3, 2, 2, 3, 3, 1, 3, 3, 3, 2, 2, 3, 3, 3, 3, 3, 2, 2, 3, 3, 3, 2, 3, 2, 2, 2, 3, 3, 2, 1, 2, 3, 3, 3, 2, 2, 1, 2, 3, 3, 2, 2, 2, 3, 2, 1, 3]
[1, 2, 2, 1, 2, 2, 2, 2, 2, 2, 1, 1, 1, 2, 2, 1, 2, 2, 2, 2, 2, 2, 2, 2, 1, 2, 2, 2, 2, 2, 2, 2, 2, 1, 2, 2, 2, 2, 2, 1, 1, 2, 2, 2, 2, 2, 2, 2, 2, 2, 2, 1, 2, 1, 2, 2, 2, 2, 2, 2, 2, 2, 2, 2, 1, 1, 2, 2, 2, 2]
[10, 2, 10, 9, 9, 4, 6, 10, 10, 1, 4, 3, 2, 9, 1, 9, 3, 9, 9, 2, 2, 8, 4, 1, 7, 10, 4, 9, 7, 2, 10, 3, 6, 5, 1, 8, 8, 1, 1, 8, 1, 7, 3, 3, 7, 2, 9, 8, 9, 10, 1, 9, 7, 2, 4, 7, 2, 9, 4, 7, 3, 1, 7, 2, 8, 1, 10, 7, 1, 5]
[3553.3, 1830.61, 3472.94, 3448.02, 3355.02, 2183.86, 2281.35, 4262.76, 4366.78, 4059.32, 1989.78, 1606.08, 1782.77, 3132.86, 4003.0, 3196.39, 1609.59, 3318.36, 3042.24, 1857.19, 1937.49, 2037.07, 2175.66, 3362.89, 2233.37, 3867.72, 1435.12, 3051.49, 2300.32, 1946.47, 3987.28, 2498.37, 3433.65, 1496.28, 3241.25, 1712.88, 2066.66, 4240.0, 3015.63, 1306.98, 3913.21, 2425.18, 2392.49, 2677.26, 1951.03, 1877.0, 2926.53, 1865.35, 2964.81, 3770.66, 3915.95, 2791.5, 1710.61, 1943.07, 1472.45, 2001.23, 1868.3, 3120.96, 2038.63, 2109.94, 2482.69, 3338.8, 2441.65, 1913.03, 1910.62, 4093.71, 4669.61, 2210.83, 3466.09, 1595.46]
[0.09, 0.64, 0.03, 0.54, 0.63, 0.32, 0.25, 0.03, 0.04, 0.55, 0.36, 0.22, 0.44, 0.71, 0.57, 0.47, 0.66, 0.57, 0.74, 0.69, 0.57, 0.56, 0.37, 0.59, 0.04, 0.08, 0.32, 0.49, 0.22, 0.23, 0.16, 0.35, 0.66, 0.39, 0.55, 0.61, 0.63, 0.58, 0.6, 0.6, 0.56, 0.09, 0.24, 0.41, 0.29, 0.33, 0.73, 0.48, 0.74, 0.1, 0.56, 0.64, 0.08, 0.26, 0.35, 0.2, 0.5, 0.5, 0.38, 0.03, 0.33, 0.59, 0.1, 0.21, 0.49, 0.59, 0.16, 0.2, 0.58, 0.64]
[0.75, 0.62, 0.91, 0.82, 0.51, 0.91, 0.62, 0.88, 0.59, 0.87, 0.99, 0.65, 0.85, 0.96, 0.96, 0.78, 0.85, 1.0, 0.95, 0.54, 0.94, 0.69, 0.7, 0.72, 1.08, 0.6, 1.07, 0.73, 1.04, 0.85, 0.73, 0.66, 0.65, 1.08, 0.6, 0.87, 0.91, 0.52, 0.73, 0.99, 0.73, 0.71, 0.89, 0.64, 0.94, 0.81, 0.85, 0.99, 0.67, 1.07, 0.76, 0.7, 0.52, 1.04, 0.51, 1.01, 0.73, 0.96, 0.81, 0.51, 0.98, 1.03, 0.99, 0.75, 0.81, 0.74, 1.06, 0.56, 0.61, 0.85]
[0.96, 0.84, 0.63, 0.84, 0.98, 0.81, 0.73, 0.53, 1.05, 0.98, 0.84, 0.79, 0.56, 0.9, 0.73, 0.96, 0.67, 0.67, 0.96, 0.54, 1.08, 0.86, 0.52, 0.81, 0.51, 1.04, 1.01, 0.51, 0.81, 0.67, 0.71, 0.65, 0.83, 0.86, 0.7, 1.04, 0.91, 0.57, 0.91, 0.8, 0.76, 0.79, 0.76, 0.58, 0.7, 0.98, 0.69, 0.61, 0.55, 0.96, 0.53, 0.66, 0.96, 1.0, 1.0, 0.65, 0.87, 0.86, 0.88, 0.71, 0.89, 0.74, 0.77, 0.87, 0.5, 0.98, 0.69, 0.71, 1.06, 0.97]
[1.01, 0.6, 0.53, 0.53, 1.09, 0.83, 0.91, 1.05, 1.08, 1.09, 1.03, 0.68, 0.72, 0.78, 0.56, 0.75, 0.92, 0.86, 0.97, 1.05, 1.04, 0.86, 1.04, 1.08, 1.09, 0.65, 0.92, 0.74, 1.09, 0.67, 1.06, 0.82, 0.56, 0.61, 1.08, 0.94, 0.86, 0.91, 0.6, 1.07, 0.94, 1.08, 0.75, 1.09, 0.93, 0.55, 0.53, 0.68, 0.86, 0.9, 1.08, 0.89, 0.85, 1.03, 0.79, 0.64, 0.82, 0.83, 0.98, 0.96, 0.99, 0.8, 0.73, 1.03, 0.6, 0.89, 0.99, 0.93, 0.87, 0.8]
[0.51, 0.65, 0.72, 0.55, 1.02, 0.8, 0.74, 1.08, 0.88, 0.85, 0.59, 0.51, 0.94, 0.52, 0.77, 0.9, 1.0, 0.75, 0.76, 0.89, 0.64, 0.83, 0.85, 0.86, 0.77, 0.74, 0.67, 0.75, 0.52, 0.81, 1.01, 0.58, 0.89, 0.85, 0.54, 0.78, 0.84, 0.88, 0.66, 0.79, 1.07, 0.94, 0.78, 1.01, 0.92, 0.71, 0.55, 0.94, 0.89, 0.71, 0.67, 0.52, 0.65, 0.6, 0.52, 0.95, 1.02, 0.99, 1.0, 1.07, 0.86, 0.72, 0.76, 0.65, 0.73, 0.65, 1.0, 0.82, 0.8, 0.75]
[0.98, 0.67, 0.88, 0.69, 0.55, 0.65, 1.07, 0.85, 0.61, 1.02, 0.6, 0.95, 0.71, 0.75, 0.82, 0.6, 0.67, 1.08, 0.85, 0.55, 1.08, 1.04, 0.92, 0.79, 0.96, 0.74, 0.86, 1.05, 0.67, 0.99, 0.84, 0.88, 0.7, 0.55, 1.07, 1.01, 1.08, 0.64, 0.8, 0.6, 0.95, 0.59, 0.9, 1.03, 0.56, 0.61, 0.79, 0.86, 1.03, 0.75, 0.85, 0.84, 0.89, 0.72, 0.61, 0.6, 0.73, 0.68, 0.82, 0.5, 0.8, 0.78, 0.53, 0.8, 0.69, 1.03, 0.87, 0.93, 0.62, 0.93]
[0.36, 0.14, 0.19, 0.14, 0.3, 0.32, 0.33, 0.45, 0.37, 0.8, 0.3, 0.17, 0.23, 0.27, 0.25, 0.3, 0.35, 0.46, 0.57, 0.15, 0.73, 0.44, 0.3, 0.43, 0.44, 0.22, 0.58, 0.22, 0.32, 0.3, 0.47, 0.18, 0.19, 0.26, 0.26, 0.67, 0.64, 0.15, 0.21, 0.4, 0.53, 0.33, 0.36, 0.42, 0.32, 0.19, 0.13, 0.33, 0.29, 0.5, 0.25, 0.18, 0.25, 0.46, 0.13, 0.24, 0.39, 0.46, 0.57, 0.19, 0.59, 0.34, 0.22, 0.35, 0.12, 0.43, 0.63, 0.28, 0.27, 0.46]
[491.52, 435.51, 402.53, 307.58, 174.89, 638.08, 527.25, 396.74, 452.45, 235.92, 434.54, 597.02, 344.99, 259.36, 195.59, 212.66, 778.84, 366.68, 307.88, 211.85, 197.5, 82.49, 343.3, 263.71, 86.43, 441.33, 275.18, 488.51, 166.43, 193.39, 580.18, 513.25, 549.06, 171.43, 234.12, 62.14, 39.74, 233.09, 187.79, 54.42, 226.85, 100.24, 637.58, 391.1, 214.53, 312.32, 207.05, 70.1, 540.17, 347.1, 217.7, 166.1, 211.52, 210.0, 488.98, 80.36, 305.3, 122.56, 436.24, 221.28, 630.63, 326.8, 87.26, 193.85, 74.21, 114.26, 597.25, 188.65, 155.57, 218.96]
[178.66, 63.9, 65.68, 36.53, 54.72, 183.78, 172.21, 179.85, 159.82, 189.31, 121.74, 81.2, 78.93, 72.05, 49.5, 63.14, 267.06, 170.49, 173.41, 33.71, 144.11, 35.71, 94.16, 110.04, 38.22, 99.95, 158.9, 106.26, 57.23, 60.08, 271.29, 94.9, 108.09, 40.91, 64.91, 42.55, 25.21, 36.61, 34.76, 22.04, 122.07, 33.63, 213.29, 170.92, 68.74, 51.02, 27.45, 23.84, 148.66, 171.22, 52.17, 28.18, 55.13, 106.26, 58.99, 19.5, 119.14, 57.81, 246.75, 38.37, 374.8, 114.02, 19.19, 67.84, 8.14, 48.18, 384.26, 52.04, 40.83, 99.5]
[1957.6, 1677.54, 1512.63, 1037.92, 374.47, 2690.41, 2136.24, 1483.71, 1762.26, 679.62, 1672.72, 2485.08, 1224.93, 796.78, 477.94, 563.28, 3394.19, 1333.42, 1039.41, 559.25, 487.48, -87.53, 1216.52, 818.54, -67.86, 1706.64, 875.92, 1942.53, 332.16, 466.96, 2400.9, 2066.23, 2245.29, 357.15, 670.6, -189.28, -301.32, 665.46, 438.94, -227.91, 634.24, 1.22, 2687.92, 1455.52, 572.64, 1061.62, 535.24, -149.49, 2200.84, 1235.5, 588.5, 330.48, 557.58, 550.01, 1944.88, -98.18, 1026.52, 112.79, 1681.18, 606.41, 2653.16, 1134.0, -63.68, 469.26, -128.97, 71.3, 2486.24, 443.23, 277.87, 594.79]
[393.29, -180.52, -171.6, -317.33, -226.38, 418.91, 361.04, 399.26, 299.09, 446.54, 108.68, -93.99, -105.36, -139.75, -252.52, -184.29, 835.32, 352.45, 367.07, -331.43, 220.55, -321.43, -29.21, 50.21, -308.88, -0.23, 294.5, 31.28, -213.86, -199.6, 856.47, -25.51, 40.46, -295.43, -175.44, -287.26, -373.97, -316.97, -326.22, -389.81, 110.34, -331.84, 566.43, 354.61, -156.29, -244.91, -362.74, -380.8, 243.3, 356.09, -239.15, -359.1, -224.35, 31.31, -205.06, -402.49, 95.68, -210.93, 733.73, -308.13, 1373.99, 70.08, -404.04, -160.81, -459.28, -259.08, 1421.31, -239.8, -295.87, -2.5]
[106.6, 73.22, 138.92, 103.44, 134.2, 43.68, 68.44, 170.51, 174.67, 162.37, 59.69, 48.18, 53.48, 125.31, 120.09, 95.89, 64.38, 99.55, 121.69, 55.72, 77.5, 61.11, 87.03, 134.52, 67.0, 116.03, 57.4, 122.06, 46.01, 77.86, 159.49, 99.93, 103.01, 44.89, 129.65, 68.52, 82.67, 169.6, 120.63, 39.21, 117.4, 97.01, 95.7, 107.09, 58.53, 75.08, 87.8, 55.96, 88.94, 150.83, 156.64, 83.74, 34.21, 58.29, 58.9, 80.05, 74.73, 93.63, 61.16, 42.2, 74.48, 133.55, 97.67, 57.39, 57.32, 122.81, 186.78, 66.32, 69.32, 63.82]
[142, 109, 208, 137, 201, 43, 91, 255, 262, 243, 79, 64, 71, 187, 160, 127, 96, 132, 182, 74, 116, 81, 130, 201, 89, 154, 86, 183, 46, 116, 239, 149, 137, 59, 194, 102, 123, 254, 180, 52, 156, 145, 143, 160, 78, 112, 117, 74, 118, 226, 234, 111, 34, 77, 88, 120, 112, 124, 81, 42, 99, 200, 146, 76, 76, 163, 280, 88, 69, 95]
[384, 132, 1671, 1256, 1117, 994, 1484, 656, 1651, 281, 15, 270, 1575, 895, 798, 489, 747, 580, 898, 1434, 1568, 931, 1395, 403, 1663, 1260, 1401, 308, 1662, 1243, 542, 421, 848, 1605, 115, 487, 528, 484, 1468, 854, 1146, 1255, 1627, 1478, 820, 324, 1016, 1592, 779, 618, 384, 1613, 1520, 1282, 1044, 1616, 1318, 146, 533, 101, 531, 79, 119, 813, 159, 701, 1653, 1573, 614, 1277]
[1219, 700, 1680, 1680, 1507, 1680, 1680, 1680, 1680, 1680, 1680, 615, 1680, 1374, 1544, 1635, 1680, 1103, 1680, 1680, 1680, 1187, 1680, 748, 1680, 1680, 1680, 1632, 1680, 1677, 1288, 1078, 1149, 1680, 594, 1680, 740, 696, 1680, 1680, 1680, 1600, 1680, 1680, 1680, 1680, 1680, 1680, 1680, 1319, 1085, 1680, 1680, 1680, 1680, 1680, 1574, 1425, 1680, 624, 1321, 1314, 464, 1603, 1483, 1680, 1680, 1680, 1680, 1680]
10
[0.0, 0.0, 0.0, 0.0, 0.0, 0.0, 0.0, 0.0, 0.0, 0.0]
[0.0, 10000.0, 10000.0, 0.0, 0.0, 10000.0, 10000.0, 0.0, 0.0, 0.0]
[[0.0, 137.0, 137.0, 0.0, 0.0, 137.0, 137.0, 0.0, 0.0, 0.0, 124.0, 97.0, 113.0, 154.0, 133.0, 143.0, 94.0, 55.0, 48.0, 88.0, 138.0, 107.0, 98.0, 52.0, 90.0, 125.0, 134.0, 98.0, 50.0, 120.0, 37.0, 106.0, 134.0, 110.0, 103.0, 30.0, 160.0, 85.0, 123.0, 146.0, 85.0, 109.0, 65.0, 137.0, 92.0, 89.0, 107.0, 79.0, 119.0, 168.0, 136.0, 140.0, 78.0, 130.0, 88.0, 102.0, 62.0, 85.0, 66.0, 102.0, 42.0, 143.0, 149.0, 156.0, 112.0, 68.0, 85.0, 121.0, 111.0, 107.0, 116.0, 50.0, 75.0, 119.0, 101.0, 96.0, 125.0, 44.0, 141.0, 43.0], [137.0, 0.0, 0.0, 137.0, 137.0, 0.0, 0.0, 137.0, 137.0, 137.0, 96.0, 62.0, 54.0, 139.0, 135.0, 105.0, 84.0, 101.0, 97.0, 58.0, 92.0, 113.0, 128.0, 110.0, 49.0, 98.0, 140.0, 72.0, 96.0, 64.0, 112.0, 74.0, 137.0, 82.0, 107.0, 110.0, 120.0, 75.0, 125.0, 117.0, 61.0, 81.0, 118.0, 173.0, 64.0, 67.0, 88.0, 67.0, 156.0, 134.0, 168.0, 124.0, 116.0, 131.0, 50.0, 92.0, 110.0, 52.0, 116.0, 47.0, 109.0, 156.0, 105.0, 142.0, 51.0, 86.0, 70.0, 59.0, 69.0, 131.0, 61.0, 115.0, 82.0, 61.0, 114.0, 121.0, 79.0, 95.0, 105.0, 103.0], [137.0, 0.0, 0.0, 137.0, 137.0, 0.0, 0.0, 137.0, 137.0, 137.0, 96.0, 62.0, 54.0, 139.0, 135.0, 105.0, 84.0, 101.0, 97.0, 58.0, 92.0, 113.0, 128.0, 110.0, 49.0, 98.0, 140.0, 72.0, 96.0, 64.0, 112.0, 74.0, 137.0, 82.0, 107.0, 110.0, 120.0, 75.0, 125.0, 117.0, 61.0, 81.0, 118.0, 173.0, 64.0, 67.0, 88.0, 67.0, 156.0, 134.0, 168.0, 124.0, 116.0, 131.0, 50.0, 92.0, 110.0, 52.0, 116.0, 47.0, 109.0, 156.0, 105.0, 142.0, 51.0, 86.0, 70.0, 59.0, 69.0, 131.0, 61.0, 115.0, 82.0, 61.0, 114.0, 121.0, 79.0, 95.0, 105.0, 103.0], [0.0, 137.0, 137.0, 0.0, 0.0, 137.0, 137.0, 0.0, 0.0, 0.0, 124.0, 97.0, 113.0, 154.0, 133.0, 143.0, 94.0, 55.0, 48.0, 88.0, 138.0, 107.0, 98.0, 52.0, 90.0, 125.0, 134.0, 98.0, 50.0, 120.0, 37.0, 106.0, 134.0, 110.0, 103.0, 30.0, 160.0, 85.0, 123.0, 146.0, 85.0, 109.0, 65.0, 137.0, 92.0, 89.0, 107.0, 79.0, 119.0, 168.0, 136.0, 140.0, 78.0, 130.0, 88.0, 102.0, 62.0, 85.0, 66.0, 102.0, 42.0, 143.0, 149.0, 156.0, 112.0, 68.0, 85.0, 121.0, 111.0, 107.0, 116.0, 50.0, 75.0, 119.0, 101.0, 96.0, 125.0, 44.0, 141.0, 43.0], [0.0, 137.0, 137.0, 0.0, 0.0, 137.0, 137.0, 0.0, 0.0, 0.0, 124.0, 97.0, 113.0, 154.0, 133.0, 143.0, 94.0, 55.0, 48.0, 88.0, 138.0, 107.0, 98.0, 52.0, 90.0, 125.0, 134.0, 98.0, 50.0, 120.0, 37.0, 106.0, 134.0, 110.0, 103.0, 30.0, 160.0, 85.0, 123.0, 146.0, 85.0, 109.0, 65.0, 137.0, 92.0, 89.0, 107.0, 79.0, 119.0, 168.0, 136.0, 140.0, 78.0, 130.0, 88.0, 102.0, 62.0, 85.0, 66.0, 102.0, 42.0, 143.0, 149.0, 156.0, 112.0, 68.0, 85.0, 121.0, 111.0, 107.0, 116.0, 50.0, 75.0, 119.0, 101.0, 96.0, 125.0, 44.0, 141.0, 43.0], [137.0, 0.0, 0.0, 137.0, 137.0, 0.0, 0.0, 137.0, 137.0, 137.0, 96.0, 62.0, 54.0, 139.0, 135.0, 105.0, 84.0, 101.0, 97.0, 58.0, 92.0, 113.0, 128.0, 110.0, 49.0, 98.0, 140.0, 72.0, 96.0, 64.0, 112.0, 74.0, 137.0, 82.0, 107.0, 110.0, 120.0, 75.0, 125.0, 117.0, 61.0, 81.0, 118.0, 173.0, 64.0, 67.0, 88.0, 67.0, 156.0, 134.0, 168.0, 124.0, 116.0, 131.0, 50.0, 92.0, 110.0, 52.0, 116.0, 47.0, 109.0, 156.0, 105.0, 142.0, 51.0, 86.0, 70.0, 59.0, 69.0, 131.0, 61.0, 115.0, 82.0, 61.0, 114.0, 121.0, 79.0, 95.0, 105.0, 103.0], [137.0, 0.0, 0.0, 137.0, 137.0, 0.0, 0.0, 137.0, 137.0, 137.0, 96.0, 62.0, 54.0, 139.0, 135.0, 105.0, 84.0, 101.0, 97.0, 58.0, 92.0, 113.0, 128.0, 110.0, 49.0, 98.0, 140.0, 72.0, 96.0, 64.0, 112.0, 74.0, 137.0, 82.0, 107.0, 110.0, 120.0, 75.0, 125.0, 117.0, 61.0, 81.0, 118.0, 173.0, 64.0, 67.0, 88.0, 67.0, 156.0, 134.0, 168.0, 124.0, 116.0, 131.0, 50.0, 92.0, 110.0, 52.0, 116.0, 47.0, 109.0, 156.0, 105.0, 142.0, 51.0, 86.0, 70.0, 59.0, 69.0, 131.0, 61.0, 115.0, 82.0, 61.0, 114.0, 121.0, 79.0, 95.0, 105.0, 103.0], [0.0, 137.0, 137.0, 0.0, 0.0, 137.0, 137.0, 0.0, 0.0, 0.0, 124.0, 97.0, 113.0, 154.0, 133.0, 143.0, 94.0, 55.0, 48.0, 88.0, 138.0, 107.0, 98.0, 52.0, 90.0, 125.0, 134.0, 98.0, 50.0, 120.0, 37.0, 106.0, 134.0, 110.0, 103.0, 30.0, 160.0, 85.0, 123.0, 146.0, 85.0, 109.0, 65.0, 137.0, 92.0, 89.0, 107.0, 79.0, 119.0, 168.0, 136.0, 140.0, 78.0, 130.0, 88.0, 102.0, 62.0, 85.0, 66.0, 102.0, 42.0, 143.0, 149.0, 156.0, 112.0, 68.0, 85.0, 121.0, 111.0, 107.0, 116.0, 50.0, 75.0, 119.0, 101.0, 96.0, 125.0, 44.0, 141.0, 43.0], [0.0, 137.0, 137.0, 0.0, 0.0, 137.0, 137.0, 0.0, 0.0, 0.0, 124.0, 97.0, 113.0, 154.0, 133.0, 143.0, 94.0, 55.0, 48.0, 88.0, 138.0, 107.0, 98.0, 52.0, 90.0, 125.0, 134.0, 98.0, 50.0, 120.0, 37.0, 106.0, 134.0, 110.0, 103.0, 30.0, 160.0, 85.0, 123.0, 146.0, 85.0, 109.0, 65.0, 137.0, 92.0, 89.0, 107.0, 79.0, 119.0, 168.0, 136.0, 140.0, 78.0, 130.0, 88.0, 102.0, 62.0, 85.0, 66.0, 102.0, 42.0, 143.0, 149.0, 156.0, 112.0, 68.0, 85.0, 121.0, 111.0, 107.0, 116.0, 50.0, 75.0, 119.0, 101.0, 96.0, 125.0, 44.0, 141.0, 43.0], [0.0, 137.0, 137.0, 0.0, 0.0, 137.0, 137.0, 0.0, 0.0, 0.0, 124.0, 97.0, 113.0, 154.0, 133.0, 143.0, 94.0, 55.0, 48.0, 88.0, 138.0, 107.0, 98.0, 52.0, 90.0, 125.0, 134.0, 98.0, 50.0, 120.0, 37.0, 106.0, 134.0, 110.0, 103.0, 30.0, 160.0, 85.0, 123.0, 146.0, 85.0, 109.0, 65.0, 137.0, 92.0, 89.0, 107.0, 79.0, 119.0, 168.0, 136.0, 140.0, 78.0, 130.0, 88.0, 102.0, 62.0, 85.0, 66.0, 102.0, 42.0, 143.0, 149.0, 156.0, 112.0, 68.0, 85.0, 121.0, 111.0, 107.0, 116.0, 50.0, 75.0, 119.0, 101.0, 96.0, 125.0, 44.0, 141.0, 43.0], [124.0, 96.0, 96.0, 124.0, 124.0, 96.0, 96.0, 124.0, 124.0, 124.0, 0.0, 46.0, 44.0, 45.0, 39.0, 19.0, 32.0, 69.0, 79.0, 61.0, 16.0, 27.0, 47.0, 73.0, 74.0, 2.0, 44.0, 35.0, 77.0, 33.0, 87.0, 28.0, 41.0, 19.0, 26.0, 97.0, 37.0, 46.0, 31.0, 26.0, 60.0, 20.0, 65.0, 81.0, 49.0, 49.0, 18.0, 63.0, 67.0, 48.0, 75.0, 29.0, 53.0, 35.0, 79.0, 22.0, 63.0, 80.0, 62.0, 58.0, 82.0, 61.0, 25.0, 48.0, 47.0, 60.0, 50.0, 38.0, 30.0, 44.0, 36.0, 75.0, 54.0, 36.0, 33.0, 42.0, 18.0, 90.0, 17.0, 82.0], [97.0, 62.0, 62.0, 97.0, 97.0, 62.0, 62.0, 97.0, 97.0, 97.0, 46.0, 0.0, 16.0, 91.0, 80.0, 63.0, 23.0, 46.0, 48.0, 15.0, 52.0, 54.0, 66.0, 54.0, 28.0, 48.0, 84.0, 12.0, 47.0, 25.0, 62.0, 18.0, 82.0, 27.0, 47.0, 67.0, 81.0, 14.0, 69.0, 72.0, 15.0, 26.0, 58.0, 114.0, 5.0, 8.0, 31.0, 20.0, 95.0, 94.0, 109.0, 74.0, 54.0, 75.0, 33.0, 32.0, 51.0, 34.0, 56.0, 15.0, 58.0, 100.0, 66.0, 94.0, 16.0, 30.0, 12.0, 25.0, 18.0, 70.0, 20.0, 59.0, 24.0, 23.0, 53.0, 59.0, 35.0, 55.0, 61.0, 54.0], [113.0, 54.0, 54.0, 113.0, 113.0, 54.0, 54.0, 113.0, 113.0, 113.0, 44.0, 16.0, 0.0, 89.0, 82.0, 57.0, 32.0, 62.0, 65.0, 27.0, 45.0, 59.0, 75.0, 70.0, 36.0, 46.0, 87.0, 21.0, 63.0, 13.0, 79.0, 20.0, 84.0, 28.0, 54.0, 83.0, 75.0, 30.0, 72.0, 68.0, 29.0, 27.0, 73.0, 120.0, 21.0, 24.0, 35.0, 35.0, 103.0, 88.0, 114.0, 73.0, 67.0, 78.0, 40.0, 38.0, 66.0, 42.0, 70.0, 17.0, 74.0, 103.0, 59.0, 92.0, 3.0, 46.0, 28.0, 11.0, 15.0, 77.0, 8.0, 75.0, 40.0, 10.0, 61.0, 68.0, 28.0, 70.0, 56.0, 71.0], [154.0, 139.0, 139.0, 154.0, 154.0, 139.0, 139.0, 154.0, 154.0, 154.0, 45.0, 91.0, 89.0, 0.0, 22.0, 35.0, 73.0, 103.0, 115.0, 105.0, 47.0, 48.0, 58.0, 103.0, 119.0, 43.0, 25.0, 79.0, 113.0, 76.0, 119.0, 73.0, 23.0, 64.0, 53.0, 131.0, 27.0, 88.0, 31.0, 22.0, 104.0, 64.0, 90.0, 57.0, 93.0, 93.0, 60.0, 105.0, 55.0, 21.0, 52.0, 17.0, 76.0, 25.0, 123.0, 62.0, 92.0, 124.0, 88.0, 103.0, 115.0, 31.0, 37.0, 3.0, 92.0, 98.0, 93.0, 81.0, 74.0, 49.0, 80.0, 104.0, 94.0, 80.0, 54.0, 58.0, 61.0, 128.0, 34.0, 117.0], [133.0, 135.0, 135.0, 133.0, 133.0, 135.0, 135.0, 133.0, 133.0, 133.0, 39.0, 80.0, 82.0, 22.0, 0.0, 39.0, 59.0, 84.0, 97.0, 93.0, 49.0, 29.0, 36.0, 83.0, 107.0, 37.0, 6.0, 68.0, 94.0, 71.0, 99.0, 63.0, 3.0, 54.0, 36.0, 111.0, 42.0, 74.0, 12.0, 30.0, 91.0, 55.0, 69.0, 44.0, 81.0, 80.0, 49.0, 91.0, 36.0, 42.0, 38.0, 16.0, 56.0, 4.0, 112.0, 48.0, 72.0, 112.0, 67.0, 94.0, 95.0, 22.0, 44.0, 24.0, 84.0, 81.0, 79.0, 76.0, 66.0, 27.0, 74.0, 84.0, 78.0, 74.0, 34.0, 37.0, 57.0, 110.0, 37.0, 97.0], [143.0, 105.0, 105.0, 143.0, 143.0, 105.0, 105.0, 143.0, 143.0, 143.0, 19.0, 63.0, 57.0, 35.0, 39.0, 0.0, 51.0, 89.0, 98.0, 78.0, 13.0, 41.0, 61.0, 92.0, 90.0, 19.0, 45.0, 53.0, 96.0, 44.0, 106.0, 45.0, 42.0, 37.0, 43.0, 116.0, 19.0, 65.0, 37.0, 13.0, 78.0, 38.0, 83.0, 84.0, 66.0, 67.0, 37.0, 80.0, 74.0, 31.0, 78.0, 24.0, 70.0, 37.0, 95.0, 42.0, 82.0, 96.0, 81.0, 73.0, 102.0, 60.0, 6.0, 38.0, 60.0, 79.0, 68.0, 48.0, 45.0, 55.0, 48.0, 94.0, 73.0, 47.0, 48.0, 57.0, 29.0, 109.0, 3.0, 102.0], [94.0, 84.0, 84.0, 94.0, 94.0, 84.0, 84.0, 94.0, 94.0, 94.0, 32.0, 23.0, 32.0, 73.0, 59.0, 51.0, 0.0, 39.0, 48.0, 34.0, 44.0, 31.0, 44.0, 45.0, 49.0, 33.0, 63.0, 12.0, 45.0, 31.0, 57.0, 15.0, 61.0, 15.0, 25.0, 66.0, 69.0, 16.0, 48.0, 57.0, 32.0, 15.0, 42.0, 91.0, 23.0, 21.0, 14.0, 33.0, 73.0, 80.0, 86.0, 56.0, 35.0, 55.0, 53.0, 11.0, 37.0, 53.0, 40.0, 38.0, 52.0, 79.0, 56.0, 76.0, 34.0, 28.0, 20.0, 35.0, 21.0, 47.0, 30.0, 48.0, 22.0, 32.0, 31.0, 37.0, 31.0, 58.0, 49.0, 51.0], [55.0, 101.0, 101.0, 55.0, 55.0, 101.0, 101.0, 55.0, 55.0, 55.0, 69.0, 46.0, 62.0, 103.0, 84.0, 89.0, 39.0, 0.0, 13.0, 43.0, 83.0, 56.0, 53.0, 10.0, 53.0, 70.0, 86.0, 45.0, 11.0, 67.0, 18.0, 52.0, 85.0, 55.0, 50.0, 28.0, 106.0, 32.0, 73.0, 93.0, 40.0, 54.0, 23.0, 101.0, 42.0, 38.0, 52.0, 34.0, 81.0, 115.0, 98.0, 87.0, 31.0, 80.0, 54.0, 47.0, 15.0, 52.0, 23.0, 56.0, 13.0, 98.0, 94.0, 106.0, 62.0, 16.0, 34.0, 69.0, 57.0, 61.0, 63.0, 14.0, 22.0, 66.0, 50.0, 48.0, 70.0, 26.0, 86.0, 13.0], [48.0, 97.0, 97.0, 48.0, 48.0, 97.0, 97.0, 48.0, 48.0, 48.0, 79.0, 48.0, 65.0, 115.0, 97.0, 98.0, 48.0, 13.0, 0.0, 42.0, 92.0, 68.0, 66.0, 20.0, 48.0, 80.0, 99.0, 50.0, 2.0, 72.0, 16.0, 58.0, 98.0, 63.0, 62.0, 19.0, 116.0, 37.0, 85.0, 103.0, 38.0, 62.0, 36.0, 114.0, 44.0, 41.0, 61.0, 32.0, 94.0, 126.0, 111.0, 99.0, 44.0, 93.0, 47.0, 57.0, 28.0, 45.0, 36.0, 55.0, 13.0, 111.0, 103.0, 118.0, 64.0, 20.0, 37.0, 73.0, 63.0, 74.0, 68.0, 23.0, 27.0, 71.0, 63.0, 62.0, 77.0, 13.0, 96.0, 7.0], [88.0, 58.0, 58.0, 88.0, 88.0, 58.0, 58.0, 88.0, 88.0, 88.0, 61.0, 15.0, 27.0, 105.0, 93.0, 78.0, 34.0, 43.0, 42.0, 0.0, 67.0, 66.0, 76.0, 53.0, 15.0, 63.0, 97.0, 26.0, 40.0, 39.0, 57.0, 33.0, 95.0, 42.0, 59.0, 58.0, 96.0, 20.0, 82.0, 87.0, 4.0, 41.0, 61.0, 124.0, 12.0, 13.0, 45.0, 10.0, 105.0, 109.0, 120.0, 88.0, 60.0, 89.0, 19.0, 45.0, 53.0, 19.0, 59.0, 13.0, 53.0, 113.0, 81.0, 108.0, 25.0, 28.0, 15.0, 37.0, 33.0, 81.0, 33.0, 57.0, 25.0, 36.0, 64.0, 69.0, 50.0, 45.0, 76.0, 48.0], [138.0, 92.0, 92.0, 138.0, 138.0, 92.0, 92.0, 138.0, 138.0, 138.0, 16.0, 52.0, 45.0, 47.0, 49.0, 13.0, 44.0, 83.0, 92.0, 67.0, 0.0, 43.0, 63.0, 88.0, 79.0, 17.0, 54.0, 44.0, 89.0, 31.0, 101.0, 35.0, 51.0, 29.0, 43.0, 110.0, 30.0, 56.0, 43.0, 25.0, 67.0, 29.0, 81.0, 92.0, 56.0, 57.0, 31.0, 71.0, 81.0, 43.0, 87.0, 34.0, 69.0, 46.0, 84.0, 37.0, 78.0, 85.0, 78.0, 61.0, 96.0, 70.0, 14.0, 50.0, 48.0, 72.0, 59.0, 36.0, 34.0, 59.0, 37.0, 90.0, 65.0, 35.0, 49.0, 58.0, 17.0, 102.0, 13.0, 96.0], [107.0, 113.0, 113.0, 107.0, 107.0, 113.0, 113.0, 107.0, 107.0, 107.0, 27.0, 54.0, 59.0, 48.0, 29.0, 41.0, 31.0, 56.0, 68.0, 66.0, 43.0, 0.0, 20.0, 56.0, 80.0, 26.0, 32.0, 42.0, 66.0, 52.0, 72.0, 39.0, 31.0, 32.0, 7.0, 83.0, 55.0, 46.0, 18.0, 40.0, 63.0, 32.0, 44.0, 60.0, 54.0, 53.0, 25.0, 63.0, 44.0, 61.0, 55.0, 32.0, 30.0, 25.0, 84.0, 22.0, 45.0, 84.0, 42.0, 69.0, 67.0, 47.0, 48.0, 50.0, 62.0, 52.0, 51.0, 57.0, 44.0, 18.0, 53.0, 57.0, 49.0, 54.0, 7.0, 15.0, 42.0, 81.0, 39.0, 69.0], [98.0, 128.0, 128.0, 98.0, 98.0, 128.0, 128.0, 98.0, 98.0, 98.0, 47.0, 66.0, 75.0, 58.0, 36.0, 61.0, 44.0, 53.0, 66.0, 76.0, 63.0, 20.0, 0.0, 49.0, 90.0, 46.0, 36.0, 56.0, 64.0, 70.0, 65.0, 56.0, 36.0, 50.0, 23.0, 78.0, 72.0, 56.0, 28.0, 58.0, 73.0, 50.0, 33.0, 50.0, 66.0, 63.0, 43.0, 71.0, 30.0, 76.0, 46.0, 47.0, 22.0, 34.0, 93.0, 38.0, 39.0, 92.0, 32.0, 82.0, 61.0, 46.0, 67.0, 60.0, 78.0, 55.0, 61.0, 75.0, 61.0, 10.0, 71.0, 49.0, 54.0, 72.0, 15.0, 7.0, 61.0, 79.0, 58.0, 65.0], [52.0, 110.0, 110.0, 52.0, 52.0, 110.0, 110.0, 52.0, 52.0, 52.0, 73.0, 54.0, 70.0, 103.0, 83.0, 92.0, 45.0, 10.0, 20.0, 53.0, 88.0, 56.0, 49.0, 0.0, 63.0, 73.0, 84.0, 52.0, 19.0, 74.0, 16.0, 59.0, 84.0, 60.0, 51.0, 28.0, 108.0, 41.0, 72.0, 95.0, 49.0, 60.0, 17.0, 96.0, 51.0, 47.0, 57.0, 44.0, 76.0, 116.0, 93.0, 88.0, 28.0, 80.0, 63.0, 51.0, 11.0, 61.0, 17.0, 65.0, 12.0, 96.0, 97.0, 105.0, 71.0, 25.0, 43.0, 77.0, 64.0, 59.0, 71.0, 4.0, 30.0, 74.0, 49.0, 46.0, 76.0, 32.0, 89.0, 16.0], [90.0, 49.0, 49.0, 90.0, 90.0, 49.0, 49.0, 90.0, 90.0, 90.0, 74.0, 28.0, 36.0, 119.0, 107.0, 90.0, 49.0, 53.0, 48.0, 15.0, 79.0, 80.0, 90.0, 63.0, 0.0, 76.0, 112.0, 40.0, 47.0, 49.0, 63.0, 46.0, 109.0, 55.0, 74.0, 62.0, 109.0, 34.0, 96.0, 100.0, 17.0, 55.0, 73.0, 139.0, 26.0, 28.0, 59.0, 20.0, 120.0, 121.0, 134.0, 102.0, 73.0, 103.0, 5.0, 59.0, 64.0, 7.0, 71.0, 18.0, 60.0, 127.0, 93.0, 122.0, 33.0, 39.0, 29.0, 46.0, 46.0, 95.0, 43.0, 67.0, 37.0, 46.0, 79.0, 83.0, 62.0, 47.0, 89.0, 55.0], [125.0, 98.0, 98.0, 125.0, 125.0, 98.0, 98.0, 125.0, 125.0, 125.0, 2.0, 48.0, 46.0, 43.0, 37.0, 19.0, 33.0, 70.0, 80.0, 63.0, 17.0, 26.0, 46.0, 73.0, 76.0, 0.0, 42.0, 37.0, 77.0, 35.0, 88.0, 30.0, 39.0, 21.0, 26.0, 97.0, 36.0, 48.0, 29.0, 25.0, 62.0, 22.0, 65.0, 79.0, 51.0, 51.0, 19.0, 64.0, 65.0, 47.0, 73.0, 27.0, 52.0, 33.0, 81.0, 23.0, 63.0, 82.0, 62.0, 60.0, 83.0, 58.0, 24.0, 46.0, 49.0, 60.0, 51.0, 40.0, 32.0, 42.0, 38.0, 76.0, 55.0, 38.0, 32.0, 41.0, 20.0, 91.0, 16.0, 83.0], [134.0, 140.0, 140.0, 134.0, 134.0, 140.0, 140.0, 134.0, 134.0, 134.0, 44.0, 84.0, 87.0, 25.0, 6.0, 45.0, 63.0, 86.0, 99.0, 97.0, 54.0, 32.0, 36.0, 84.0, 112.0, 42.0, 0.0, 72.0, 97.0, 76.0, 100.0, 68.0, 3.0, 59.0, 39.0, 113.0, 47.0, 78.0, 15.0, 35.0, 95.0, 60.0, 69.0, 38.0, 85.0, 84.0, 53.0, 95.0, 31.0, 45.0, 33.0, 22.0, 57.0, 9.0, 116.0, 52.0, 73.0, 116.0, 68.0, 99.0, 96.0, 16.0, 50.0, 25.0, 90.0, 84.0, 83.0, 81.0, 71.0, 27.0, 79.0, 85.0, 81.0, 79.0, 36.0, 38.0, 62.0, 112.0, 43.0, 99.0], [98.0, 72.0, 72.0, 98.0, 98.0, 72.0, 72.0, 98.0, 98.0, 98.0, 35.0, 12.0, 21.0, 79.0, 68.0, 53.0, 12.0, 45.0, 50.0, 26.0, 44.0, 42.0, 56.0, 52.0, 40.0, 37.0, 72.0, 0.0, 48.0, 22.0, 62.0, 9.0, 70.0, 16.0, 36.0, 69.0, 72.0, 13.0, 57.0, 62.0, 25.0, 15.0, 52.0, 102.0, 14.0, 14.0, 20.0, 27.0, 84.0, 84.0, 97.0, 63.0, 46.0, 64.0, 44.0, 20.0, 46.0, 45.0, 50.0, 27.0, 58.0, 88.0, 57.0, 82.0, 22.0, 30.0, 15.0, 25.0, 12.0, 59.0, 19.0, 56.0, 24.0, 22.0, 42.0, 49.0, 28.0, 59.0, 52.0, 55.0], [50.0, 96.0, 96.0, 50.0, 50.0, 96.0, 96.0, 50.0, 50.0, 50.0, 77.0, 47.0, 63.0, 113.0, 94.0, 96.0, 45.0, 11.0, 2.0, 40.0, 89.0, 66.0, 64.0, 19.0, 47.0, 77.0, 97.0, 48.0, 0.0, 70.0, 17.0, 56.0, 95.0, 60.0, 60.0, 21.0, 114.0, 35.0, 83.0, 101.0, 37.0, 60.0, 34.0, 112.0, 42.0, 39.0, 59.0, 31.0, 92.0, 123.0, 109.0, 97.0, 42.0, 91.0, 47.0, 54.0, 26.0, 45.0, 34.0, 54.0, 13.0, 109.0, 101.0, 115.0, 63.0, 18.0, 35.0, 71.0, 60.0, 72.0, 66.0, 22.0, 24.0, 69.0, 60.0, 59.0, 75.0, 15.0, 94.0, 8.0], [120.0, 64.0, 64.0, 120.0, 120.0, 64.0, 64.0, 120.0, 120.0, 120.0, 33.0, 25.0, 13.0, 76.0, 71.0, 44.0, 31.0, 67.0, 72.0, 39.0, 31.0, 52.0, 70.0, 74.0, 49.0, 35.0, 76.0, 22.0, 70.0, 0.0, 85.0, 16.0, 73.0, 21.0, 48.0, 90.0, 61.0, 35.0, 62.0, 55.0, 40.0, 20.0, 74.0, 111.0, 29.0, 32.0, 28.0, 45.0, 95.0, 75.0, 106.0, 61.0, 65.0, 67.0, 54.0, 33.0, 68.0, 55.0, 71.0, 30.0, 80.0, 93.0, 45.0, 80.0, 16.0, 52.0, 35.0, 5.0, 11.0, 70.0, 5.0, 78.0, 46.0, 4.0, 55.0, 63.0, 15.0, 79.0, 43.0, 77.0], [37.0, 112.0, 112.0, 37.0, 37.0, 112.0, 112.0, 37.0, 37.0, 37.0, 87.0, 62.0, 79.0, 119.0, 99.0, 106.0, 57.0, 18.0, 16.0, 57.0, 101.0, 72.0, 65.0, 16.0, 63.0, 88.0, 100.0, 62.0, 17.0, 85.0, 0.0, 70.0, 100.0, 73.0, 67.0, 13.0, 123.0, 50.0, 88.0, 110.0, 53.0, 73.0, 32.0, 110.0, 58.0, 55.0, 70.0, 47.0, 90.0, 132.0, 108.0, 104.0, 44.0, 95.0, 63.0, 65.0, 27.0, 60.0, 33.0, 70.0, 5.0, 111.0, 112.0, 121.0, 79.0, 33.0, 51.0, 86.0, 75.0, 74.0, 81.0, 16.0, 39.0, 84.0, 65.0, 62.0, 88.0, 22.0, 104.0, 9.0], [106.0, 74.0, 74.0, 106.0, 106.0, 74.0, 74.0, 106.0, 106.0, 106.0, 28.0, 18.0, 20.0, 73.0, 63.0, 45.0, 15.0, 52.0, 58.0, 33.0, 35.0, 39.0, 56.0, 59.0, 46.0, 30.0, 68.0, 9.0, 56.0, 16.0, 70.0, 0.0, 65.0, 9.0, 34.0, 77.0, 63.0, 22.0, 52.0, 54.0, 33.0, 8.0, 57.0, 100.0, 21.0, 22.0, 15.0, 36.0, 83.0, 76.0, 95.0, 56.0, 49.0, 59.0, 51.0, 18.0, 52.0, 52.0, 55.0, 31.0, 65.0, 84.0, 48.0, 76.0, 23.0, 38.0, 24.0, 20.0, 6.0, 57.0, 15.0, 62.0, 32.0, 17.0, 41.0, 48.0, 19.0, 67.0, 43.0, 63.0], [134.0, 137.0, 137.0, 134.0, 134.0, 137.0, 137.0, 134.0, 134.0, 134.0, 41.0, 82.0, 84.0, 23.0, 3.0, 42.0, 61.0, 85.0, 98.0, 95.0, 51.0, 31.0, 36.0, 84.0, 109.0, 39.0, 3.0, 70.0, 95.0, 73.0, 100.0, 65.0, 0.0, 56.0, 37.0, 112.0, 44.0, 76.0, 13.0, 32.0, 93.0, 57.0, 69.0, 42.0, 83.0, 82.0, 51.0, 93.0, 34.0, 43.0, 36.0, 19.0, 56.0, 6.0, 113.0, 50.0, 73.0, 114.0, 67.0, 96.0, 95.0, 19.0, 47.0, 24.0, 87.0, 83.0, 81.0, 78.0, 69.0, 27.0, 76.0, 84.0, 79.0, 77.0, 35.0, 37.0, 59.0, 111.0, 40.0, 98.0], [110.0, 82.0, 82.0, 110.0, 110.0, 82.0, 82.0, 110.0, 110.0, 110.0, 19.0, 27.0, 28.0, 64.0, 54.0, 37.0, 15.0, 55.0, 63.0, 42.0, 29.0, 32.0, 50.0, 60.0, 55.0, 21.0, 59.0, 16.0, 60.0, 21.0, 73.0, 9.0, 56.0, 0.0, 27.0, 81.0, 56.0, 28.0, 44.0, 46.0, 41.0, 1.0, 56.0, 92.0, 29.0, 30.0, 7.0, 43.0, 75.0, 68.0, 86.0, 47.0, 46.0, 50.0, 60.0, 12.0, 52.0, 61.0, 54.0, 40.0, 68.0, 75.0, 41.0, 67.0, 31.0, 43.0, 31.0, 25.0, 13.0, 50.0, 22.0, 63.0, 36.0, 23.0, 35.0, 43.0, 16.0, 73.0, 36.0, 67.0], [103.0, 107.0, 107.0, 103.0, 103.0, 107.0, 107.0, 103.0, 103.0, 103.0, 26.0, 47.0, 54.0, 53.0, 36.0, 43.0, 25.0, 50.0, 62.0, 59.0, 43.0, 7.0, 23.0, 51.0, 74.0, 26.0, 39.0, 36.0, 60.0, 48.0, 67.0, 34.0, 37.0, 27.0, 0.0, 78.0, 58.0, 40.0, 24.0, 44.0, 57.0, 28.0, 40.0, 66.0, 48.0, 46.0, 20.0, 57.0, 49.0, 65.0, 61.0, 37.0, 27.0, 31.0, 78.0, 16.0, 40.0, 78.0, 38.0, 62.0, 62.0, 54.0, 49.0, 56.0, 56.0, 46.0, 45.0, 52.0, 39.0, 23.0, 48.0, 53.0, 42.0, 50.0, 8.0, 16.0, 39.0, 75.0, 40.0, 64.0], [30.0, 110.0, 110.0, 30.0, 30.0, 110.0, 110.0, 30.0, 30.0, 30.0, 97.0, 67.0, 83.0, 131.0, 111.0, 116.0, 66.0, 28.0, 19.0, 58.0, 110.0, 83.0, 78.0, 28.0, 62.0, 97.0, 113.0, 69.0, 21.0, 90.0, 13.0, 77.0, 112.0, 81.0, 78.0, 0.0, 134.0, 56.0, 100.0, 121.0, 55.0, 81.0, 45.0, 123.0, 62.0, 59.0, 79.0, 49.0, 104.0, 143.0, 121.0, 115.0, 56.0, 108.0, 60.0, 74.0, 39.0, 58.0, 46.0, 72.0, 17.0, 124.0, 121.0, 133.0, 82.0, 39.0, 55.0, 91.0, 81.0, 87.0, 86.0, 29.0, 45.0, 89.0, 77.0, 75.0, 96.0, 15.0, 114.0, 15.0], [160.0, 120.0, 120.0, 160.0, 160.0, 120.0, 120.0, 160.0, 160.0, 160.0, 37.0, 81.0, 75.0, 27.0, 42.0, 19.0, 69.0, 106.0, 116.0, 96.0, 30.0, 55.0, 72.0, 108.0, 109.0, 36.0, 47.0, 72.0, 114.0, 61.0, 123.0, 63.0, 44.0, 56.0, 58.0, 134.0, 0.0, 83.0, 44.0, 14.0, 96.0, 56.0, 98.0, 83.0, 85.0, 85.0, 55.0, 99.0, 78.0, 14.0, 78.0, 26.0, 85.0, 42.0, 113.0, 59.0, 98.0, 115.0, 96.0, 91.0, 119.0, 57.0, 16.0, 30.0, 78.0, 97.0, 87.0, 65.0, 63.0, 64.0, 66.0, 110.0, 91.0, 65.0, 62.0, 69.0, 47.0, 127.0, 20.0, 119.0], [85.0, 75.0, 75.0, 85.0, 85.0, 75.0, 75.0, 85.0, 85.0, 85.0, 46.0, 14.0, 30.0, 88.0, 74.0, 65.0, 16.0, 32.0, 37.0, 20.0, 56.0, 46.0, 56.0, 41.0, 34.0, 48.0, 78.0, 13.0, 35.0, 35.0, 50.0, 22.0, 76.0, 28.0, 40.0, 56.0, 83.0, 0.0, 63.0, 73.0, 17.0, 27.0, 44.0, 105.0, 11.0, 8.0, 29.0, 17.0, 85.0, 95.0, 100.0, 72.0, 41.0, 70.0, 38.0, 27.0, 37.0, 38.0, 42.0, 28.0, 45.0, 94.0, 69.0, 91.0, 30.0, 17.0, 5.0, 37.0, 26.0, 61.0, 31.0, 45.0, 11.0, 34.0, 44.0, 49.0, 41.0, 46.0, 63.0, 42.0], [123.0, 125.0, 125.0, 123.0, 123.0, 125.0, 125.0, 123.0, 123.0, 123.0, 31.0, 69.0, 72.0, 31.0, 12.0, 37.0, 48.0, 73.0, 85.0, 82.0, 43.0, 18.0, 28.0, 72.0, 96.0, 29.0, 15.0, 57.0, 83.0, 62.0, 88.0, 52.0, 13.0, 44.0, 24.0, 100.0, 44.0, 63.0, 0.0, 31.0, 80.0, 44.0, 59.0, 50.0, 70.0, 69.0, 38.0, 80.0, 37.0, 47.0, 44.0, 19.0, 45.0, 8.0, 100.0, 37.0, 61.0, 100.0, 57.0, 83.0, 84.0, 32.0, 43.0, 33.0, 74.0, 70.0, 68.0, 67.0, 56.0, 20.0, 65.0, 73.0, 66.0, 65.0, 23.0, 27.0, 49.0, 98.0, 34.0, 86.0], [146.0, 117.0, 117.0, 146.0, 146.0, 117.0, 117.0, 146.0, 146.0, 146.0, 26.0, 72.0, 68.0, 22.0, 30.0, 13.0, 57.0, 93.0, 103.0, 87.0, 25.0, 40.0, 58.0, 95.0, 100.0, 25.0, 35.0, 62.0, 101.0, 55.0, 110.0, 54.0, 32.0, 46.0, 44.0, 121.0, 14.0, 73.0, 31.0, 0.0, 87.0, 46.0, 84.0, 73.0, 75.0, 75.0, 44.0, 89.0, 66.0, 22.0, 67.0, 14.0, 71.0, 29.0, 105.0, 47.0, 84.0, 106.0, 82.0, 84.0, 105.0, 48.0, 16.0, 25.0, 71.0, 85.0, 76.0, 60.0, 55.0, 50.0, 60.0, 97.0, 79.0, 59.0, 48.0, 55.0, 40.0, 115.0, 12.0, 106.0], [85.0, 61.0, 61.0, 85.0, 85.0, 61.0, 61.0, 85.0, 85.0, 85.0, 60.0, 15.0, 29.0, 104.0, 91.0, 78.0, 32.0, 40.0, 38.0, 4.0, 67.0, 63.0, 73.0, 49.0, 17.0, 62.0, 95.0, 25.0, 37.0, 40.0, 53.0, 33.0, 93.0, 41.0, 57.0, 55.0, 96.0, 17.0, 80.0, 87.0, 0.0, 40.0, 57.0, 122.0, 12.0, 11.0, 44.0, 6.0, 103.0, 108.0, 117.0, 87.0, 57.0, 87.0, 21.0, 43.0, 49.0, 21.0, 56.0, 17.0, 49.0, 111.0, 81.0, 107.0, 28.0, 24.0, 12.0, 39.0, 34.0, 78.0, 35.0, 54.0, 21.0, 37.0, 62.0, 66.0, 51.0, 42.0, 76.0, 45.0], [109.0, 81.0, 81.0, 109.0, 109.0, 81.0, 81.0, 109.0, 109.0, 109.0, 20.0, 26.0, 27.0, 64.0, 55.0, 38.0, 15.0, 54.0, 62.0, 41.0, 29.0, 32.0, 50.0, 60.0, 55.0, 22.0, 60.0, 15.0, 60.0, 20.0, 73.0, 8.0, 57.0, 1.0, 28.0, 81.0, 56.0, 27.0, 44.0, 46.0, 40.0, 0.0, 56.0, 92.0, 29.0, 29.0, 8.0, 43.0, 76.0, 68.0, 87.0, 48.0, 46.0, 51.0, 59.0, 13.0, 52.0, 60.0, 54.0, 39.0, 68.0, 76.0, 42.0, 68.0, 30.0, 42.0, 30.0, 25.0, 12.0, 51.0, 21.0, 63.0, 36.0, 22.0, 35.0, 43.0, 16.0, 72.0, 36.0, 67.0], [65.0, 118.0, 118.0, 65.0, 65.0, 118.0, 118.0, 65.0, 65.0, 65.0, 65.0, 58.0, 73.0, 90.0, 69.0, 83.0, 42.0, 23.0, 36.0, 61.0, 81.0, 44.0, 33.0, 17.0, 73.0, 65.0, 69.0, 52.0, 34.0, 74.0, 32.0, 57.0, 69.0, 56.0, 40.0, 45.0, 98.0, 44.0, 59.0, 84.0, 57.0, 56.0, 0.0, 79.0, 56.0, 52.0, 51.0, 53.0, 59.0, 105.0, 76.0, 76.0, 13.0, 65.0, 75.0, 45.0, 9.0, 73.0, 2.0, 72.0, 29.0, 80.0, 89.0, 92.0, 74.0, 34.0, 48.0, 77.0, 63.0, 43.0, 72.0, 16.0, 36.0, 74.0, 37.0, 32.0, 71.0, 48.0, 80.0, 33.0], [137.0, 173.0, 173.0, 137.0, 137.0, 173.0, 173.0, 137.0, 137.0, 137.0, 81.0, 114.0, 120.0, 57.0, 44.0, 84.0, 91.0, 101.0, 114.0, 124.0, 92.0, 60.0, 50.0, 96.0, 139.0, 79.0, 38.0, 102.0, 112.0, 111.0, 110.0, 100.0, 42.0, 92.0, 66.0, 123.0, 83.0, 105.0, 50.0, 73.0, 122.0, 92.0, 79.0, 0.0, 114.0, 112.0, 85.0, 120.0, 20.0, 78.0, 6.0, 60.0, 70.0, 47.0, 142.0, 82.0, 86.0, 142.0, 79.0, 129.0, 107.0, 26.0, 88.0, 56.0, 122.0, 105.0, 110.0, 116.0, 104.0, 44.0, 113.0, 94.0, 104.0, 114.0, 60.0, 56.0, 98.0, 127.0, 81.0, 112.0], [92.0, 64.0, 64.0, 92.0, 92.0, 64.0, 64.0, 92.0, 92.0, 92.0, 49.0, 5.0, 21.0, 93.0, 81.0, 66.0, 23.0, 42.0, 44.0, 12.0, 56.0, 54.0, 66.0, 51.0, 26.0, 51.0, 85.0, 14.0, 42.0, 29.0, 58.0, 21.0, 83.0, 29.0, 48.0, 62.0, 85.0, 11.0, 70.0, 75.0, 12.0, 29.0, 56.0, 114.0, 0.0, 4.0, 33.0, 15.0, 95.0, 97.0, 109.0, 76.0, 52.0, 77.0, 31.0, 33.0, 48.0, 31.0, 53.0, 16.0, 54.0, 101.0, 69.0, 96.0, 21.0, 26.0, 8.0, 29.0, 22.0, 70.0, 24.0, 55.0, 20.0, 27.0, 53.0, 59.0, 39.0, 50.0, 65.0, 50.0], [89.0, 67.0, 67.0, 89.0, 89.0, 67.0, 67.0, 89.0, 89.0, 89.0, 49.0, 8.0, 24.0, 93.0, 80.0, 67.0, 21.0, 38.0, 41.0, 13.0, 57.0, 53.0, 63.0, 47.0, 28.0, 51.0, 84.0, 14.0, 39.0, 32.0, 55.0, 22.0, 82.0, 30.0, 46.0, 59.0, 85.0, 8.0, 69.0, 75.0, 11.0, 29.0, 52.0, 112.0, 4.0, 0.0, 33.0, 14.0, 93.0, 97.0, 107.0, 76.0, 49.0, 76.0, 32.0, 32.0, 44.0, 32.0, 50.0, 20.0, 50.0, 100.0, 70.0, 96.0, 24.0, 22.0, 4.0, 32.0, 24.0, 68.0, 27.0, 51.0, 17.0, 30.0, 51.0, 56.0, 41.0, 47.0, 65.0, 47.0], [107.0, 88.0, 88.0, 107.0, 107.0, 88.0, 88.0, 107.0, 107.0, 107.0, 18.0, 31.0, 35.0, 60.0, 49.0, 37.0, 14.0, 52.0, 61.0, 45.0, 31.0, 25.0, 43.0, 57.0, 59.0, 19.0, 53.0, 20.0, 59.0, 28.0, 70.0, 15.0, 51.0, 7.0, 20.0, 79.0, 55.0, 29.0, 38.0, 44.0, 44.0, 8.0, 51.0, 85.0, 33.0, 33.0, 0.0, 45.0, 68.0, 66.0, 80.0, 43.0, 40.0, 44.0, 64.0, 6.0, 48.0, 64.0, 48.0, 45.0, 65.0, 70.0, 42.0, 63.0, 37.0, 42.0, 33.0, 32.0, 19.0, 43.0, 29.0, 60.0, 36.0, 30.0, 28.0, 36.0, 21.0, 72.0, 35.0, 65.0], [79.0, 67.0, 67.0, 79.0, 79.0, 67.0, 67.0, 79.0, 79.0, 79.0, 63.0, 20.0, 35.0, 105.0, 91.0, 80.0, 33.0, 34.0, 32.0, 10.0, 71.0, 63.0, 71.0, 44.0, 20.0, 64.0, 95.0, 27.0, 31.0, 45.0, 47.0, 36.0, 93.0, 43.0, 57.0, 49.0, 99.0, 17.0, 80.0, 89.0, 6.0, 43.0, 53.0, 120.0, 15.0, 14.0, 45.0, 0.0, 101.0, 111.0, 116.0, 89.0, 53.0, 87.0, 22.0, 44.0, 44.0, 22.0, 51.0, 23.0, 43.0, 111.0, 84.0, 108.0, 34.0, 19.0, 13.0, 44.0, 38.0, 77.0, 40.0, 48.0, 17.0, 43.0, 61.0, 64.0, 54.0, 36.0, 79.0, 39.0], [119.0, 156.0, 156.0, 119.0, 119.0, 156.0, 156.0, 119.0, 119.0, 119.0, 67.0, 95.0, 103.0, 55.0, 36.0, 74.0, 73.0, 81.0, 94.0, 105.0, 81.0, 44.0, 30.0, 76.0, 120.0, 65.0, 31.0, 84.0, 92.0, 95.0, 90.0, 83.0, 34.0, 75.0, 49.0, 104.0, 78.0, 85.0, 37.0, 66.0, 103.0, 76.0, 59.0, 20.0, 95.0, 93.0, 68.0, 101.0, 0.0, 76.0, 17.0, 52.0, 50.0, 37.0, 123.0, 65.0, 66.0, 122.0, 59.0, 111.0, 88.0, 29.0, 79.0, 55.0, 105.0, 85.0, 91.0, 100.0, 88.0, 26.0, 97.0, 74.0, 84.0, 98.0, 42.0, 37.0, 84.0, 107.0, 71.0, 92.0], [168.0, 134.0, 134.0, 168.0, 168.0, 134.0, 134.0, 168.0, 168.0, 168.0, 48.0, 94.0, 88.0, 21.0, 42.0, 31.0, 80.0, 115.0, 126.0, 109.0, 43.0, 61.0, 76.0, 116.0, 121.0, 47.0, 45.0, 84.0, 123.0, 75.0, 132.0, 76.0, 43.0, 68.0, 65.0, 143.0, 14.0, 95.0, 47.0, 22.0, 108.0, 68.0, 105.0, 78.0, 97.0, 97.0, 66.0, 111.0, 76.0, 0.0, 73.0, 29.0, 91.0, 43.0, 126.0, 69.0, 106.0, 127.0, 103.0, 104.0, 127.0, 52.0, 30.0, 22.0, 91.0, 107.0, 98.0, 79.0, 76.0, 67.0, 80.0, 118.0, 102.0, 78.0, 68.0, 74.0, 60.0, 137.0, 32.0, 128.0], [136.0, 168.0, 168.0, 136.0, 136.0, 168.0, 168.0, 136.0, 136.0, 136.0, 75.0, 109.0, 114.0, 52.0, 38.0, 78.0, 86.0, 98.0, 111.0, 120.0, 87.0, 55.0, 46.0, 93.0, 134.0, 73.0, 33.0, 97.0, 109.0, 106.0, 108.0, 95.0, 36.0, 86.0, 61.0, 121.0, 78.0, 100.0, 44.0, 67.0, 117.0, 87.0, 76.0, 6.0, 109.0, 107.0, 80.0, 116.0, 17.0, 73.0, 0.0, 54.0, 67.0, 41.0, 138.0, 77.0, 83.0, 137.0, 76.0, 124.0, 105.0, 21.0, 83.0, 51.0, 117.0, 101.0, 105.0, 111.0, 99.0, 39.0, 108.0, 92.0, 99.0, 109.0, 56.0, 52.0, 93.0, 124.0, 75.0, 109.0], [140.0, 124.0, 124.0, 140.0, 140.0, 124.0, 124.0, 140.0, 140.0, 140.0, 29.0, 74.0, 73.0, 17.0, 16.0, 24.0, 56.0, 87.0, 99.0, 88.0, 34.0, 32.0, 47.0, 88.0, 102.0, 27.0, 22.0, 63.0, 97.0, 61.0, 104.0, 56.0, 19.0, 47.0, 37.0, 115.0, 26.0, 72.0, 19.0, 14.0, 87.0, 48.0, 76.0, 60.0, 76.0, 76.0, 43.0, 89.0, 52.0, 29.0, 54.0, 0.0, 62.0, 15.0, 107.0, 45.0, 77.0, 107.0, 74.0, 87.0, 99.0, 36.0, 28.0, 20.0, 76.0, 82.0, 76.0, 66.0, 58.0, 38.0, 65.0, 90.0, 77.0, 64.0, 39.0, 45.0, 46.0, 111.0, 22.0, 101.0], [78.0, 116.0, 116.0, 78.0, 78.0, 116.0, 116.0, 78.0, 78.0, 78.0, 53.0, 54.0, 67.0, 76.0, 56.0, 70.0, 35.0, 31.0, 44.0, 60.0, 69.0, 30.0, 22.0, 28.0, 73.0, 52.0, 57.0, 46.0, 42.0, 65.0, 44.0, 49.0, 56.0, 46.0, 27.0, 56.0, 85.0, 41.0, 45.0, 71.0, 57.0, 46.0, 13.0, 70.0, 52.0, 49.0, 40.0, 53.0, 50.0, 91.0, 67.0, 62.0, 0.0, 52.0, 76.0, 34.0, 17.0, 75.0, 12.0, 69.0, 40.0, 68.0, 76.0, 78.0, 68.0, 36.0, 46.0, 69.0, 55.0, 31.0, 64.0, 28.0, 36.0, 66.0, 23.0, 19.0, 61.0, 57.0, 67.0, 43.0], [130.0, 131.0, 131.0, 130.0, 130.0, 131.0, 131.0, 130.0, 130.0, 130.0, 35.0, 75.0, 78.0, 25.0, 4.0, 37.0, 55.0, 80.0, 93.0, 89.0, 46.0, 25.0, 34.0, 80.0, 103.0, 33.0, 9.0, 64.0, 91.0, 67.0, 95.0, 59.0, 6.0, 50.0, 31.0, 108.0, 42.0, 70.0, 8.0, 29.0, 87.0, 51.0, 65.0, 47.0, 77.0, 76.0, 44.0, 87.0, 37.0, 43.0, 41.0, 15.0, 52.0, 0.0, 107.0, 44.0, 68.0, 108.0, 64.0, 90.0, 91.0, 26.0, 43.0, 26.0, 81.0, 77.0, 75.0, 72.0, 62.0, 25.0, 70.0, 80.0, 73.0, 70.0, 30.0, 34.0, 53.0, 106.0, 35.0, 94.0], [88.0, 50.0, 50.0, 88.0, 88.0, 50.0, 50.0, 88.0, 88.0, 88.0, 79.0, 33.0, 40.0, 123.0, 112.0, 95.0, 53.0, 54.0, 47.0, 19.0, 84.0, 84.0, 93.0, 63.0, 5.0, 81.0, 116.0, 44.0, 47.0, 54.0, 63.0, 51.0, 113.0, 60.0, 78.0, 60.0, 113.0, 38.0, 100.0, 105.0, 21.0, 59.0, 75.0, 142.0, 31.0, 32.0, 64.0, 22.0, 123.0, 126.0, 138.0, 107.0, 76.0, 107.0, 0.0, 64.0, 66.0, 3.0, 73.0, 23.0, 60.0, 131.0, 98.0, 127.0, 38.0, 41.0, 33.0, 51.0, 50.0, 98.0, 48.0, 68.0, 40.0, 50.0, 82.0, 86.0, 67.0, 45.0, 94.0, 54.0], [102.0, 92.0, 92.0, 102.0, 102.0, 92.0, 92.0, 102.0, 102.0, 102.0, 22.0, 32.0, 38.0, 62.0, 48.0, 42.0, 11.0, 47.0, 57.0, 45.0, 37.0, 22.0, 38.0, 51.0, 59.0, 23.0, 52.0, 20.0, 54.0, 33.0, 65.0, 18.0, 50.0, 12.0, 16.0, 74.0, 59.0, 27.0, 37.0, 47.0, 43.0, 13.0, 45.0, 82.0, 33.0, 32.0, 6.0, 44.0, 65.0, 69.0, 77.0, 45.0, 34.0, 44.0, 64.0, 0.0, 42.0, 64.0, 42.0, 47.0, 60.0, 68.0, 47.0, 65.0, 41.0, 38.0, 31.0, 37.0, 24.0, 39.0, 33.0, 54.0, 33.0, 35.0, 23.0, 30.0, 27.0, 68.0, 39.0, 60.0], [62.0, 110.0, 110.0, 62.0, 62.0, 110.0, 110.0, 62.0, 62.0, 62.0, 63.0, 51.0, 66.0, 92.0, 72.0, 82.0, 37.0, 15.0, 28.0, 53.0, 78.0, 45.0, 39.0, 11.0, 64.0, 63.0, 73.0, 46.0, 26.0, 68.0, 27.0, 52.0, 73.0, 52.0, 40.0, 39.0, 98.0, 37.0, 61.0, 84.0, 49.0, 52.0, 9.0, 86.0, 48.0, 44.0, 48.0, 44.0, 66.0, 106.0, 83.0, 77.0, 17.0, 68.0, 66.0, 42.0, 0.0, 64.0, 8.0, 64.0, 23.0, 85.0, 88.0, 94.0, 67.0, 25.0, 40.0, 71.0, 58.0, 48.0, 66.0, 12.0, 28.0, 68.0, 38.0, 35.0, 68.0, 41.0, 79.0, 26.0], [85.0, 52.0, 52.0, 85.0, 85.0, 52.0, 52.0, 85.0, 85.0, 85.0, 80.0, 34.0, 42.0, 124.0, 112.0, 96.0, 53.0, 52.0, 45.0, 19.0, 85.0, 84.0, 92.0, 61.0, 7.0, 82.0, 116.0, 45.0, 45.0, 55.0, 60.0, 52.0, 114.0, 61.0, 78.0, 58.0, 115.0, 38.0, 100.0, 106.0, 21.0, 60.0, 73.0, 142.0, 31.0, 32.0, 64.0, 22.0, 122.0, 127.0, 137.0, 107.0, 75.0, 108.0, 3.0, 64.0, 64.0, 0.0, 72.0, 25.0, 58.0, 132.0, 99.0, 127.0, 40.0, 40.0, 33.0, 53.0, 52.0, 98.0, 50.0, 66.0, 39.0, 52.0, 82.0, 86.0, 68.0, 42.0, 95.0, 52.0], [66.0, 116.0, 116.0, 66.0, 66.0, 116.0, 116.0, 66.0, 66.0, 66.0, 62.0, 56.0, 70.0, 88.0, 67.0, 81.0, 40.0, 23.0, 36.0, 59.0, 78.0, 42.0, 32.0, 17.0, 71.0, 62.0, 68.0, 50.0, 34.0, 71.0, 33.0, 55.0, 67.0, 54.0, 38.0, 46.0, 96.0, 42.0, 57.0, 82.0, 56.0, 54.0, 2.0, 79.0, 53.0, 50.0, 48.0, 51.0, 59.0, 103.0, 76.0, 74.0, 12.0, 64.0, 73.0, 42.0, 8.0, 72.0, 0.0, 69.0, 29.0, 79.0, 87.0, 90.0, 72.0, 32.0, 46.0, 74.0, 61.0, 42.0, 69.0, 17.0, 35.0, 72.0, 35.0, 30.0, 69.0, 48.0, 78.0, 33.0], [102.0, 47.0, 47.0, 102.0, 102.0, 47.0, 47.0, 102.0, 102.0, 102.0, 58.0, 15.0, 17.0, 103.0, 94.0, 73.0, 38.0, 56.0, 55.0, 13.0, 61.0, 69.0, 82.0, 65.0, 18.0, 60.0, 99.0, 27.0, 54.0, 30.0, 70.0, 31.0, 96.0, 40.0, 62.0, 72.0, 91.0, 28.0, 83.0, 84.0, 17.0, 39.0, 72.0, 129.0, 16.0, 20.0, 45.0, 23.0, 111.0, 104.0, 124.0, 87.0, 69.0, 90.0, 23.0, 47.0, 64.0, 25.0, 69.0, 0.0, 66.0, 115.0, 75.0, 107.0, 15.0, 40.0, 23.0, 28.0, 29.0, 85.0, 25.0, 70.0, 35.0, 27.0, 69.0, 74.0, 44.0, 58.0, 72.0, 62.0], [42.0, 109.0, 109.0, 42.0, 42.0, 109.0, 109.0, 42.0, 42.0, 42.0, 82.0, 58.0, 74.0, 115.0, 95.0, 102.0, 52.0, 13.0, 13.0, 53.0, 96.0, 67.0, 61.0, 12.0, 60.0, 83.0, 96.0, 58.0, 13.0, 80.0, 5.0, 65.0, 95.0, 68.0, 62.0, 17.0, 119.0, 45.0, 84.0, 105.0, 49.0, 68.0, 29.0, 107.0, 54.0, 50.0, 65.0, 43.0, 88.0, 127.0, 105.0, 99.0, 40.0, 91.0, 60.0, 60.0, 23.0, 58.0, 29.0, 66.0, 0.0, 108.0, 107.0, 117.0, 74.0, 28.0, 46.0, 81.0, 70.0, 71.0, 76.0, 13.0, 34.0, 79.0, 61.0, 58.0, 83.0, 22.0, 99.0, 6.0], [143.0, 156.0, 156.0, 143.0, 143.0, 156.0, 156.0, 143.0, 143.0, 143.0, 61.0, 100.0, 103.0, 31.0, 22.0, 60.0, 79.0, 98.0, 111.0, 113.0, 70.0, 47.0, 46.0, 96.0, 127.0, 58.0, 16.0, 88.0, 109.0, 93.0, 111.0, 84.0, 19.0, 75.0, 54.0, 124.0, 57.0, 94.0, 32.0, 48.0, 111.0, 76.0, 80.0, 26.0, 101.0, 100.0, 70.0, 111.0, 29.0, 52.0, 21.0, 36.0, 68.0, 26.0, 131.0, 68.0, 85.0, 132.0, 79.0, 115.0, 108.0, 0.0, 64.0, 30.0, 106.0, 98.0, 99.0, 98.0, 88.0, 37.0, 96.0, 95.0, 96.0, 96.0, 50.0, 50.0, 79.0, 125.0, 57.0, 111.0], [149.0, 105.0, 105.0, 149.0, 149.0, 105.0, 105.0, 149.0, 149.0, 149.0, 25.0, 66.0, 59.0, 37.0, 44.0, 6.0, 56.0, 94.0, 103.0, 81.0, 14.0, 48.0, 67.0, 97.0, 93.0, 24.0, 50.0, 57.0, 101.0, 45.0, 112.0, 48.0, 47.0, 41.0, 49.0, 121.0, 16.0, 69.0, 43.0, 16.0, 81.0, 42.0, 89.0, 88.0, 69.0, 70.0, 42.0, 84.0, 79.0, 30.0, 83.0, 28.0, 76.0, 43.0, 98.0, 47.0, 88.0, 99.0, 87.0, 75.0, 107.0, 64.0, 0.0, 40.0, 62.0, 84.0, 72.0, 49.0, 48.0, 61.0, 50.0, 100.0, 78.0, 49.0, 55.0, 63.0, 31.0, 114.0, 9.0, 107.0], [156.0, 142.0, 142.0, 156.0, 156.0, 142.0, 142.0, 156.0, 156.0, 156.0, 48.0, 94.0, 92.0, 3.0, 24.0, 38.0, 76.0, 106.0, 118.0, 108.0, 50.0, 50.0, 60.0, 105.0, 122.0, 46.0, 25.0, 82.0, 115.0, 80.0, 121.0, 76.0, 24.0, 67.0, 56.0, 133.0, 30.0, 91.0, 33.0, 25.0, 107.0, 68.0, 92.0, 56.0, 96.0, 96.0, 63.0, 108.0, 55.0, 22.0, 51.0, 20.0, 78.0, 26.0, 127.0, 65.0, 94.0, 127.0, 90.0, 107.0, 117.0, 30.0, 40.0, 0.0, 95.0, 101.0, 96.0, 84.0, 78.0, 51.0, 84.0, 106.0, 96.0, 83.0, 56.0, 60.0, 64.0, 130.0, 37.0, 119.0], [112.0, 51.0, 51.0, 112.0, 112.0, 51.0, 51.0, 112.0, 112.0, 112.0, 47.0, 16.0, 3.0, 92.0, 84.0, 60.0, 34.0, 62.0, 64.0, 25.0, 48.0, 62.0, 78.0, 71.0, 33.0, 49.0, 90.0, 22.0, 63.0, 16.0, 79.0, 23.0, 87.0, 31.0, 56.0, 82.0, 78.0, 30.0, 74.0, 71.0, 28.0, 30.0, 74.0, 122.0, 21.0, 24.0, 37.0, 34.0, 105.0, 91.0, 117.0, 76.0, 68.0, 81.0, 38.0, 41.0, 67.0, 40.0, 72.0, 15.0, 74.0, 106.0, 62.0, 95.0, 0.0, 46.0, 28.0, 13.0, 18.0, 80.0, 11.0, 75.0, 41.0, 13.0, 64.0, 71.0, 31.0, 69.0, 59.0, 70.0], [68.0, 86.0, 86.0, 68.0, 68.0, 86.0, 86.0, 68.0, 68.0, 68.0, 60.0, 30.0, 46.0, 98.0, 81.0, 79.0, 28.0, 16.0, 20.0, 28.0, 72.0, 52.0, 55.0, 25.0, 39.0, 60.0, 84.0, 30.0, 18.0, 52.0, 33.0, 38.0, 83.0, 43.0, 46.0, 39.0, 97.0, 17.0, 70.0, 85.0, 24.0, 42.0, 34.0, 105.0, 26.0, 22.0, 42.0, 19.0, 85.0, 107.0, 101.0, 82.0, 36.0, 77.0, 41.0, 38.0, 25.0, 40.0, 32.0, 40.0, 28.0, 98.0, 84.0, 101.0, 46.0, 0.0, 18.0, 54.0, 43.0, 62.0, 48.0, 30.0, 6.0, 51.0, 48.0, 49.0, 57.0, 31.0, 77.0, 25.0], [85.0, 70.0, 70.0, 85.0, 85.0, 70.0, 70.0, 85.0, 85.0, 85.0, 50.0, 12.0, 28.0, 93.0, 79.0, 68.0, 20.0, 34.0, 37.0, 15.0, 59.0, 51.0, 61.0, 43.0, 29.0, 51.0, 83.0, 15.0, 35.0, 35.0, 51.0, 24.0, 81.0, 31.0, 45.0, 55.0, 87.0, 5.0, 68.0, 76.0, 12.0, 30.0, 48.0, 110.0, 8.0, 4.0, 33.0, 13.0, 91.0, 98.0, 105.0, 76.0, 46.0, 75.0, 33.0, 31.0, 40.0, 33.0, 46.0, 23.0, 46.0, 99.0, 72.0, 96.0, 28.0, 18.0, 0.0, 36.0, 27.0, 66.0, 31.0, 47.0, 13.0, 34.0, 50.0, 54.0, 43.0, 44.0, 66.0, 43.0], [121.0, 59.0, 59.0, 121.0, 121.0, 59.0, 59.0, 121.0, 121.0, 121.0, 38.0, 25.0, 11.0, 81.0, 76.0, 48.0, 35.0, 69.0, 73.0, 37.0, 36.0, 57.0, 75.0, 77.0, 46.0, 40.0, 81.0, 25.0, 71.0, 5.0, 86.0, 20.0, 78.0, 25.0, 52.0, 91.0, 65.0, 37.0, 67.0, 60.0, 39.0, 25.0, 77.0, 116.0, 29.0, 32.0, 32.0, 44.0, 100.0, 79.0, 111.0, 66.0, 69.0, 72.0, 51.0, 37.0, 71.0, 53.0, 74.0, 28.0, 81.0, 98.0, 49.0, 84.0, 13.0, 54.0, 36.0, 0.0, 14.0, 75.0, 5.0, 81.0, 47.0, 3.0, 60.0, 68.0, 20.0, 80.0, 48.0, 79.0], [111.0, 69.0, 69.0, 111.0, 111.0, 69.0, 69.0, 111.0, 111.0, 111.0, 30.0, 18.0, 15.0, 74.0, 66.0, 45.0, 21.0, 57.0, 63.0, 33.0, 34.0, 44.0, 61.0, 64.0, 46.0, 32.0, 71.0, 12.0, 60.0, 11.0, 75.0, 6.0, 69.0, 13.0, 39.0, 81.0, 63.0, 26.0, 56.0, 55.0, 34.0, 12.0, 63.0, 104.0, 22.0, 24.0, 19.0, 38.0, 88.0, 76.0, 99.0, 58.0, 55.0, 62.0, 50.0, 24.0, 58.0, 52.0, 61.0, 29.0, 70.0, 88.0, 48.0, 78.0, 18.0, 43.0, 27.0, 14.0, 0.0, 62.0, 9.0, 68.0, 36.0, 11.0, 47.0, 54.0, 17.0, 71.0, 44.0, 68.0], [107.0, 131.0, 131.0, 107.0, 107.0, 131.0, 131.0, 107.0, 107.0, 107.0, 44.0, 70.0, 77.0, 49.0, 27.0, 55.0, 47.0, 61.0, 74.0, 81.0, 59.0, 18.0, 10.0, 59.0, 95.0, 42.0, 27.0, 59.0, 72.0, 70.0, 74.0, 57.0, 27.0, 50.0, 23.0, 87.0, 64.0, 61.0, 20.0, 50.0, 78.0, 51.0, 43.0, 44.0, 70.0, 68.0, 43.0, 77.0, 26.0, 67.0, 39.0, 38.0, 31.0, 25.0, 98.0, 39.0, 48.0, 98.0, 42.0, 85.0, 71.0, 37.0, 61.0, 51.0, 80.0, 62.0, 66.0, 75.0, 62.0, 0.0, 72.0, 58.0, 60.0, 73.0, 17.0, 13.0, 60.0, 88.0, 52.0, 74.0], [116.0, 61.0, 61.0, 116.0, 116.0, 61.0, 61.0, 116.0, 116.0, 116.0, 36.0, 20.0, 8.0, 80.0, 74.0, 48.0, 30.0, 63.0, 68.0, 33.0, 37.0, 53.0, 71.0, 71.0, 43.0, 38.0, 79.0, 19.0, 66.0, 5.0, 81.0, 15.0, 76.0, 22.0, 48.0, 86.0, 66.0, 31.0, 65.0, 60.0, 35.0, 21.0, 72.0, 113.0, 24.0, 27.0, 29.0, 40.0, 97.0, 80.0, 108.0, 65.0, 64.0, 70.0, 48.0, 33.0, 66.0, 50.0, 69.0, 25.0, 76.0, 96.0, 50.0, 84.0, 11.0, 48.0, 31.0, 5.0, 9.0, 72.0, 0.0, 75.0, 42.0, 3.0, 56.0, 64.0, 20.0, 75.0, 48.0, 73.0], [50.0, 115.0, 115.0, 50.0, 50.0, 115.0, 115.0, 50.0, 50.0, 50.0, 75.0, 59.0, 75.0, 104.0, 84.0, 94.0, 48.0, 14.0, 23.0, 57.0, 90.0, 57.0, 49.0, 4.0, 67.0, 76.0, 85.0, 56.0, 22.0, 78.0, 16.0, 62.0, 84.0, 63.0, 53.0, 29.0, 110.0, 45.0, 73.0, 97.0, 54.0, 63.0, 16.0, 94.0, 55.0, 51.0, 60.0, 48.0, 74.0, 118.0, 92.0, 90.0, 28.0, 80.0, 68.0, 54.0, 12.0, 66.0, 17.0, 70.0, 13.0, 95.0, 100.0, 106.0, 75.0, 30.0, 47.0, 81.0, 68.0, 58.0, 75.0, 0.0, 35.0, 78.0, 51.0, 47.0, 79.0, 35.0, 92.0, 19.0], [75.0, 82.0, 82.0, 75.0, 75.0, 82.0, 82.0, 75.0, 75.0, 75.0, 54.0, 24.0, 40.0, 94.0, 78.0, 73.0, 22.0, 22.0, 27.0, 25.0, 65.0, 49.0, 54.0, 30.0, 37.0, 55.0, 81.0, 24.0, 24.0, 46.0, 39.0, 32.0, 79.0, 36.0, 42.0, 45.0, 91.0, 11.0, 66.0, 79.0, 21.0, 36.0, 36.0, 104.0, 20.0, 17.0, 36.0, 17.0, 84.0, 102.0, 99.0, 77.0, 36.0, 73.0, 40.0, 33.0, 28.0, 39.0, 35.0, 35.0, 34.0, 96.0, 78.0, 96.0, 41.0, 6.0, 13.0, 47.0, 36.0, 60.0, 42.0, 35.0, 0.0, 45.0, 45.0, 48.0, 51.0, 36.0, 71.0, 32.0], [119.0, 61.0, 61.0, 119.0, 119.0, 61.0, 61.0, 119.0, 119.0, 119.0, 36.0, 23.0, 10.0, 80.0, 74.0, 47.0, 32.0, 66.0, 71.0, 36.0, 35.0, 54.0, 72.0, 74.0, 46.0, 38.0, 79.0, 22.0, 69.0, 4.0, 84.0, 17.0, 77.0, 23.0, 50.0, 89.0, 65.0, 34.0, 65.0, 59.0, 37.0, 22.0, 74.0, 114.0, 27.0, 30.0, 30.0, 43.0, 98.0, 78.0, 109.0, 64.0, 66.0, 70.0, 50.0, 35.0, 68.0, 52.0, 72.0, 27.0, 79.0, 96.0, 49.0, 83.0, 13.0, 51.0, 34.0, 3.0, 11.0, 73.0, 3.0, 78.0, 45.0, 0.0, 57.0, 65.0, 19.0, 78.0, 47.0, 76.0], [101.0, 114.0, 114.0, 101.0, 101.0, 114.0, 114.0, 101.0, 101.0, 101.0, 33.0, 53.0, 61.0, 54.0, 34.0, 48.0, 31.0, 50.0, 63.0, 64.0, 49.0, 7.0, 15.0, 49.0, 79.0, 32.0, 36.0, 42.0, 60.0, 55.0, 65.0, 41.0, 35.0, 35.0, 8.0, 77.0, 62.0, 44.0, 23.0, 48.0, 62.0, 35.0, 37.0, 60.0, 53.0, 51.0, 28.0, 61.0, 42.0, 68.0, 56.0, 39.0, 23.0, 30.0, 82.0, 23.0, 38.0, 82.0, 35.0, 69.0, 61.0, 50.0, 55.0, 56.0, 64.0, 48.0, 50.0, 60.0, 47.0, 17.0, 56.0, 51.0, 45.0, 57.0, 0.0, 9.0, 46.0, 76.0, 46.0, 63.0], [96.0, 121.0, 121.0, 96.0, 96.0, 121.0, 121.0, 96.0, 96.0, 96.0, 42.0, 59.0, 68.0, 58.0, 37.0, 57.0, 37.0, 48.0, 62.0, 69.0, 58.0, 15.0, 7.0, 46.0, 83.0, 41.0, 38.0, 49.0, 59.0, 63.0, 62.0, 48.0, 37.0, 43.0, 16.0, 75.0, 69.0, 49.0, 27.0, 55.0, 66.0, 43.0, 32.0, 56.0, 59.0, 56.0, 36.0, 64.0, 37.0, 74.0, 52.0, 45.0, 19.0, 34.0, 86.0, 30.0, 35.0, 86.0, 30.0, 74.0, 58.0, 50.0, 63.0, 60.0, 71.0, 49.0, 54.0, 68.0, 54.0, 13.0, 64.0, 47.0, 48.0, 65.0, 9.0, 0.0, 55.0, 75.0, 54.0, 61.0], [125.0, 79.0, 79.0, 125.0, 125.0, 79.0, 79.0, 125.0, 125.0, 125.0, 18.0, 35.0, 28.0, 61.0, 57.0, 29.0, 31.0, 70.0, 77.0, 50.0, 17.0, 42.0, 61.0, 76.0, 62.0, 20.0, 62.0, 28.0, 75.0, 15.0, 88.0, 19.0, 59.0, 16.0, 39.0, 96.0, 47.0, 41.0, 49.0, 40.0, 51.0, 16.0, 71.0, 98.0, 39.0, 41.0, 21.0, 54.0, 84.0, 60.0, 93.0, 46.0, 61.0, 53.0, 67.0, 27.0, 68.0, 68.0, 69.0, 44.0, 83.0, 79.0, 31.0, 64.0, 31.0, 57.0, 43.0, 20.0, 17.0, 60.0, 20.0, 79.0, 51.0, 19.0, 46.0, 55.0, 0.0, 86.0, 28.0, 82.0], [44.0, 95.0, 95.0, 44.0, 44.0, 95.0, 95.0, 44.0, 44.0, 44.0, 90.0, 55.0, 70.0, 128.0, 110.0, 109.0, 58.0, 26.0, 13.0, 45.0, 102.0, 81.0, 79.0, 32.0, 47.0, 91.0, 112.0, 59.0, 15.0, 79.0, 22.0, 67.0, 111.0, 73.0, 75.0, 15.0, 127.0, 46.0, 98.0, 115.0, 42.0, 72.0, 48.0, 127.0, 50.0, 47.0, 72.0, 36.0, 107.0, 137.0, 124.0, 111.0, 57.0, 106.0, 45.0, 68.0, 41.0, 42.0, 48.0, 58.0, 22.0, 125.0, 114.0, 130.0, 69.0, 31.0, 44.0, 80.0, 71.0, 88.0, 75.0, 35.0, 36.0, 78.0, 76.0, 75.0, 86.0, 0.0, 107.0, 16.0], [141.0, 105.0, 105.0, 141.0, 141.0, 105.0, 105.0, 141.0, 141.0, 141.0, 17.0, 61.0, 56.0, 34.0, 37.0, 3.0, 49.0, 86.0, 96.0, 76.0, 13.0, 39.0, 58.0, 89.0, 89.0, 16.0, 43.0, 52.0, 94.0, 43.0, 104.0, 43.0, 40.0, 36.0, 40.0, 114.0, 20.0, 63.0, 34.0, 12.0, 76.0, 36.0, 80.0, 81.0, 65.0, 65.0, 35.0, 79.0, 71.0, 32.0, 75.0, 22.0, 67.0, 35.0, 94.0, 39.0, 79.0, 95.0, 78.0, 72.0, 99.0, 57.0, 9.0, 37.0, 59.0, 77.0, 66.0, 48.0, 44.0, 52.0, 48.0, 92.0, 71.0, 47.0, 46.0, 54.0, 28.0, 107.0, 0.0, 99.0], [43.0, 103.0, 103.0, 43.0, 43.0, 103.0, 103.0, 43.0, 43.0, 43.0, 82.0, 54.0, 71.0, 117.0, 97.0, 102.0, 51.0, 13.0, 7.0, 48.0, 96.0, 69.0, 65.0, 16.0, 55.0, 83.0, 99.0, 55.0, 8.0, 77.0, 9.0, 63.0, 98.0, 67.0, 64.0, 15.0, 119.0, 42.0, 86.0, 106.0, 45.0, 67.0, 33.0, 112.0, 50.0, 47.0, 65.0, 39.0, 92.0, 128.0, 109.0, 101.0, 43.0, 94.0, 54.0, 60.0, 26.0, 52.0, 33.0, 62.0, 6.0, 111.0, 107.0, 119.0, 70.0, 25.0, 43.0, 79.0, 68.0, 74.0, 73.0, 19.0, 32.0, 76.0, 63.0, 61.0, 82.0, 16.0, 99.0, 0.0]]
