80 2962.265000000001 0 1680 1 1680
[15.34, 58.92, 79.23, 85.06, 81.82, 53.94, 41.93, 54.46, 90.22, 44.98, 89.36, 52.57, 55.54, 78.84, 79.35, 45.38, 81.0, 90.71, 53.28, 77.07, 23.96, 14.01, 54.35, 55.62, 78.62, 91.81, 79.31, 7.27, 40.53, 8.86, 24.31, 17.57, 90.37, 80.24, 26.28, 89.14, 12.71, 74.0, 9.3, 87.62, 58.5, 76.9, 18.61, 85.37, 73.64, 52.62, 22.62, 58.0, 18.41, 76.85, 56.67, 45.1, 84.18, 50.51, 82.54, 82.93, 51.68, 59.8, 19.82, 82.87, 81.0, 51.0, 24.65, 8.24, 78.91, 16.11, 20.19, 22.93, 79.85, 93.32, 44.96, 84.89, 7.96, 49.92, 57.04, 86.18, 7.05, 57.57, 18.63, 25.45]
[14.63, 9.76, 82.43, 79.13, 76.25, 90.88, 42.6, 17.29, 44.16, 85.49, 9.57, 55.49, 14.13, 24.46, 40.99, 59.05, 77.28, 89.54, 56.4, 79.21, 7.36, 16.12, 78.22, 10.91, 10.17, 57.18, 45.93, 47.28, 40.1, 50.58, 81.3, 12.5, 42.29, 93.14, 50.57, 78.76, 54.56, 54.63, 24.11, 46.48, 25.25, 86.64, 74.75, 45.03, 73.54, 16.14, 83.43, 21.5, 14.97, 88.42, 91.67, 52.56, 40.74, 58.29, 21.59, 13.2, 13.88, 16.24, 19.84, 47.85, 20.74, 55.48, 81.93, 41.1, 57.8, 83.42, 22.45, 92.63, 15.52, 78.63, 8.36, 53.65, 8.56, 40.53, 90.46, 25.48, 47.85, 54.94, 19.48, 50.83]
[1, 2, 9, 9, 9, 8, 5, 2, 6, 8, 3, 5, 2, 3, 6, 5, 9, 9, 5, 9, 1, 1, 8, 2, 3, 6, 6, 4, 5, 4, 7, 1, 6, 9, 4, 9, 4, 6, 1, 6, 2, 9, 7, 6, 9, 2, 7, 2, 1, 9, 8, 5, 6, 5, 3, 3, 2, 2, 1, 6, 3, 5, 7, 4, 6, 7, 1, 7, 3, 9, 2, 6, 1, 5, 8, 3, 4, 5, 1, 4]
[1, 2, 3, 4, 5, 6, 7, 8, 9, 10, 11, 12, 13, 14, 15, 16, 17, 18, 19, 20, 21, 22, 23, 24, 25, 26, 27, 28, 29, 30, 31, 32, 33, 34, 35, 36, 37, 38, 39, 40, 41, 42, 43, 44, 45, 46, 47, 48, 49, 50, 51, 52, 53, 54, 55, 56, 57, 58, 59, 60, 61, 62, 63, 64, 65, 66, 67, 68, 69, 70, 71, 72, 73, 74, 75, 76, 77, 78, 79, 80]
[1, 1, 2, 2, 2, 2, 1, 1, 2, 2, 1, 1, 1, 1, 2, 1, 2, 2, 1, 2, 1, 1, 2, 1, 1, 2, 2, 2, 1, 2, 1, 1, 2, 2, 2, 2, 2, 2, 1, 2, 1, 2, 1, 2, 2, 1, 1, 1, 1, 2, 2, 1, 2, 1, 1, 1, 1, 1, 1, 2, 1, 1, 1, 2, 2, 1, 1, 1, 1, 2, 1, 2, 1, 1, 2, 1, 2, 1, 1, 2]
[1, 3, 2, 2, 2, 1, 3, 3, 2, 1, 3, 3, 3, 3, 2, 3, 2, 2, 3, 2, 1, 1, 1, 3, 3, 2, 2, 1, 3, 1, 3, 1, 2, 2, 1, 2, 1, 2, 1, 2, 3, 2, 3, 2, 2, 3, 3, 3, 1, 2, 1, 3, 2, 3, 3, 3, 3, 3, 1, 2, 3, 3, 3, 1, 2, 3, 1, 3, 3, 2, 3, 2, 1, 3, 1, 3, 1, 3, 1, 1]
[2, 4, 9, 7, 2, 10, 3, 10, 8, 9, 6, 2, 10, 4, 7, 3, 4, 9, 7, 7, 1, 2, 9, 10, 7, 6, 4, 2, 6, 6, 4, 3, 1, 5, 8, 1, 5, 5, 5, 7, 7, 4, 9, 2, 1, 5, 3, 1, 1, 9, 4, 1, 10, 3, 4, 6, 3, 8, 3, 7, 2, 4, 8, 1, 8, 9, 10, 7, 6, 1, 1, 9, 8, 10, 8, 1, 2, 2, 10, 7]
[3901.28, 3906.89, 3933.1, 1403.15, 4433.43, 2470.75, 3835.4, 2161.43, 3258.57, 3851.52, 2065.74, 3432.54, 2270.79, 3762.12, 1606.56, 3584.94, 3718.5, 3953.29, 1284.96, 1548.41, 2685.44, 4418.19, 3949.9, 2542.27, 1472.43, 4343.51, 3715.14, 3945.46, 1439.27, 3340.11, 3723.53, 3772.75, 2685.17, 2508.62, 3322.42, 2685.22, 2690.28, 2738.88, 2644.95, 1435.3, 1262.88, 3796.39, 3965.7, 4441.78, 2685.18, 2926.78, 4085.23, 2685.33, 2685.3, 3775.49, 3815.94, 2685.47, 2089.73, 3621.89, 3833.65, 3236.69, 3738.64, 2596.74, 4133.52, 1479.82, 4819.97, 3957.86, 2844.25, 2685.34, 2747.5, 3964.85, 2129.34, 1511.52, 1103.84, 2685.36, 2685.38, 3842.36, 2674.84, 2331.37, 3340.01, 2685.36, 4138.19, 3506.36, 2158.12, 1265.81]
[0.12, 0.43, 0.59, 0.51, 0.23, 0.32, 0.76, 0.35, 0.45, 0.48, 0.5, 0.19, 0.37, 0.22, 0.46, 0.81, 0.29, 0.63, 0.51, 0.38, 0.44, 0.32, 0.43, 0.24, 0.41, 0.43, 0.28, 0.4, 0.24, 0.56, 0.35, 0.88, 0.29, 0.69, 0.49, 0.39, 0.78, 0.5, 0.66, 0.5, 0.52, 0.26, 0.41, 0.12, 0.44, 0.57, 0.9, 0.31, 0.47, 0.52, 0.29, 0.45, 0.27, 0.91, 0.2, 0.31, 0.97, 0.55, 0.73, 0.57, 0.36, 0.48, 0.75, 0.3, 0.8, 0.66, 0.5, 0.57, 0.11, 0.37, 0.36, 0.45, 0.53, 0.43, 0.75, 0.3, 0.1, 0.15, 0.39, 0.3]
[1.02, 0.51, 0.87, 0.95, 0.69, 0.97, 0.64, 0.56, 0.51, 0.6, 0.88, 0.77, 0.83, 0.69, 0.5, 0.58, 0.79, 0.57, 0.97, 0.51, 0.55, 0.53, 0.78, 0.88, 1.04, 0.85, 0.89, 1.0, 0.72, 0.54, 0.93, 0.93, 0.76, 0.87, 0.98, 0.86, 0.71, 0.62, 1.09, 0.55, 1.01, 0.91, 1.03, 0.93, 0.9, 1.06, 0.84, 0.63, 0.57, 0.56, 0.84, 0.82, 0.85, 0.52, 0.99, 0.79, 0.67, 0.82, 0.83, 0.61, 0.92, 0.53, 0.79, 1.1, 0.75, 0.87, 0.87, 1.09, 0.54, 0.9, 0.98, 0.99, 0.63, 0.66, 0.75, 0.8, 0.55, 1.07, 0.68, 0.89]
[0.63, 0.67, 0.55, 0.84, 0.5, 1.01, 1.01, 0.64, 1.09, 1.05, 0.82, 0.97, 0.53, 0.52, 1.0, 1.06, 0.81, 0.63, 0.99, 0.74, 0.95, 0.62, 0.92, 0.53, 0.98, 0.62, 0.57, 0.78, 0.58, 1.03, 0.77, 0.62, 0.64, 1.05, 1.09, 0.58, 0.92, 0.74, 0.68, 0.65, 0.97, 0.82, 1.04, 0.89, 0.67, 1.02, 1.02, 0.65, 0.64, 0.96, 0.72, 0.93, 0.59, 0.95, 0.83, 0.58, 0.79, 0.84, 0.97, 0.84, 0.66, 0.86, 0.83, 0.96, 0.63, 0.96, 0.73, 1.1, 1.06, 0.65, 0.85, 0.7, 0.89, 0.56, 0.85, 0.73, 0.87, 0.85, 1.0, 0.88]
[0.69, 0.98, 0.8, 0.59, 0.61, 1.06, 0.95, 1.07, 0.51, 0.98, 1.04, 0.91, 0.64, 0.73, 0.5, 0.95, 0.86, 0.76, 0.63, 0.55, 0.58, 0.68, 0.8, 0.73, 1.0, 1.06, 0.6, 0.6, 0.54, 0.65, 1.07, 0.76, 0.61, 0.96, 0.87, 0.54, 0.63, 0.75, 0.72, 1.03, 0.74, 0.87, 1.04, 0.59, 0.97, 0.62, 0.64, 0.82, 0.6, 0.53, 0.55, 0.86, 1.0, 0.64, 0.7, 1.04, 0.67, 0.98, 0.73, 0.75, 0.76, 0.82, 0.54, 0.73, 0.91, 1.06, 0.59, 1.0, 0.89, 0.54, 0.81, 1.07, 1.07, 0.74, 0.77, 0.84, 0.67, 0.57, 0.5, 1.01]
[0.6, 0.8, 0.68, 0.5, 1.01, 1.08, 0.69, 0.84, 0.75, 0.57, 0.88, 0.74, 0.94, 0.59, 0.82, 0.98, 0.88, 0.63, 0.5, 0.6, 1.01, 0.52, 0.69, 0.68, 1.07, 0.63, 1.04, 0.68, 0.87, 1.06, 0.92, 0.87, 1.06, 0.53, 0.78, 0.59, 0.84, 1.06, 1.09, 1.02, 1.06, 1.07, 0.7, 0.54, 0.65, 0.98, 0.53, 0.62, 0.91, 0.97, 0.7, 0.54, 0.65, 0.71, 0.77, 0.62, 1.1, 0.69, 0.73, 0.77, 0.68, 1.08, 1.02, 0.59, 0.74, 1.1, 0.7, 1.09, 1.0, 0.86, 0.99, 0.9, 1.06, 0.92, 0.78, 0.91, 0.76, 0.78, 1.08, 1.09]
[0.68, 0.68, 0.56, 0.82, 0.63, 0.65, 0.8, 0.8, 0.81, 0.77, 1.1, 0.84, 1.02, 0.78, 1.1, 0.59, 0.54, 1.09, 1.07, 0.86, 0.54, 0.77, 1.05, 0.85, 1.05, 0.66, 0.53, 0.76, 0.8, 0.73, 0.72, 0.87, 0.58, 0.7, 0.92, 0.93, 0.92, 0.7, 0.57, 1.04, 1.04, 0.97, 0.92, 0.54, 0.67, 0.52, 1.03, 0.75, 0.58, 0.55, 0.51, 1.06, 0.89, 0.77, 0.62, 0.55, 0.9, 0.84, 0.63, 0.76, 0.87, 0.87, 0.72, 0.95, 0.92, 0.93, 1.09, 0.65, 0.64, 1.05, 0.86, 0.56, 0.51, 0.69, 0.81, 0.87, 1.09, 0.63, 0.86, 0.91]
[0.18, 0.18, 0.14, 0.19, 0.13, 0.72, 0.34, 0.26, 0.17, 0.27, 0.72, 0.42, 0.27, 0.12, 0.23, 0.33, 0.26, 0.19, 0.33, 0.11, 0.16, 0.09, 0.42, 0.2, 1.14, 0.23, 0.17, 0.24, 0.16, 0.28, 0.5, 0.32, 0.18, 0.32, 0.67, 0.15, 0.32, 0.26, 0.33, 0.39, 0.79, 0.67, 0.72, 0.14, 0.25, 0.34, 0.3, 0.16, 0.12, 0.15, 0.12, 0.38, 0.29, 0.17, 0.27, 0.16, 0.35, 0.39, 0.27, 0.22, 0.27, 0.35, 0.26, 0.43, 0.29, 0.91, 0.28, 0.85, 0.32, 0.29, 0.58, 0.37, 0.32, 0.17, 0.31, 0.39, 0.26, 0.25, 0.32, 0.78]
[288.96, 200.22, 383.39, 402.19, 311.93, 643.16, 581.07, 790.71, 571.71, 581.89, 1342.92, 246.17, 578.01, 169.75, 466.53, 624.36, 168.19, 505.85, 421.39, 362.15, 195.86, 384.01, 465.84, 700.22, 493.5, 1275.0, 173.93, 353.46, 1011.98, 1116.24, 166.2, 486.33, 209.77, 592.38, 611.08, 201.23, 518.84, 565.07, 340.09, 415.03, 327.55, 160.04, 588.87, 267.13, 228.99, 467.32, 679.65, 163.54, 220.68, 534.71, 175.59, 193.27, 638.93, 598.12, 154.84, 1112.43, 644.52, 593.4, 538.35, 256.72, 344.66, 198.38, 771.59, 169.04, 772.81, 894.04, 927.41, 398.32, 862.33, 202.63, 278.98, 511.74, 787.87, 485.18, 729.11, 193.77, 244.8, 257.64, 1041.06, 374.09]
[55.24, 34.64, 52.41, 77.71, 42.45, 466.58, 177.22, 185.64, 105.13, 137.1, 962.27, 107.03, 144.37, 21.2, 108.93, 217.92, 44.22, 92.93, 135.82, 34.7, 29.34, 33.54, 191.83, 128.95, 493.5, 318.02, 28.74, 81.41, 155.95, 316.66, 80.81, 150.37, 40.91, 196.34, 414.61, 24.88, 165.55, 139.97, 106.07, 163.35, 266.47, 108.12, 426.96, 38.85, 59.01, 157.0, 216.83, 28.21, 31.14, 81.53, 19.83, 74.31, 174.2, 95.91, 45.69, 173.47, 241.62, 219.5, 128.53, 55.66, 100.57, 63.83, 182.06, 69.73, 234.35, 833.43, 264.85, 344.47, 290.03, 60.21, 158.75, 193.84, 253.28, 88.6, 209.5, 79.62, 66.66, 59.8, 327.92, 292.0]
[944.82, 501.12, 1416.94, 1510.95, 1059.66, 2715.79, 2405.36, 3453.55, 2358.57, 2409.47, 6214.62, 730.87, 2390.03, 348.77, 1832.64, 2621.8, 340.94, 2029.27, 1606.97, 1310.76, 479.28, 1420.04, 1829.18, 3001.1, 1967.52, 5874.98, 369.65, 1267.29, 4559.91, 5081.22, 330.99, 1931.67, 548.87, 2461.9, 2555.39, 506.17, 2094.2, 2325.37, 1200.47, 1575.16, 1137.75, 300.19, 2444.36, 835.63, 644.95, 1836.61, 2898.27, 317.69, 603.4, 2173.54, 377.96, 466.34, 2694.63, 2490.59, 274.2, 5062.13, 2722.6, 2466.99, 2191.76, 783.6, 1223.29, 491.9, 3357.94, 345.22, 3364.07, 3970.22, 4137.06, 1491.6, 3811.67, 513.14, 894.92, 2058.7, 3439.36, 1925.89, 3145.56, 468.84, 724.02, 788.18, 4705.31, 1370.43]
[-223.82, -326.78, -237.95, -111.43, -287.77, 1832.89, 386.12, 428.19, 25.63, 185.49, 4311.36, 35.17, 221.87, -393.98, 44.64, 589.61, -278.92, -35.36, 179.08, -326.52, -353.32, -332.3, 459.13, 144.75, 1967.52, 1090.1, -356.3, -92.94, 279.75, 1083.3, -95.95, 251.84, -295.45, 481.71, 1573.03, -375.62, 327.76, 199.84, 30.35, 316.76, 832.36, 40.59, 1634.8, -305.75, -204.94, 285.01, 584.17, -358.97, -344.32, -92.36, -400.84, -128.46, 370.99, -20.45, -271.53, 367.33, 708.11, 597.48, 142.63, -221.69, 2.86, -180.84, 410.31, -151.37, 671.75, 3667.15, 824.24, 1222.37, 950.15, -198.94, 293.75, 469.2, 766.39, -56.99, 547.5, -101.9, -166.72, -200.98, 1139.62, 960.01]
[78.03, 78.14, 117.99, 42.09, 133.0, 74.12, 76.71, 43.23, 97.76, 115.55, 41.31, 68.65, 45.42, 75.24, 48.2, 71.7, 111.56, 118.6, 25.7, 46.45, 53.71, 88.36, 118.5, 50.85, 29.45, 130.31, 111.45, 118.36, 28.79, 100.2, 74.47, 75.46, 80.55, 75.26, 99.67, 80.56, 80.71, 82.17, 52.9, 43.06, 25.26, 113.89, 79.31, 133.25, 80.56, 58.54, 81.7, 53.71, 53.71, 113.26, 114.48, 53.71, 62.69, 72.44, 76.67, 64.73, 74.77, 51.93, 82.67, 44.39, 96.4, 79.16, 56.88, 80.56, 82.43, 79.3, 42.59, 30.23, 22.08, 80.56, 53.71, 115.27, 53.5, 46.63, 100.2, 53.71, 124.15, 70.13, 43.16, 37.97]
[78, 78, 157, 56, 177, 98, 76, 43, 130, 154, 41, 68, 45, 75, 64, 71, 148, 158, 28, 61, 53, 88, 157, 50, 29, 173, 148, 157, 28, 133, 74, 75, 107, 100, 132, 107, 107, 109, 52, 57, 28, 151, 79, 177, 107, 58, 81, 53, 53, 151, 152, 53, 83, 72, 76, 64, 74, 51, 82, 59, 96, 79, 56, 107, 109, 79, 42, 30, 28, 107, 53, 153, 53, 46, 133, 53, 165, 70, 43, 50]
[818, 504, 1120, 546, 869, 1323, 68, 1653, 258, 836, 560, 1135, 1077, 610, 226, 1088, 1581, 630, 975, 162, 1022, 295, 1525, 425, 567, 509, 965, 1499, 175, 752, 1354, 1595, 1532, 759, 534, 957, 62, 224, 1087, 464, 157, 646, 1118, 647, 1513, 1575, 38, 980, 33, 1083, 678, 180, 113, 1418, 66, 500, 566, 1376, 1102, 217, 53, 561, 1412, 476, 620, 388, 139, 1275, 1486, 1628, 924, 51, 1676, 120, 1350, 1466, 337, 1579, 60, 50]
[1680, 1176, 1456, 1680, 1680, 1680, 1680, 1680, 1602, 1680, 1232, 1680, 1680, 1680, 1570, 1680, 1680, 1302, 1647, 1170, 1680, 1639, 1680, 1433, 903, 845, 1637, 1680, 847, 1680, 1680, 1680, 1680, 1680, 1680, 1680, 1680, 1232, 1680, 1680, 1501, 1654, 1680, 1319, 1680, 1680, 1382, 1316, 1377, 1680, 1680, 1680, 449, 1680, 1410, 1680, 1680, 1680, 1438, 1225, 1397, 1680, 1680, 1484, 1680, 1060, 475, 1680, 1680, 1680, 1680, 387, 1680, 1128, 1680, 1680, 1009, 1680, 1404, 722]
2
[0.0, 0.0]
[33.33, 66.67]
[[0, 33, 24, 63, 93, 96, 92, 78, 42, 56, 90, 68, 92, 57, 58, 79, 79, 52, 92, 106, 58, 89, 35, 22, 70, 59, 81, 94, 80, 15, 41, 19, 53, 27, 90, 100, 31, 100, 24, 77, 13, 88, 59, 93, 45, 86, 83, 55, 54, 59, 26, 94, 81, 49, 84, 56, 83, 85, 55, 62, 23, 84, 81, 55, 54, 11, 82, 52, 22, 63, 81, 103, 51, 87, 26, 50, 80, 86, 16, 61, 23, 30], [33, 0, 54, 81, 80, 85, 82, 59, 48, 73, 92, 48, 106, 53, 76, 89, 83, 46, 81, 93, 54, 78, 63, 52, 55, 78, 96, 92, 81, 20, 48, 18, 28, 56, 93, 84, 30, 89, 17, 74, 43, 89, 71, 79, 20, 88, 73, 72, 28, 73, 54, 79, 61, 47, 88, 51, 94, 98, 73, 78, 50, 84, 93, 52, 28, 26, 79, 23, 48, 34, 94, 94, 73, 85, 58, 56, 61, 95, 20, 58, 50, 29], [24, 54, 0, 43, 93, 94, 90, 85, 38, 39, 80, 76, 74, 55, 40, 64, 69, 53, 90, 106, 56, 89, 11, 1, 74, 40, 63, 87, 71, 33, 35, 36, 67, 3, 79, 101, 37, 97, 40, 71, 11, 78, 44, 94, 60, 76, 82, 37, 69, 43, 3, 96, 87, 48, 73, 56, 67, 67, 36, 44, 6, 75, 65, 54, 67, 27, 76, 68, 9, 78, 64, 100, 30, 79, 9, 43, 86, 71, 34, 58, 5, 37], [63, 81, 43, 0, 75, 74, 70, 81, 36, 8, 46, 77, 30, 46, 5, 24, 37, 51, 71, 85, 46, 71, 35, 45, 68, 3, 19, 57, 41, 63, 35, 64, 79, 41, 45, 86, 52, 75, 64, 47, 51, 46, 15, 78, 76, 44, 65, 8, 82, 11, 40, 80, 81, 44, 39, 49, 26, 24, 8, 6, 40, 44, 24, 46, 79, 59, 52, 85, 40, 90, 21, 76, 14, 50, 50, 32, 80, 31, 64, 45, 41, 52], [93, 80, 93, 75, 0, 6, 6, 26, 54, 69, 39, 34, 73, 37, 72, 57, 41, 41, 5, 13, 36, 3, 93, 93, 25, 75, 72, 28, 36, 80, 57, 77, 54, 93, 41, 10, 61, 10, 72, 28, 91, 36, 60, 4, 61, 37, 10, 71, 56, 64, 90, 6, 24, 45, 41, 37, 60, 69, 73, 68, 86, 34, 61, 39, 54, 82, 24, 63, 84, 57, 66, 14, 81, 29, 102, 51, 23, 57, 80, 34, 87, 62], [96, 85, 94, 74, 6, 0, 4, 33, 56, 68, 35, 40, 69, 40, 71, 55, 38, 44, 4, 11, 39, 7, 94, 94, 30, 74, 69, 22, 33, 84, 59, 81, 60, 94, 37, 14, 65, 4, 76, 26, 93, 32, 60, 11, 66, 34, 12, 70, 62, 63, 92, 12, 31, 47, 38, 40, 57, 65, 73, 67, 88, 31, 58, 41, 60, 85, 22, 69, 86, 63, 63, 8, 81, 25, 104, 52, 30, 53, 84, 36, 89, 65], [92, 82, 90, 70, 6, 4, 0, 31, 52, 64, 33, 37, 67, 35, 67, 51, 35, 40, 1, 15, 34, 5, 89, 90, 27, 70, 66, 21, 30, 79, 54, 77, 57, 90, 35, 16, 61, 7, 72, 22, 89, 30, 56, 11, 63, 31, 8, 66, 59, 59, 88, 13, 29, 43, 35, 36, 54, 63, 69, 63, 83, 28, 55, 37, 57, 81, 18, 66, 81, 61, 60, 11, 77, 22, 100, 47, 28, 50, 79, 32, 84, 61], [78, 59, 85, 81, 26, 33, 31, 0, 49, 73, 59, 10, 88, 35, 76, 70, 55, 32, 30, 36, 34, 25, 88, 84, 12, 79, 84, 50, 51, 63, 52, 60, 31, 86, 60, 26, 48, 37, 54, 41, 80, 55, 65, 23, 38, 55, 26, 74, 32, 69, 83, 23, 2, 39, 58, 32, 74, 82, 77, 74, 78, 51, 75, 35, 30, 67, 41, 38, 76, 31, 79, 41, 83, 48, 94, 50, 3, 72, 63, 36, 79, 49], [42, 48, 38, 36, 54, 56, 52, 49, 0, 28, 48, 43, 57, 16, 31, 41, 37, 16, 52, 67, 17, 50, 39, 38, 37, 34, 48, 51, 37, 34, 2, 34, 42, 38, 48, 63, 17, 59, 31, 34, 37, 45, 23, 56, 39, 43, 44, 28, 45, 26, 36, 57, 51, 10, 42, 17, 45, 50, 30, 31, 31, 41, 44, 15, 42, 33, 39, 48, 29, 53, 46, 62, 34, 44, 48, 8, 50, 47, 35, 19, 32, 18], [56, 73, 39, 8, 69, 68, 64, 73, 28, 0, 44, 68, 35, 38, 3, 25, 34, 42, 65, 80, 39, 65, 32, 40, 60, 6, 25, 54, 37, 55, 26, 56, 70, 37, 43, 80, 43, 70, 55, 42, 45, 44, 8, 72, 67, 41, 59, 2, 73, 5, 36, 74, 74, 36, 37, 41, 28, 28, 4, 5, 34, 41, 26, 38, 71, 51, 47, 76, 34, 81, 25, 72, 13, 47, 47, 23, 73, 32, 56, 37, 35, 44], [90, 92, 80, 46, 39, 35, 33, 59, 48, 44, 0, 61, 34, 39, 45, 22, 11, 47, 34, 45, 38, 37, 75, 81, 49, 47, 35, 13, 11, 83, 49, 81, 75, 79, 1, 49, 64, 34, 78, 19, 83, 3, 36, 44, 77, 4, 33, 46, 78, 39, 77, 46, 58, 45, 6, 42, 23, 31, 49, 41, 74, 8, 25, 40, 75, 82, 17, 83, 73, 82, 30, 34, 57, 10, 89, 40, 56, 19, 83, 34, 75, 65], [68, 48, 76, 77, 34, 40, 37, 10, 43, 68, 61, 0, 87, 30, 72, 69, 56, 26, 36, 45, 30, 32, 80, 75, 11, 75, 82, 54, 52, 53, 45, 50, 21, 77, 62, 36, 39, 44, 44, 42, 71, 57, 61, 31, 28, 57, 31, 69, 22, 65, 75, 32, 13, 32, 59, 27, 74, 81, 71, 70, 70, 53, 74, 30, 20, 57, 43, 28, 67, 23, 78, 48, 77, 51, 85, 45, 13, 72, 53, 33, 71, 39], [92, 106, 74, 30, 73, 69, 67, 88, 57, 35, 34, 87, 0, 58, 34, 18, 32, 66, 68, 79, 59, 70, 65, 75, 77, 33, 10, 47, 37, 90, 57, 90, 96, 71, 32, 84, 75, 69, 88, 47, 81, 36, 34, 78, 96, 35, 65, 37, 99, 33, 71, 79, 88, 61, 31, 62, 13, 7, 37, 30, 70, 38, 13, 59, 97, 87, 49, 104, 70, 106, 11, 69, 44, 44, 81, 50, 87, 16, 90, 55, 71, 76], [57, 53, 55, 46, 37, 40, 35, 35, 16, 38, 39, 30, 58, 0, 41, 40, 30, 8, 35, 51, 1, 34, 55, 55, 22, 44, 52, 39, 28, 46, 19, 43, 38, 55, 40, 46, 26, 43, 39, 21, 53, 36, 30, 39, 39, 34, 27, 39, 40, 34, 52, 40, 36, 8, 34, 3, 45, 52, 41, 39, 48, 31, 44, 1, 38, 46, 26, 45, 46, 47, 48, 46, 47, 32, 64, 15, 35, 45, 46, 5, 49, 27], [58, 76, 40, 5, 72, 71, 67, 76, 31, 3, 45, 72, 34, 41, 0, 25, 35, 46, 68, 83, 42, 68, 32, 41, 64, 3, 23, 56, 39, 58, 29, 59, 74, 37, 44, 82, 46, 72, 58, 44, 47, 45, 11, 75, 70, 42, 62, 3, 76, 7, 37, 77, 77, 39, 39, 44, 28, 27, 3, 4, 36, 43, 26, 41, 74, 54, 49, 79, 36, 84, 24, 74, 12, 49, 47, 26, 76, 32, 59, 40, 37, 47], [79, 89, 64, 24, 57, 55, 51, 70, 41, 25, 22, 69, 18, 40, 25, 0, 16, 48, 52, 66, 40, 54, 57, 65, 59, 26, 14, 35, 21, 75, 41, 74, 78, 62, 21, 68, 58, 55, 72, 30, 69, 23, 20, 62, 78, 21, 49, 27, 81, 21, 61, 63, 70, 43, 17, 44, 4, 11, 29, 20, 59, 23, 4, 41, 78, 72, 33, 86, 58, 88, 8, 56, 37, 29, 72, 33, 69, 7, 75, 37, 60, 59], [79, 83, 69, 37, 41, 38, 35, 55, 37, 34, 11, 56, 32, 30, 35, 16, 0, 38, 36, 49, 30, 38, 64, 69, 44, 38, 30, 20, 4, 72, 38, 71, 68, 68, 11, 52, 53, 39, 68, 14, 72, 9, 26, 45, 69, 7, 33, 36, 70, 28, 66, 47, 55, 36, 4, 33, 19, 28, 38, 31, 63, 7, 20, 31, 68, 71, 16, 76, 61, 76, 25, 40, 47, 13, 78, 29, 54, 16, 72, 25, 64, 54], [52, 46, 53, 51, 41, 44, 40, 32, 16, 42, 47, 26, 66, 8, 46, 48, 38, 0, 40, 54, 8, 37, 55, 53, 21, 49, 59, 46, 36, 39, 19, 37, 30, 54, 48, 48, 20, 47, 32, 28, 50, 44, 36, 41, 31, 42, 31, 43, 33, 39, 51, 43, 34, 6, 42, 5, 52, 59, 45, 45, 46, 39, 52, 6, 30, 41, 33, 38, 44, 40, 55, 51, 50, 39, 62, 19, 33, 52, 39, 12, 47, 21], [92, 81, 90, 71, 5, 4, 1, 30, 52, 65, 34, 36, 68, 35, 68, 52, 36, 40, 0, 15, 34, 4, 90, 90, 26, 71, 67, 22, 31, 79, 54, 76, 56, 90, 36, 15, 60, 8, 71, 23, 89, 31, 56, 10, 62, 32, 8, 67, 58, 60, 88, 11, 28, 43, 36, 35, 55, 64, 69, 64, 83, 29, 56, 37, 56, 81, 19, 65, 81, 60, 61, 12, 77, 23, 100, 48, 27, 52, 79, 32, 85, 61], [106, 93, 106, 85, 13, 11, 15, 36, 67, 80, 45, 45, 79, 51, 83, 66, 49, 54, 15, 0, 49, 17, 105, 106, 38, 86, 80, 32, 45, 93, 70, 90, 66, 106, 47, 11, 75, 10, 85, 38, 104, 43, 71, 14, 73, 44, 23, 82, 68, 75, 103, 13, 34, 58, 49, 50, 68, 76, 85, 79, 99, 42, 69, 52, 66, 95, 33, 74, 97, 67, 74, 11, 93, 36, 115, 63, 33, 64, 93, 47, 100, 75], [58, 54, 56, 46, 36, 39, 34, 34, 17, 39, 38, 30, 59, 1, 42, 40, 30, 8, 34, 49, 0, 32, 57, 56, 21, 45, 52, 38, 28, 46, 20, 44, 38, 56, 39, 45, 27, 42, 40, 20, 54, 35, 31, 38, 39, 34, 26, 40, 40, 35, 54, 39, 35, 9, 34, 3, 45, 52, 42, 40, 49, 30, 45, 2, 38, 47, 25, 45, 47, 47, 48, 45, 48, 31, 65, 16, 34, 45, 47, 4, 50, 28], [89, 78, 89, 71, 3, 7, 5, 25, 50, 65, 37, 32, 70, 34, 68, 54, 38, 37, 4, 17, 32, 0, 89, 89, 22, 71, 69, 26, 33, 76, 53, 73, 52, 89, 39, 14, 58, 12, 68, 24, 87, 34, 57, 7, 58, 35, 6, 67, 54, 60, 86, 9, 23, 41, 39, 33, 57, 66, 70, 65, 82, 31, 58, 35, 52, 78, 21, 61, 80, 55, 63, 16, 77, 26, 98, 47, 22, 54, 76, 31, 83, 58], [35, 63, 11, 35, 93, 94, 89, 88, 39, 32, 75, 80, 65, 55, 32, 57, 64, 55, 90, 105, 57, 89, 0, 13, 77, 31, 54, 84, 67, 43, 36, 45, 73, 8, 75, 102, 43, 96, 48, 68, 22, 74, 38, 95, 67, 72, 82, 29, 76, 36, 9, 96, 90, 49, 68, 57, 60, 59, 28, 36, 13, 71, 58, 55, 74, 37, 74, 76, 15, 85, 56, 99, 21, 76, 16, 42, 89, 64, 43, 58, 13, 43], [22, 52, 1, 45, 93, 94, 90, 84, 38, 40, 81, 75, 75, 55, 41, 65, 69, 53, 90, 106, 56, 89, 13, 0, 74, 41, 64, 87, 71, 31, 35, 34, 65, 5, 80, 101, 36, 97, 38, 71, 9, 79, 45, 94, 58, 76, 82, 38, 67, 44, 4, 95, 86, 47, 74, 55, 68, 68, 37, 45, 6, 75, 67, 54, 66, 25, 77, 67, 8, 77, 65, 100, 31, 80, 9, 43, 85, 72, 32, 58, 5, 36], [70, 55, 74, 68, 25, 30, 27, 12, 37, 60, 49, 11, 77, 22, 64, 59, 44, 21, 26, 38, 21, 22, 77, 74, 0, 67, 72, 42, 40, 56, 40, 53, 30, 75, 50, 29, 39, 34, 47, 30, 70, 45, 53, 24, 35, 45, 19, 62, 32, 56, 72, 24, 13, 27, 47, 20, 63, 71, 64, 62, 67, 41, 63, 22, 29, 59, 31, 38, 65, 34, 67, 38, 70, 39, 83, 37, 12, 61, 56, 23, 68, 39], [59, 78, 40, 3, 75, 74, 70, 79, 34, 6, 47, 75, 33, 44, 3, 26, 38, 49, 71, 86, 45, 71, 31, 41, 67, 0, 23, 58, 42, 60, 32, 61, 77, 38, 46, 85, 49, 75, 61, 47, 48, 47, 14, 78, 73, 45, 65, 6, 79, 10, 37, 80, 80, 42, 41, 47, 28, 27, 4, 6, 36, 45, 27, 44, 77, 56, 52, 82, 37, 88, 24, 77, 10, 51, 47, 30, 79, 33, 61, 44, 37, 50], [81, 96, 63, 19, 72, 69, 66, 84, 48, 25, 35, 82, 10, 52, 23, 14, 30, 59, 67, 80, 52, 69, 54, 64, 72, 23, 0, 48, 35, 80, 48, 80, 89, 61, 34, 82, 66, 69, 79, 44, 70, 37, 25, 76, 88, 35, 63, 26, 92, 23, 60, 78, 84, 54, 31, 55, 12, 5, 27, 19, 59, 37, 10, 53, 89, 76, 47, 96, 59, 99, 5, 70, 33, 43, 70, 41, 83, 17, 80, 49, 60, 66], [94, 92, 87, 57, 28, 22, 21, 50, 51, 54, 13, 54, 47, 39, 56, 35, 20, 46, 22, 32, 38, 26, 84, 87, 42, 58, 48, 0, 16, 85, 54, 83, 71, 86, 14, 37, 65, 21, 79, 17, 88, 11, 46, 33, 75, 13, 24, 56, 74, 49, 84, 34, 49, 46, 18, 41, 36, 44, 59, 51, 81, 12, 38, 40, 71, 85, 12, 80, 79, 77, 43, 21, 67, 7, 96, 45, 48, 32, 85, 34, 82, 66], [80, 81, 71, 41, 36, 33, 30, 51, 37, 37, 11, 52, 37, 28, 39, 21, 4, 36, 31, 45, 28, 33, 67, 71, 40, 42, 35, 16, 0, 72, 39, 70, 65, 70, 11, 47, 53, 34, 67, 10, 73, 8, 29, 40, 67, 6, 28, 39, 67, 32, 68, 42, 51, 34, 7, 31, 24, 32, 42, 35, 64, 4, 25, 29, 65, 71, 11, 73, 63, 73, 30, 35, 50, 9, 80, 29, 49, 21, 72, 23, 66, 54], [15, 20, 33, 63, 80, 84, 79, 63, 34, 55, 83, 53, 90, 46, 58, 75, 72, 39, 79, 93, 46, 76, 43, 31, 56, 60, 80, 85, 72, 0, 34, 3, 38, 36, 83, 86, 19, 87, 9, 67, 23, 80, 55, 79, 29, 78, 71, 55, 39, 56, 34, 80, 66, 38, 77, 44, 79, 82, 55, 61, 30, 75, 78, 44, 38, 6, 72, 37, 27, 47, 79, 91, 54, 77, 38, 43, 65, 81, 0, 50, 30, 18], [41, 48, 35, 35, 57, 59, 54, 52, 2, 26, 49, 45, 57, 19, 29, 41, 38, 19, 54, 70, 20, 53, 36, 35, 40, 32, 48, 54, 39, 34, 0, 33, 44, 35, 49, 66, 17, 62, 31, 36, 35, 47, 23, 59, 41, 45, 47, 26, 46, 25, 33, 60, 54, 13, 43, 20, 45, 50, 28, 30, 28, 43, 44, 18, 44, 32, 42, 49, 26, 55, 46, 65, 32, 46, 45, 9, 52, 47, 34, 22, 30, 18], [19, 18, 36, 64, 77, 81, 77, 60, 34, 56, 81, 50, 90, 43, 59, 74, 71, 37, 76, 90, 44, 73, 45, 34, 53, 61, 80, 83, 70, 3, 33, 0, 34, 39, 81, 83, 17, 85, 5, 65, 26, 78, 55, 77, 26, 76, 68, 55, 35, 57, 36, 77, 63, 36, 75, 42, 79, 82, 56, 61, 32, 74, 78, 42, 35, 9, 70, 33, 30, 44, 79, 88, 55, 76, 42, 42, 62, 81, 3, 48, 32, 16], [53, 28, 67, 79, 54, 60, 57, 31, 42, 70, 75, 21, 96, 38, 74, 78, 68, 30, 56, 66, 38, 52, 73, 65, 30, 77, 89, 71, 65, 38, 44, 34, 0, 69, 76, 57, 30, 64, 29, 56, 59, 72, 65, 52, 8, 71, 49, 71, 2, 68, 66, 53, 33, 35, 72, 34, 83, 89, 72, 74, 61, 67, 82, 37, 0, 43, 59, 8, 58, 11, 86, 69, 75, 66, 74, 48, 33, 83, 37, 42, 62, 30], [27, 56, 3, 41, 93, 94, 90, 86, 38, 37, 79, 77, 71, 55, 37, 62, 68, 54, 90, 106, 56, 89, 8, 5, 75, 38, 61, 86, 70, 36, 35, 39, 69, 0, 78, 102, 39, 97, 42, 70, 14, 77, 42, 94, 62, 75, 82, 35, 71, 41, 2, 96, 88, 48, 72, 56, 65, 65, 34, 42, 7, 74, 63, 54, 69, 30, 76, 70, 10, 80, 62, 100, 27, 78, 10, 42, 87, 69, 36, 58, 7, 39], [90, 93, 79, 45, 41, 37, 35, 60, 48, 43, 1, 62, 32, 40, 44, 21, 11, 48, 36, 47, 39, 39, 75, 80, 50, 46, 34, 14, 11, 83, 49, 81, 76, 78, 0, 51, 64, 36, 78, 20, 83, 5, 36, 46, 78, 5, 35, 45, 79, 38, 76, 48, 59, 46, 6, 42, 22, 30, 47, 40, 74, 9, 23, 41, 76, 82, 19, 84, 72, 84, 28, 36, 56, 12, 89, 40, 58, 17, 83, 35, 75, 65], [100, 84, 101, 86, 10, 14, 16, 26, 63, 80, 49, 36, 84, 46, 82, 68, 52, 48, 15, 11, 45, 14, 102, 101, 29, 85, 82, 37, 47, 86, 66, 83, 57, 102, 51, 0, 68, 16, 77, 39, 98, 47, 71, 7, 64, 48, 20, 81, 58, 75, 99, 5, 23, 53, 52, 45, 71, 79, 84, 79, 94, 45, 72, 47, 56, 88, 35, 64, 92, 57, 77, 19, 91, 39, 111, 60, 23, 67, 86, 44, 96, 69], [31, 30, 37, 52, 61, 65, 61, 48, 17, 43, 64, 39, 75, 26, 46, 58, 53, 20, 60, 75, 27, 58, 43, 36, 39, 49, 66, 65, 53, 19, 17, 17, 30, 39, 64, 68, 0, 68, 14, 47, 31, 61, 40, 62, 25, 59, 52, 43, 33, 43, 36, 63, 51, 18, 58, 25, 63, 67, 44, 47, 31, 56, 62, 25, 31, 20, 53, 34, 28, 42, 64, 72, 46, 58, 45, 25, 50, 64, 19, 31, 32, 0], [100, 89, 97, 75, 10, 4, 7, 37, 59, 70, 34, 44, 69, 43, 72, 55, 39, 47, 8, 10, 42, 12, 96, 97, 34, 75, 69, 21, 34, 87, 62, 85, 64, 97, 36, 16, 68, 0, 80, 28, 96, 32, 61, 14, 70, 33, 16, 72, 66, 65, 95, 15, 34, 51, 38, 43, 57, 65, 74, 69, 90, 31, 58, 44, 64, 89, 23, 73, 89, 67, 63, 4, 83, 25, 107, 54, 34, 53, 87, 39, 92, 69], [24, 17, 40, 64, 72, 76, 72, 54, 31, 55, 78, 44, 88, 39, 58, 72, 68, 32, 71, 85, 40, 68, 48, 38, 47, 61, 79, 79, 67, 9, 31, 5, 29, 42, 78, 77, 14, 80, 0, 61, 30, 75, 54, 71, 21, 73, 63, 55, 30, 56, 39, 72, 57, 32, 72, 37, 77, 81, 56, 60, 35, 70, 76, 38, 29, 14, 66, 29, 32, 39, 77, 84, 56, 72, 46, 39, 57, 79, 8, 44, 35, 13], [77, 74, 71, 47, 28, 26, 22, 41, 34, 42, 19, 42, 47, 21, 44, 30, 14, 28, 23, 38, 20, 24, 68, 71, 30, 47, 44, 17, 10, 67, 36, 65, 56, 70, 20, 39, 47, 28, 61, 0, 71, 15, 33, 32, 58, 14, 18, 44, 58, 36, 68, 33, 40, 28, 17, 23, 34, 42, 46, 40, 64, 11, 34, 23, 56, 67, 5, 64, 62, 63, 39, 30, 54, 10, 80, 27, 39, 31, 67, 16, 65, 48], [13, 43, 11, 51, 91, 93, 89, 80, 37, 45, 83, 71, 81, 53, 47, 69, 72, 50, 89, 104, 54, 87, 22, 9, 70, 48, 70, 88, 73, 23, 35, 26, 59, 14, 83, 98, 31, 96, 30, 71, 0, 81, 49, 92, 51, 78, 81, 44, 60, 48, 12, 93, 82, 45, 76, 53, 73, 74, 43, 51, 11, 77, 71, 52, 59, 17, 77, 59, 11, 69, 71, 100, 38, 81, 15, 43, 81, 76, 23, 57, 10, 31], [88, 89, 78, 46, 36, 32, 30, 55, 45, 44, 3, 57, 36, 36, 45, 23, 9, 44, 31, 43, 35, 34, 74, 79, 45, 47, 37, 11, 8, 80, 47, 78, 72, 77, 5, 47, 61, 32, 75, 15, 81, 0, 36, 41, 74, 2, 30, 46, 74, 38, 76, 43, 54, 42, 6, 38, 25, 33, 48, 41, 72, 4, 26, 37, 72, 79, 14, 80, 71, 79, 31, 32, 57, 7, 88, 38, 53, 21, 80, 31, 74, 62], [59, 71, 44, 15, 60, 60, 56, 65, 23, 8, 36, 61, 34, 30, 11, 20, 26, 36, 56, 71, 31, 57, 38, 45, 53, 14, 25, 46, 29, 55, 23, 55, 65, 42, 36, 71, 40, 61, 54, 33, 49, 36, 0, 64, 63, 33, 50, 10, 68, 3, 41, 65, 66, 30, 29, 33, 24, 27, 13, 9, 39, 33, 22, 31, 66, 52, 38, 71, 38, 76, 23, 63, 21, 38, 53, 17, 65, 27, 56, 29, 40, 41], [93, 79, 94, 78, 4, 11, 11, 23, 56, 72, 44, 31, 78, 39, 75, 62, 45, 41, 10, 14, 38, 7, 95, 94, 24, 78, 76, 33, 40, 79, 59, 77, 52, 94, 46, 7, 62, 14, 71, 32, 92, 41, 64, 0, 59, 42, 13, 74, 54, 67, 92, 1, 20, 46, 46, 38, 65, 73, 77, 72, 87, 39, 66, 40, 52, 82, 28, 60, 85, 54, 71, 18, 84, 33, 104, 53, 20, 61, 79, 37, 88, 62], [45, 20, 60, 76, 61, 66, 63, 38, 39, 67, 77, 28, 96, 39, 70, 78, 69, 31, 62, 73, 39, 58, 67, 58, 35, 73, 88, 75, 67, 29, 41, 26, 8, 62, 78, 64, 25, 70, 21, 58, 51, 74, 63, 59, 0, 73, 55, 67, 9, 66, 59, 59, 41, 34, 73, 35, 83, 89, 69, 71, 54, 69, 82, 37, 9, 35, 62, 9, 52, 18, 85, 74, 71, 69, 67, 46, 41, 83, 29, 43, 55, 24], [86, 88, 76, 44, 37, 34, 31, 55, 43, 41, 4, 57, 35, 34, 42, 21, 7, 42, 32, 44, 34, 35, 72, 76, 45, 45, 35, 13, 6, 78, 45, 76, 71, 75, 5, 48, 59, 33, 73, 14, 78, 2, 33, 42, 73, 0, 30, 43, 73, 36, 73, 44, 54, 40, 4, 37, 23, 31, 45, 38, 70, 3, 24, 35, 71, 77, 14, 79, 68, 78, 30, 34, 54, 8, 85, 35, 53, 19, 78, 29, 71, 60], [83, 73, 82, 65, 10, 12, 8, 26, 44, 59, 33, 31, 65, 27, 62, 49, 33, 31, 8, 23, 26, 6, 82, 82, 19, 65, 63, 24, 28, 71, 47, 68, 49, 82, 35, 20, 52, 16, 63, 18, 81, 30, 50, 13, 55, 30, 0, 61, 51, 54, 80, 15, 24, 35, 34, 27, 52, 61, 63, 58, 76, 27, 53, 28, 49, 73, 16, 58, 73, 54, 58, 20, 71, 22, 92, 40, 23, 49, 71, 24, 77, 53], [55, 72, 37, 8, 71, 70, 66, 74, 28, 2, 46, 69, 37, 39, 3, 27, 36, 43, 67, 82, 40, 67, 29, 38, 62, 6, 26, 56, 39, 55, 26, 55, 71, 35, 45, 81, 43, 72, 55, 44, 44, 46, 10, 74, 67, 43, 61, 0, 73, 7, 34, 76, 75, 37, 40, 42, 30, 30, 2, 7, 33, 43, 28, 39, 71, 50, 49, 76, 33, 82, 27, 74, 10, 49, 45, 24, 74, 34, 55, 39, 34, 44], [54, 28, 69, 82, 56, 62, 59, 32, 45, 73, 78, 22, 99, 40, 76, 81, 70, 33, 58, 68, 40, 54, 76, 67, 32, 79, 92, 74, 67, 39, 46, 35, 2, 71, 79, 58, 33, 66, 30, 58, 60, 74, 68, 54, 9, 73, 51, 73, 0, 71, 68, 54, 35, 38, 74, 37, 86, 92, 75, 76, 63, 69, 85, 39, 2, 44, 61, 6, 61, 9, 88, 70, 78, 69, 76, 50, 35, 86, 38, 45, 64, 32], [59, 73, 43, 11, 64, 63, 59, 69, 26, 5, 39, 65, 33, 34, 7, 21, 28, 39, 60, 75, 35, 60, 36, 44, 56, 10, 23, 49, 32, 56, 25, 57, 68, 41, 38, 75, 43, 65, 56, 36, 48, 38, 3, 67, 66, 36, 54, 7, 71, 0, 40, 69, 70, 33, 32, 37, 24, 26, 9, 5, 38, 36, 23, 34, 69, 53, 41, 74, 37, 79, 22, 67, 18, 41, 51, 20, 68, 28, 57, 33, 39, 43], [26, 54, 3, 40, 90, 92, 88, 83, 36, 36, 77, 75, 71, 52, 37, 61, 66, 51, 88, 103, 54, 86, 9, 4, 72, 37, 60, 84, 68, 34, 33, 36, 66, 2, 76, 99, 36, 95, 39, 68, 12, 76, 41, 92, 59, 73, 80, 34, 68, 40, 0, 93, 85, 46, 70, 53, 64, 64, 33, 41, 5, 72, 62, 51, 67, 28, 74, 68, 7, 77, 61, 98, 27, 76, 12, 40, 84, 68, 34, 55, 4, 36], [94, 79, 96, 80, 6, 12, 13, 23, 57, 74, 46, 32, 79, 40, 77, 63, 47, 43, 11, 13, 39, 9, 96, 95, 24, 80, 78, 34, 42, 80, 60, 77, 53, 96, 48, 5, 63, 15, 72, 33, 93, 43, 65, 1, 59, 44, 15, 76, 54, 69, 93, 0, 20, 47, 48, 40, 67, 75, 78, 74, 89, 41, 67, 41, 52, 83, 30, 60, 86, 54, 72, 19, 86, 35, 105, 54, 19, 63, 80, 38, 90, 63], [81, 61, 87, 81, 24, 31, 29, 2, 51, 74, 58, 13, 88, 36, 77, 70, 55, 34, 28, 34, 35, 23, 90, 86, 13, 80, 84, 49, 51, 66, 54, 63, 33, 88, 59, 23, 51, 34, 57, 40, 82, 54, 66, 20, 41, 54, 24, 75, 35, 70, 85, 20, 0, 40, 57, 33, 74, 82, 77, 75, 80, 51, 74, 36, 33, 70, 40, 41, 78, 33, 79, 38, 84, 47, 96, 51, 1, 72, 66, 36, 81, 51], [49, 47, 48, 44, 45, 47, 43, 39, 10, 36, 45, 32, 61, 8, 39, 43, 36, 6, 43, 58, 9, 41, 49, 47, 27, 42, 54, 46, 34, 38, 13, 36, 35, 48, 46, 53, 18, 51, 32, 28, 45, 42, 30, 46, 34, 40, 35, 37, 38, 33, 46, 47, 40, 0, 40, 7, 48, 54, 39, 39, 41, 38, 47, 6, 35, 38, 34, 42, 39, 45, 50, 54, 44, 39, 57, 12, 39, 49, 38, 12, 42, 19], [84, 88, 73, 39, 41, 38, 35, 58, 42, 37, 6, 59, 31, 34, 39, 17, 4, 42, 36, 49, 34, 39, 68, 74, 47, 41, 31, 18, 7, 77, 43, 75, 72, 72, 6, 52, 58, 38, 72, 17, 76, 6, 29, 46, 73, 4, 34, 40, 74, 32, 70, 48, 57, 40, 0, 37, 19, 27, 42, 34, 67, 7, 20, 36, 72, 75, 17, 80, 66, 80, 25, 38, 50, 12, 82, 34, 56, 15, 77, 30, 68, 59], [56, 51, 56, 49, 37, 40, 36, 32, 17, 41, 42, 27, 62, 3, 44, 44, 33, 5, 35, 50, 3, 33, 57, 55, 20, 47, 55, 41, 31, 44, 20, 42, 34, 56, 42, 45, 25, 43, 37, 23, 53, 38, 33, 38, 35, 37, 27, 42, 37, 37, 53, 40, 33, 7, 37, 0, 48, 55, 44, 43, 49, 34, 48, 2, 35, 45, 28, 42, 46, 44, 51, 47, 50, 34, 65, 17, 32, 48, 44, 7, 50, 26], [83, 94, 67, 26, 60, 57, 54, 74, 45, 28, 23, 74, 13, 45, 28, 4, 19, 52, 55, 68, 45, 57, 60, 68, 63, 28, 12, 36, 24, 79, 45, 79, 83, 65, 22, 71, 63, 57, 77, 34, 73, 25, 24, 65, 83, 23, 52, 30, 86, 24, 64, 67, 74, 48, 19, 48, 0, 8, 31, 23, 62, 26, 1, 46, 83, 76, 36, 90, 62, 92, 6, 58, 39, 32, 75, 37, 73, 5, 79, 41, 63, 64], [85, 98, 67, 24, 69, 65, 63, 82, 50, 28, 31, 81, 7, 52, 27, 11, 28, 59, 64, 76, 52, 66, 59, 68, 71, 27, 5, 44, 32, 82, 50, 82, 89, 65, 30, 79, 67, 65, 81, 42, 74, 33, 27, 73, 89, 31, 61, 30, 92, 26, 64, 75, 82, 54, 27, 55, 8, 0, 31, 23, 63, 34, 7, 52, 90, 79, 44, 96, 63, 99, 3, 66, 38, 40, 75, 42, 81, 12, 83, 48, 64, 68], [55, 73, 36, 8, 73, 73, 69, 77, 30, 4, 49, 71, 37, 41, 3, 29, 38, 45, 69, 85, 42, 70, 28, 37, 64, 4, 27, 59, 42, 55, 28, 56, 72, 34, 47, 84, 44, 74, 56, 46, 43, 48, 13, 77, 69, 45, 63, 2, 75, 9, 33, 78, 77, 39, 42, 44, 31, 31, 0, 8, 32, 46, 30, 41, 73, 51, 51, 78, 32, 83, 28, 76, 8, 51, 44, 26, 76, 36, 56, 41, 33, 45], [62, 78, 44, 6, 68, 67, 63, 74, 31, 5, 41, 70, 30, 39, 4, 20, 31, 45, 64, 79, 40, 65, 36, 45, 62, 6, 19, 51, 35, 61, 30, 61, 74, 42, 40, 79, 47, 69, 60, 40, 51, 41, 9, 72, 71, 38, 58, 7, 76, 5, 41, 74, 75, 39, 34, 43, 23, 23, 8, 0, 40, 39, 21, 40, 74, 57, 45, 80, 40, 84, 20, 70, 16, 45, 52, 26, 74, 27, 61, 38, 41, 48], [23, 50, 6, 40, 86, 88, 83, 78, 31, 34, 74, 70, 70, 48, 36, 59, 63, 46, 83, 99, 49, 82, 13, 6, 67, 36, 59, 81, 64, 30, 28, 32, 61, 7, 74, 94, 31, 90, 35, 64, 11, 72, 39, 87, 54, 70, 76, 33, 63, 38, 5, 89, 80, 41, 67, 49, 62, 63, 32, 40, 0, 68, 61, 47, 62, 24, 70, 63, 2, 72, 60, 94, 27, 73, 16, 36, 79, 66, 30, 51, 1, 31], [84, 84, 75, 44, 34, 31, 28, 51, 41, 41, 8, 53, 38, 31, 43, 23, 7, 39, 29, 42, 30, 31, 71, 75, 41, 45, 37, 12, 4, 75, 43, 74, 67, 74, 9, 45, 56, 31, 70, 11, 77, 4, 33, 39, 69, 3, 27, 43, 69, 36, 72, 41, 51, 38, 7, 34, 26, 34, 46, 39, 68, 0, 27, 32, 67, 74, 10, 75, 67, 74, 32, 32, 54, 6, 84, 33, 49, 22, 75, 26, 70, 57], [81, 93, 65, 24, 61, 58, 55, 75, 44, 26, 25, 74, 13, 44, 26, 4, 20, 52, 56, 69, 45, 58, 58, 67, 63, 27, 10, 38, 25, 78, 44, 78, 82, 63, 23, 72, 62, 58, 76, 34, 71, 26, 22, 66, 82, 24, 53, 28, 85, 23, 62, 67, 74, 47, 20, 48, 1, 7, 30, 21, 61, 27, 0, 45, 83, 75, 37, 90, 60, 92, 5, 59, 38, 33, 74, 36, 73, 7, 78, 41, 62, 63], [55, 52, 54, 46, 39, 41, 37, 35, 15, 38, 40, 30, 59, 1, 41, 41, 31, 6, 37, 52, 2, 35, 55, 54, 22, 44, 53, 40, 29, 44, 18, 42, 37, 54, 41, 47, 25, 44, 38, 23, 52, 37, 31, 40, 37, 35, 28, 39, 39, 34, 51, 41, 36, 6, 36, 2, 46, 52, 41, 40, 47, 32, 45, 0, 37, 45, 28, 44, 45, 46, 49, 48, 47, 33, 63, 14, 35, 46, 44, 6, 48, 25], [54, 28, 67, 79, 54, 60, 57, 30, 42, 71, 75, 20, 97, 38, 74, 78, 68, 30, 56, 66, 38, 52, 74, 66, 29, 77, 89, 71, 65, 38, 44, 35, 0, 69, 76, 56, 31, 64, 29, 56, 59, 72, 66, 52, 9, 71, 49, 71, 2, 69, 67, 52, 33, 35, 72, 35, 83, 90, 73, 74, 62, 67, 83, 37, 0, 44, 59, 8, 59, 10, 86, 68, 76, 66, 75, 48, 33, 83, 38, 42, 62, 31], [11, 26, 27, 59, 82, 85, 81, 67, 33, 51, 82, 57, 87, 46, 54, 72, 71, 41, 81, 95, 47, 78, 37, 25, 59, 56, 76, 85, 71, 6, 32, 9, 43, 30, 82, 88, 20, 89, 14, 67, 17, 79, 52, 82, 35, 77, 73, 50, 44, 53, 28, 83, 70, 38, 75, 45, 76, 79, 51, 57, 24, 74, 75, 45, 44, 0, 72, 43, 22, 53, 76, 92, 49, 77, 32, 41, 69, 79, 6, 51, 23, 19], [82, 79, 76, 52, 24, 22, 18, 41, 39, 47, 17, 43, 49, 26, 49, 33, 16, 33, 19, 33, 25, 21, 74, 77, 31, 52, 47, 12, 11, 72, 42, 70, 59, 76, 19, 35, 53, 23, 66, 5, 77, 14, 38, 28, 62, 14, 16, 49, 61, 41, 74, 30, 40, 34, 17, 28, 36, 44, 51, 45, 70, 10, 37, 28, 59, 72, 0, 67, 68, 65, 42, 25, 59, 7, 86, 33, 39, 33, 72, 21, 71, 53], [52, 23, 68, 85, 63, 69, 66, 38, 48, 76, 83, 28, 104, 45, 79, 86, 76, 38, 65, 74, 45, 61, 76, 67, 38, 82, 96, 80, 73, 37, 49, 33, 8, 70, 84, 64, 34, 73, 29, 64, 59, 80, 71, 60, 9, 79, 58, 76, 6, 74, 68, 60, 41, 42, 80, 42, 90, 96, 78, 80, 63, 75, 90, 44, 8, 43, 67, 0, 61, 11, 93, 77, 80, 74, 75, 54, 41, 90, 36, 50, 63, 33], [22, 48, 9, 40, 84, 86, 81, 76, 29, 34, 73, 67, 70, 46, 36, 58, 61, 44, 81, 97, 47, 80, 15, 8, 65, 37, 59, 79, 63, 27, 26, 30, 58, 10, 72, 92, 28, 89, 32, 62, 11, 71, 38, 85, 52, 68, 73, 33, 61, 37, 7, 86, 78, 39, 66, 46, 62, 63, 32, 40, 2, 67, 60, 45, 59, 22, 68, 61, 0, 70, 60, 92, 28, 71, 18, 34, 77, 66, 28, 49, 3, 28], [63, 34, 78, 90, 57, 63, 61, 31, 53, 81, 82, 23, 106, 47, 84, 88, 76, 40, 60, 67, 47, 55, 85, 77, 34, 88, 99, 77, 73, 47, 55, 44, 11, 80, 84, 57, 42, 67, 39, 63, 69, 79, 76, 54, 18, 78, 54, 82, 9, 79, 77, 54, 33, 45, 80, 44, 92, 99, 83, 84, 72, 74, 92, 46, 10, 53, 65, 11, 70, 0, 95, 71, 87, 73, 85, 58, 34, 92, 47, 51, 73, 41], [81, 94, 64, 21, 66, 63, 60, 79, 46, 25, 30, 78, 11, 48, 24, 8, 25, 55, 61, 74, 48, 63, 56, 65, 67, 24, 5, 43, 30, 79, 46, 79, 86, 62, 28, 77, 64, 63, 77, 39, 71, 31, 23, 71, 85, 30, 58, 27, 88, 22, 61, 72, 79, 50, 25, 51, 6, 3, 28, 20, 60, 32, 5, 49, 86, 76, 42, 93, 60, 95, 0, 64, 35, 38, 72, 38, 78, 11, 79, 45, 61, 64], [103, 94, 100, 76, 14, 8, 11, 41, 62, 72, 34, 48, 69, 46, 74, 56, 40, 51, 12, 11, 45, 16, 99, 100, 38, 77, 70, 21, 35, 91, 65, 88, 69, 100, 36, 19, 72, 4, 84, 30, 100, 32, 63, 18, 74, 34, 20, 74, 70, 67, 98, 19, 38, 54, 38, 47, 58, 66, 76, 70, 94, 32, 59, 48, 68, 92, 25, 77, 92, 71, 64, 0, 85, 26, 110, 57, 38, 53, 91, 42, 95, 73], [51, 73, 30, 14, 81, 81, 77, 83, 34, 13, 57, 77, 44, 47, 12, 37, 47, 50, 77, 93, 48, 77, 21, 31, 70, 10, 33, 67, 50, 54, 32, 55, 75, 27, 56, 91, 46, 83, 56, 54, 38, 57, 21, 84, 71, 54, 71, 10, 78, 18, 27, 86, 84, 44, 50, 50, 39, 38, 8, 16, 27, 54, 38, 47, 76, 49, 59, 80, 28, 87, 35, 85, 0, 60, 36, 32, 82, 44, 54, 48, 28, 46], [87, 85, 79, 50, 29, 25, 22, 48, 44, 47, 10, 51, 44, 32, 49, 29, 13, 39, 23, 36, 31, 26, 76, 80, 39, 51, 43, 7, 9, 77, 46, 76, 66, 78, 12, 39, 58, 25, 72, 10, 81, 7, 38, 33, 69, 8, 22, 49, 69, 41, 76, 35, 47, 39, 12, 34, 32, 40, 51, 45, 73, 6, 33, 33, 66, 77, 7, 74, 71, 73, 38, 26, 60, 0, 89, 37, 46, 28, 78, 27, 74, 59], [26, 58, 9, 50, 102, 104, 100, 94, 48, 47, 89, 85, 81, 64, 47, 72, 78, 62, 100, 115, 65, 98, 16, 9, 83, 47, 70, 96, 80, 38, 45, 42, 74, 10, 89, 111, 45, 107, 46, 80, 15, 88, 53, 104, 67, 85, 92, 45, 76, 51, 12, 105, 96, 57, 82, 65, 75, 75, 44, 52, 16, 84, 74, 63, 75, 32, 86, 75, 18, 85, 72, 110, 36, 89, 0, 52, 95, 80, 39, 67, 15, 45], [50, 56, 43, 32, 51, 52, 47, 50, 8, 23, 40, 45, 50, 15, 26, 33, 29, 19, 48, 63, 16, 47, 42, 43, 37, 30, 41, 45, 29, 43, 9, 42, 48, 42, 40, 60, 25, 54, 39, 27, 43, 38, 17, 53, 46, 35, 40, 24, 50, 20, 40, 54, 51, 12, 34, 17, 37, 42, 26, 26, 36, 33, 36, 14, 48, 41, 33, 54, 34, 58, 38, 57, 32, 37, 52, 0, 50, 39, 43, 16, 37, 26], [80, 61, 86, 80, 23, 30, 28, 3, 50, 73, 56, 13, 87, 35, 76, 69, 54, 33, 27, 33, 34, 22, 89, 85, 12, 79, 83, 48, 49, 65, 52, 62, 33, 87, 58, 23, 50, 34, 57, 39, 81, 53, 65, 20, 41, 53, 23, 74, 35, 68, 84, 19, 1, 39, 56, 32, 73, 81, 76, 74, 79, 49, 73, 35, 33, 69, 39, 41, 77, 34, 78, 38, 82, 46, 95, 50, 0, 71, 65, 35, 80, 50], [86, 95, 71, 31, 57, 53, 50, 72, 47, 32, 19, 72, 16, 45, 32, 7, 16, 52, 52, 64, 45, 54, 64, 72, 61, 33, 17, 32, 21, 81, 47, 81, 83, 69, 17, 67, 64, 53, 79, 31, 76, 21, 27, 61, 83, 19, 49, 34, 86, 28, 68, 63, 72, 49, 15, 48, 5, 12, 36, 27, 66, 22, 7, 46, 83, 79, 33, 90, 66, 92, 11, 53, 44, 28, 80, 39, 71, 0, 82, 41, 67, 65], [16, 20, 34, 64, 80, 84, 79, 63, 35, 56, 83, 53, 90, 46, 59, 75, 72, 39, 79, 93, 47, 76, 43, 32, 56, 61, 80, 85, 72, 0, 34, 3, 37, 36, 83, 86, 19, 87, 8, 67, 23, 80, 56, 79, 29, 78, 71, 55, 38, 57, 34, 80, 66, 38, 77, 44, 79, 83, 56, 61, 30, 75, 78, 44, 38, 6, 72, 36, 28, 47, 79, 91, 54, 78, 39, 43, 65, 82, 0, 51, 30, 18], [61, 58, 58, 45, 34, 36, 32, 36, 19, 37, 34, 33, 55, 5, 40, 37, 25, 12, 32, 47, 4, 31, 58, 58, 23, 44, 49, 34, 23, 50, 22, 48, 42, 58, 35, 44, 31, 39, 44, 16, 57, 31, 29, 37, 43, 29, 24, 39, 45, 33, 55, 38, 36, 12, 30, 7, 41, 48, 41, 38, 51, 26, 41, 6, 42, 51, 21, 50, 49, 51, 45, 42, 48, 27, 67, 16, 35, 41, 51, 0, 52, 32], [23, 50, 5, 41, 87, 89, 84, 79, 32, 35, 75, 71, 71, 49, 37, 60, 64, 47, 85, 100, 50, 83, 13, 5, 68, 37, 60, 82, 66, 30, 30, 32, 62, 7, 75, 96, 32, 92, 35, 65, 10, 74, 40, 88, 55, 71, 77, 34, 64, 39, 4, 90, 81, 42, 68, 50, 63, 64, 33, 41, 1, 70, 62, 48, 62, 23, 71, 63, 3, 73, 61, 95, 28, 74, 15, 37, 80, 67, 30, 52, 0, 32], [30, 29, 37, 52, 62, 65, 61, 49, 18, 44, 65, 39, 76, 27, 47, 59, 54, 21, 61, 75, 28, 58, 43, 36, 39, 50, 66, 66, 54, 18, 18, 16, 30, 39, 65, 69, 0, 69, 13, 48, 31, 62, 41, 62, 24, 60, 53, 44, 32, 43, 36, 63, 51, 19, 59, 26, 64, 68, 45, 48, 31, 57, 63, 25, 31, 19, 53, 33, 28, 41, 64, 73, 46, 59, 45, 26, 50, 65, 18, 32, 32, 0]]
