70 3275.14 0 1680 1 1680
[1867.02, 7390.52, 3635.75, 9651.53, 3973.56, 9614.9, 7390.03, 7277.76, 5052.29, 340.73, 5794.46, 6925.95, 6326.85, 635.91, 266.78, 8505.49, 714.74, 7325.29, 8277.73, 3025.37, 3742.72, 251.04, 9311.19, 1634.61, 7108.03, 493.64, 1561.03, 1487.7, 5290.73, 6191.34, 7117.57, 2943.0, 2682.11, 6259.51, 380.13, 1772.2, 601.89, 7420.21, 1651.15, 8194.92, 1616.08, 3780.64, 4754.79, 9460.61, 546.88, 6289.53, 2894.38, 4998.49, 390.68, 7540.05, 5312.74, 4213.94, 4174.3, 7382.71, 1974.38, 3881.85, 3561.94, 9344.26, 9719.01, 2477.43, 1444.01, 702.1, 8271.43, 8226.93, 3652.5, 1968.12, 8138.09, 2980.36, 316.67, 9601.95]
[7180.65, 5207.46, 6536.57, 4931.68, 2933.32, 7274.97, 6342.62, 4413.18, 4736.9, 4942.82, 5597.99, 2164.89, 5923.67, 6966.48, 2709.75, 4799.02, 7719.69, 7322.26, 2948.8, 2733.06, 7440.48, 6056.91, 5835.47, 7465.04, 3016.52, 7072.33, 4176.58, 6273.44, 2526.59, 3049.66, 7804.93, 7800.56, 6992.18, 4166.67, 3907.25, 6368.9, 7333.18, 6552.37, 3945.07, 2254.1, 2904.54, 2234.34, 3211.35, 4130.29, 2749.63, 6312.01, 4765.33, 2670.11, 5304.92, 5996.58, 4204.96, 5625.31, 4739.77, 2215.89, 4507.13, 6623.46, 2696.97, 3065.34, 7837.04, 4681.2, 2209.09, 4051.59, 7708.05, 5624.28, 4895.07, 5769.74, 6394.13, 7908.67, 7406.2, 4970.53]
[2, 7, 4, 9, 4, 9, 7, 7, 5, 1, 6, 7, 6, 1, 1, 8, 1, 7, 8, 3, 4, 1, 9, 2, 7, 1, 2, 2, 5, 6, 7, 3, 3, 6, 1, 2, 1, 7, 2, 8, 2, 4, 5, 9, 1, 6, 3, 5, 1, 7, 5, 4, 4, 7, 2, 4, 4, 9, 9, 3, 2, 1, 8, 8, 4, 2, 8, 3, 1, 9]
[1, 2, 3, 4, 5, 6, 7, 8, 9, 10, 11, 12, 13, 14, 15, 16, 17, 18, 19, 20, 21, 22, 23, 24, 25, 26, 27, 28, 29, 30, 31, 32, 33, 34, 35, 36, 37, 38, 39, 40, 41, 42, 43, 44, 45, 46, 47, 48, 49, 50, 51, 52, 53, 54, 55, 56, 57, 58, 59, 60, 61, 62, 63, 64, 65, 66, 67, 68, 69, 70]
[1, 2, 1, 3, 1, 3, 2, 2, 3, 3, 3, 2, 3, 3, 3, 2, 3, 2, 2, 2, 1, 3, 3, 1, 2, 3, 1, 1, 3, 3, 2, 2, 2, 3, 3, 1, 3, 2, 1, 2, 1, 1, 3, 3, 3, 3, 2, 3, 3, 2, 3, 1, 1, 2, 1, 1, 1, 3, 3, 2, 1, 3, 2, 2, 1, 1, 2, 2, 3, 3]
[3, 3, 1, 1, 1, 1, 3, 3, 2, 2, 1, 3, 1, 2, 2, 1, 2, 3, 1, 2, 1, 2, 1, 3, 3, 2, 3, 3, 2, 1, 3, 2, 2, 1, 2, 3, 2, 3, 3, 1, 3, 1, 2, 1, 2, 1, 2, 2, 2, 3, 2, 1, 1, 3, 3, 1, 1, 1, 1, 2, 3, 2, 1, 1, 1, 3, 1, 2, 2, 1]
[7, 10, 4, 8, 2, 1, 3, 10, 10, 5, 9, 3, 8, 2, 3, 4, 10, 4, 7, 10, 2, 4, 1, 8, 1, 9, 4, 1, 1, 5, 9, 5, 9, 1, 8, 10, 10, 2, 7, 10, 7, 10, 8, 1, 3, 7, 1, 10, 2, 8, 10, 8, 8, 8, 2, 1, 3, 8, 7, 6, 7, 9, 3, 6, 1, 4, 3, 7, 2, 9]
[3676.23, 2130.43, 2851.27, 3586.16, 1531.01, 3018.25, 2732.8, 2686.94, 3811.18, 3247.44, 3941.09, 3164.99, 1737.05, 2109.14, 4128.57, 2924.34, 3176.71, 2868.14, 3683.06, 3203.21, 1936.63, 2905.65, 1934.34, 2949.94, 2807.48, 3958.91, 2846.71, 2261.86, 2605.5, 2953.18, 1890.78, 3335.46, 3396.8, 3600.68, 4156.32, 2647.88, 1899.69, 2487.18, 3662.48, 3245.01, 3726.16, 1839.39, 2245.82, 3650.67, 3603.9, 3703.57, 3669.71, 2297.65, 2213.2, 1649.53, 2066.87, 3190.49, 2375.44, 4123.49, 2344.71, 2812.42, 3114.94, 2594.88, 3654.49, 2531.63, 3708.39, 3730.73, 3739.89, 2762.27, 2736.12, 2856.45, 2735.41, 3638.89, 2385.4, 3250.11]
[0.32, 0.35, 0.52, 0.39, 0.58, 0.83, 0.06, 0.45, 0.46, 0.67, 0.71, 0.14, 0.39, 0.52, 0.2, 0.61, 0.44, 0.54, 0.43, 0.47, 0.54, 0.67, 0.3, 0.25, 0.32, 0.31, 0.67, 0.71, 0.72, 0.88, 0.76, 0.92, 0.66, 0.78, 0.4, 0.35, 0.45, 0.28, 0.42, 0.36, 0.35, 0.44, 0.41, 0.66, 0.16, 0.21, 0.28, 0.33, 0.33, 0.25, 0.32, 0.4, 0.3, 0.36, 0.29, 0.36, 0.24, 0.33, 0.36, 0.81, 0.4, 0.77, 0.11, 0.84, 0.34, 0.57, 0.12, 0.14, 0.55, 0.7]
[0.77, 0.75, 0.55, 0.71, 0.75, 0.9, 0.89, 0.97, 0.99, 0.57, 0.89, 0.69, 0.61, 0.68, 0.52, 0.51, 0.51, 0.61, 1.09, 0.9, 0.81, 0.8, 0.64, 0.72, 1.01, 0.63, 0.82, 0.86, 0.55, 0.95, 0.85, 1.07, 1.06, 1.04, 0.63, 0.86, 0.75, 0.97, 0.78, 0.53, 0.53, 0.9, 0.89, 0.88, 1.08, 0.87, 0.7, 1.04, 0.86, 0.87, 0.78, 0.55, 1.04, 1.02, 0.57, 1.08, 0.54, 1.02, 0.61, 0.88, 1.09, 0.55, 0.77, 0.96, 0.87, 1.06, 0.89, 0.71, 1.09, 0.53]
[0.58, 0.64, 0.78, 0.87, 0.68, 0.76, 0.91, 0.91, 0.73, 1.1, 0.99, 0.52, 0.82, 0.98, 0.84, 0.59, 0.67, 0.65, 1.04, 0.85, 1.06, 0.87, 0.5, 0.71, 0.62, 1.06, 0.72, 1.03, 1.07, 0.98, 0.59, 0.93, 0.58, 0.71, 0.52, 0.94, 0.78, 0.78, 1.05, 0.84, 0.63, 1.08, 0.75, 1.02, 0.79, 0.55, 0.62, 0.53, 0.86, 0.84, 1.04, 0.92, 0.64, 0.8, 1.07, 0.57, 0.66, 0.5, 0.54, 0.55, 0.9, 1.04, 1.01, 1.1, 0.72, 0.68, 0.95, 1.05, 1.0, 0.95]
[0.77, 1.06, 1.06, 0.89, 0.94, 0.69, 0.74, 1.04, 0.82, 1.08, 0.87, 0.99, 0.87, 0.98, 0.55, 0.62, 0.84, 0.69, 0.98, 0.67, 0.69, 0.86, 0.85, 0.87, 1.06, 0.61, 0.89, 0.99, 0.93, 0.66, 1.02, 0.92, 1.09, 1.09, 0.54, 0.75, 0.67, 0.66, 0.59, 0.79, 0.51, 0.53, 0.9, 0.59, 0.67, 0.67, 0.63, 0.97, 0.95, 0.84, 0.61, 1.01, 1.08, 1.1, 0.54, 0.68, 0.85, 0.6, 0.76, 0.69, 0.96, 0.89, 0.9, 0.79, 0.94, 1.07, 0.68, 1.05, 0.93, 0.56]
[0.72, 0.76, 0.86, 0.93, 0.86, 0.51, 0.73, 0.79, 0.98, 1.09, 0.54, 1.07, 1.02, 0.9, 0.71, 0.87, 0.95, 1.02, 0.51, 0.57, 0.72, 0.93, 0.74, 1.07, 1.01, 0.7, 0.64, 1.09, 0.5, 0.56, 0.58, 1.0, 0.61, 1.06, 0.53, 0.63, 0.52, 1.08, 0.9, 0.81, 1.05, 0.96, 0.89, 0.73, 0.58, 1.04, 0.72, 0.74, 1.07, 1.06, 0.74, 1.08, 0.88, 1.06, 0.71, 0.56, 0.82, 0.98, 0.92, 0.87, 0.99, 1.08, 0.75, 0.8, 0.51, 0.93, 0.97, 0.9, 0.93, 0.92]
[0.59, 0.82, 1.02, 1.07, 0.77, 0.69, 0.71, 0.75, 0.69, 1.0, 0.74, 0.75, 0.77, 1.09, 0.55, 0.7, 0.51, 1.08, 1.04, 0.5, 0.66, 0.78, 0.57, 0.62, 0.64, 0.98, 0.71, 0.56, 0.71, 0.95, 0.92, 0.64, 0.94, 0.66, 0.91, 0.76, 0.75, 0.75, 0.5, 0.82, 1.04, 1.04, 1.09, 0.8, 0.64, 0.78, 0.91, 0.9, 1.01, 0.65, 1.05, 0.68, 1.04, 0.86, 0.86, 1.03, 0.75, 0.7, 0.51, 0.87, 0.57, 0.98, 0.86, 1.08, 0.72, 1.03, 1.02, 0.81, 1.03, 0.93]
[0.15, 0.32, 0.4, 0.54, 0.32, 0.16, 0.31, 0.55, 0.4, 0.73, 0.31, 0.28, 0.34, 0.64, 0.09, 0.11, 0.14, 0.3, 0.58, 0.15, 0.28, 0.44, 0.12, 0.3, 0.43, 0.28, 0.24, 0.54, 0.19, 0.32, 0.27, 0.59, 0.38, 0.56, 0.09, 0.29, 0.16, 0.4, 0.22, 0.23, 0.19, 0.51, 0.59, 0.31, 0.21, 0.26, 0.18, 0.35, 0.76, 0.42, 0.39, 0.37, 0.66, 0.81, 0.2, 0.24, 0.19, 0.21, 0.12, 0.25, 0.53, 0.54, 0.45, 0.72, 0.21, 0.74, 0.57, 0.57, 0.97, 0.24]
[125.86, 529.57, 284.4, 898.32, 697.89, 1510.59, 155.73, 538.88, 470.34, 356.82, 615.39, 136.71, 979.85, 839.56, 161.73, 388.28, 554.38, 467.32, 257.71, 568.22, 763.98, 300.22, 1138.56, 707.97, 1099.8, 469.68, 472.77, 1320.16, 1940.81, 486.92, 705.28, 491.05, 567.01, 1874.64, 753.05, 426.5, 510.35, 705.83, 242.7, 523.7, 213.11, 453.68, 895.14, 1527.1, 147.51, 112.45, 1267.46, 422.16, 783.82, 453.22, 499.22, 841.51, 693.58, 904.67, 852.55, 1369.08, 181.22, 572.24, 186.16, 369.0, 284.67, 825.37, 158.68, 503.76, 1160.05, 605.52, 159.62, 146.48, 986.72, 618.31]
[19.09, 162.22, 110.23, 484.95, 244.51, 228.88, 45.47, 287.33, 182.05, 251.66, 185.2, 36.05, 340.63, 513.79, 15.84, 37.94, 68.88, 144.07, 150.52, 79.62, 230.22, 134.16, 119.81, 221.23, 458.74, 130.5, 119.84, 719.82, 345.05, 167.01, 195.17, 286.41, 215.18, 1075.05, 56.13, 123.82, 77.68, 276.57, 49.23, 111.11, 35.45, 218.21, 533.79, 465.5, 28.42, 29.95, 193.05, 152.61, 580.39, 199.4, 187.81, 310.86, 447.33, 745.0, 155.46, 306.26, 30.05, 127.31, 23.09, 95.97, 143.02, 445.35, 71.05, 363.52, 238.64, 461.45, 90.1, 80.15, 953.37, 162.54]
[129.31, 2147.84, 922.01, 3991.62, 2989.44, 7052.94, 278.63, 2194.42, 1851.72, 1284.08, 2576.93, 183.55, 4399.26, 3697.8, 308.64, 1441.41, 2271.91, 1836.59, 788.56, 2341.08, 3319.89, 1001.1, 5192.78, 3039.85, 4998.99, 1848.39, 1863.86, 6100.78, 9204.04, 1934.59, 3026.39, 1955.25, 2335.05, 8873.19, 3265.26, 1632.52, 2051.74, 3029.14, 713.51, 2118.5, 565.56, 1768.41, 3975.7, 7135.48, 237.57, 62.27, 5837.3, 1610.78, 3419.08, 1766.1, 1996.12, 3707.53, 2967.88, 4023.34, 3762.75, 6345.42, 406.12, 2361.22, 430.82, 1345.02, 923.33, 3626.86, 293.38, 2018.8, 5300.24, 2527.62, 298.11, 232.38, 4433.58, 2591.56]
[-404.56, 311.11, 51.14, 1924.73, 722.54, 644.42, -272.63, 936.64, 410.23, 758.3, 426.0, -319.74, 1203.15, 2068.97, -420.8, -310.31, -155.6, 220.34, 252.58, -101.92, 651.1, 170.78, 99.03, 606.13, 1793.69, 152.49, 99.18, 3099.12, 1225.23, 335.06, 475.87, 932.03, 575.89, 4875.25, -219.36, 119.08, -111.58, 882.86, -253.84, 55.55, -322.76, 591.05, 2168.97, 1827.5, -357.91, -350.26, 465.23, 263.07, 2401.96, 497.01, 439.06, 1054.28, 1736.64, 3225.01, 277.28, 1031.29, -349.77, 136.53, -384.57, -20.16, 215.11, 1726.74, -144.76, 1317.58, 693.19, 1807.25, -49.48, -99.24, 4266.83, 312.7]
[73.52, 63.91, 57.03, 143.45, 30.62, 120.73, 81.98, 80.61, 152.45, 129.9, 157.64, 94.95, 69.48, 84.37, 165.14, 87.73, 127.07, 86.04, 110.49, 96.1, 38.73, 116.23, 77.37, 59.0, 84.22, 158.36, 56.93, 45.24, 104.22, 118.13, 56.72, 100.06, 101.9, 144.03, 166.25, 52.96, 75.99, 74.62, 73.25, 97.35, 74.52, 36.79, 89.83, 146.03, 144.16, 148.14, 110.09, 91.91, 88.53, 49.49, 82.67, 63.81, 47.51, 123.7, 46.89, 56.25, 62.3, 103.8, 146.18, 75.95, 74.17, 149.23, 112.2, 82.87, 54.72, 57.13, 82.06, 109.17, 95.42, 130.0]
[73, 85, 57, 215, 30, 181, 109, 107, 228, 194, 236, 126, 104, 126, 247, 116, 190, 114, 147, 128, 38, 174, 116, 58, 112, 237, 56, 45, 156, 177, 75, 133, 135, 216, 249, 52, 113, 99, 73, 129, 74, 36, 134, 219, 216, 222, 146, 137, 132, 65, 124, 63, 47, 164, 46, 56, 62, 155, 219, 101, 74, 223, 149, 110, 54, 57, 109, 145, 143, 195]
[619, 649, 751, 333, 1059, 610, 610, 1231, 1668, 422, 906, 482, 587, 1396, 857, 1665, 608, 746, 1238, 604, 556, 21, 540, 1675, 1524, 866, 731, 1146, 1102, 1164, 1602, 1604, 447, 418, 718, 963, 984, 479, 1386, 1624, 751, 1256, 41, 1194, 1334, 771, 1596, 1660, 305, 910, 298, 863, 1162, 824, 950, 1549, 393, 1201, 338, 500, 1553, 355, 204, 75, 918, 1012, 706, 1043, 1371, 1100]
[831, 1680, 1230, 1612, 1538, 1578, 1680, 1680, 1680, 945, 1680, 1005, 843, 1680, 1680, 1680, 1680, 1180, 1680, 816, 1680, 455, 708, 1680, 1680, 1656, 1032, 1314, 1680, 1465, 1680, 1680, 1371, 1680, 1680, 1620, 1680, 1669, 1554, 1680, 1363, 1680, 342, 1680, 1680, 1680, 1680, 1680, 1680, 1300, 910, 1680, 1680, 1680, 1607, 1680, 561, 1680, 1173, 890, 1680, 1501, 950, 376, 1680, 1680, 1318, 1299, 1680, 1401]
2
[0.0, 0.0]
[0.0, 0.0]
[[0.0, 0.0, 100.0, 122.0, 101.0, 146.0, 66.0, 162.0, 131.0, 115.0, 93.0, 67.0, 108.0, 98.0, 117.0, 94.0, 37.0, 131.0, 104.0, 139.0, 118.0, 55.0, 112.0, 82.0, 148.0, 103.0, 104.0, 95.0, 60.0, 87.0, 79.0, 93.0, 142.0, 112.0, 101.0, 101.0, 53.0, 89.0, 99.0, 133.0, 58.0, 114.0, 45.0, 59.0, 77.0, 139.0, 38.0, 120.0, 75.0, 76.0, 72.0, 130.0, 91.0, 95.0, 85.0, 104.0, 66.0, 103.0, 60.0, 132.0, 168.0, 71.0, 36.0, 55.0, 152.0, 134.0, 82.0, 82.0, 139.0, 114.0, 100.0, 145.0], [0.0, 0.0, 100.0, 122.0, 101.0, 146.0, 66.0, 162.0, 131.0, 115.0, 93.0, 67.0, 108.0, 98.0, 117.0, 94.0, 37.0, 131.0, 104.0, 139.0, 118.0, 55.0, 112.0, 82.0, 148.0, 103.0, 104.0, 95.0, 60.0, 87.0, 79.0, 93.0, 142.0, 112.0, 101.0, 101.0, 53.0, 89.0, 99.0, 133.0, 58.0, 114.0, 45.0, 59.0, 77.0, 139.0, 38.0, 120.0, 75.0, 76.0, 72.0, 130.0, 91.0, 95.0, 85.0, 104.0, 66.0, 103.0, 60.0, 132.0, 168.0, 71.0, 36.0, 55.0, 152.0, 134.0, 82.0, 82.0, 139.0, 114.0, 100.0, 145.0], [100.0, 100.0, 0.0, 79.0, 25.0, 109.0, 64.0, 104.0, 75.0, 82.0, 54.0, 36.0, 57.0, 96.0, 62.0, 17.0, 64.0, 95.0, 17.0, 73.0, 103.0, 62.0, 25.0, 26.0, 102.0, 5.0, 90.0, 19.0, 41.0, 13.0, 78.0, 80.0, 71.0, 17.0, 11.0, 72.0, 48.0, 11.0, 17.0, 75.0, 44.0, 108.0, 58.0, 71.0, 66.0, 110.0, 62.0, 61.0, 35.0, 74.0, 32.0, 78.0, 61.0, 38.0, 45.0, 100.0, 36.0, 28.0, 64.0, 115.0, 106.0, 35.0, 67.0, 45.0, 86.0, 88.0, 39.0, 19.0, 85.0, 18.0, 21.0, 108.0], [122.0, 122.0, 79.0, 0.0, 54.0, 31.0, 55.0, 41.0, 15.0, 11.0, 32.0, 95.0, 22.0, 41.0, 17.0, 94.0, 102.0, 16.0, 96.0, 28.0, 33.0, 68.0, 58.0, 97.0, 27.0, 83.0, 30.0, 96.0, 80.0, 81.0, 46.0, 33.0, 35.0, 69.0, 68.0, 21.0, 96.0, 77.0, 96.0, 18.0, 79.0, 41.0, 84.0, 63.0, 44.0, 31.0, 98.0, 21.0, 61.0, 47.0, 94.0, 11.0, 31.0, 43.0, 44.0, 40.0, 73.0, 51.0, 62.0, 39.0, 47.0, 66.0, 90.0, 91.0, 36.0, 13.0, 50.0, 73.0, 19.0, 70.0, 100.0, 30.0], [101.0, 101.0, 25.0, 54.0, 0.0, 84.0, 49.0, 81.0, 51.0, 57.0, 31.0, 49.0, 32.0, 74.0, 37.0, 41.0, 69.0, 70.0, 42.0, 51.0, 79.0, 52.0, 12.0, 46.0, 77.0, 30.0, 67.0, 43.0, 42.0, 29.0, 58.0, 58.0, 50.0, 19.0, 14.0, 48.0, 56.0, 25.0, 42.0, 51.0, 44.0, 84.0, 56.0, 58.0, 47.0, 85.0, 66.0, 36.0, 26.0, 55.0, 47.0, 53.0, 39.0, 15.0, 25.0, 77.0, 35.0, 3.0, 52.0, 90.0, 84.0, 29.0, 65.0, 52.0, 64.0, 63.0, 22.0, 25.0, 61.0, 20.0, 46.0, 83.0], [146.0, 146.0, 109.0, 31.0, 84.0, 0.0, 81.0, 32.0, 36.0, 33.0, 62.0, 125.0, 53.0, 52.0, 47.0, 124.0, 130.0, 16.0, 126.0, 45.0, 32.0, 94.0, 86.0, 127.0, 13.0, 113.0, 43.0, 127.0, 109.0, 111.0, 67.0, 53.0, 52.0, 98.0, 98.0, 47.0, 126.0, 108.0, 126.0, 37.0, 108.0, 41.0, 112.0, 87.0, 70.0, 11.0, 126.0, 49.0, 91.0, 70.0, 125.0, 32.0, 59.0, 74.0, 74.0, 48.0, 103.0, 81.0, 87.0, 25.0, 39.0, 97.0, 116.0, 121.0, 42.0, 21.0, 81.0, 104.0, 28.0, 98.0, 130.0, 1.0], [66.0, 66.0, 64.0, 55.0, 49.0, 81.0, 0.0, 96.0, 65.0, 49.0, 28.0, 56.0, 43.0, 41.0, 51.0, 70.0, 50.0, 66.0, 78.0, 74.0, 58.0, 13.0, 61.0, 65.0, 82.0, 69.0, 42.0, 73.0, 37.0, 56.0, 19.0, 30.0, 78.0, 67.0, 57.0, 35.0, 50.0, 55.0, 75.0, 67.0, 34.0, 58.0, 32.0, 10.0, 11.0, 76.0, 46.0, 55.0, 29.0, 14.0, 58.0, 63.0, 25.0, 36.0, 24.0, 47.0, 34.0, 50.0, 6.0, 72.0, 102.0, 31.0, 35.0, 47.0, 86.0, 68.0, 27.0, 47.0, 73.0, 68.0, 78.0, 81.0], [162.0, 162.0, 104.0, 41.0, 81.0, 32.0, 96.0, 0.0, 32.0, 50.0, 70.0, 129.0, 56.0, 78.0, 48.0, 121.0, 140.0, 37.0, 120.0, 31.0, 61.0, 108.0, 79.0, 127.0, 20.0, 107.0, 66.0, 123.0, 116.0, 110.0, 86.0, 73.0, 34.0, 90.0, 93.0, 62.0, 132.0, 106.0, 121.0, 31.0, 116.0, 70.0, 123.0, 104.0, 85.0, 42.0, 136.0, 47.0, 97.0, 88.0, 127.0, 33.0, 71.0, 76.0, 81.0, 74.0, 109.0, 78.0, 102.0, 57.0, 8.0, 102.0, 129.0, 128.0, 19.0, 29.0, 86.0, 105.0, 23.0, 90.0, 125.0, 31.0], [131.0, 131.0, 75.0, 15.0, 51.0, 36.0, 65.0, 32.0, 0.0, 26.0, 38.0, 97.0, 24.0, 57.0, 15.0, 91.0, 108.0, 26.0, 92.0, 13.0, 47.0, 76.0, 51.0, 96.0, 27.0, 79.0, 45.0, 93.0, 84.0, 79.0, 59.0, 47.0, 20.0, 63.0, 64.0, 33.0, 100.0, 76.0, 92.0, 3.0, 84.0, 56.0, 90.0, 74.0, 55.0, 41.0, 104.0, 15.0, 64.0, 59.0, 95.0, 5.0, 40.0, 44.0, 48.0, 56.0, 77.0, 47.0, 71.0, 51.0, 37.0, 70.0, 97.0, 95.0, 22.0, 15.0, 54.0, 73.0, 10.0, 63.0, 96.0, 35.0], [115.0, 115.0, 82.0, 11.0, 57.0, 33.0, 49.0, 50.0, 26.0, 0.0, 30.0, 94.0, 26.0, 31.0, 24.0, 96.0, 97.0, 17.0, 99.0, 39.0, 24.0, 62.0, 63.0, 97.0, 33.0, 86.0, 19.0, 98.0, 77.0, 82.0, 37.0, 23.0, 46.0, 74.0, 71.0, 14.0, 93.0, 79.0, 98.0, 29.0, 76.0, 32.0, 79.0, 55.0, 38.0, 30.0, 93.0, 29.0, 59.0, 39.0, 93.0, 22.0, 27.0, 44.0, 42.0, 30.0, 71.0, 55.0, 55.0, 33.0, 57.0, 65.0, 84.0, 89.0, 46.0, 21.0, 49.0, 74.0, 29.0, 75.0, 102.0, 32.0], [93.0, 93.0, 54.0, 32.0, 31.0, 62.0, 28.0, 70.0, 38.0, 30.0, 0.0, 63.0, 15.0, 43.0, 23.0, 67.0, 70.0, 46.0, 71.0, 46.0, 50.0, 38.0, 40.0, 67.0, 59.0, 59.0, 36.0, 69.0, 48.0, 52.0, 30.0, 27.0, 50.0, 50.0, 44.0, 18.0, 64.0, 49.0, 69.0, 40.0, 47.0, 54.0, 52.0, 38.0, 21.0, 60.0, 66.0, 27.0, 29.0, 28.0, 63.0, 38.0, 8.0, 16.0, 12.0, 46.0, 42.0, 30.0, 34.0, 62.0, 75.0, 35.0, 59.0, 59.0, 59.0, 44.0, 19.0, 44.0, 47.0, 51.0, 73.0, 61.0], [67.0, 67.0, 36.0, 95.0, 49.0, 125.0, 56.0, 129.0, 97.0, 94.0, 63.0, 0.0, 74.0, 96.0, 82.0, 28.0, 30.0, 110.0, 38.0, 99.0, 110.0, 47.0, 57.0, 15.0, 121.0, 38.0, 95.0, 29.0, 19.0, 24.0, 74.0, 83.0, 99.0, 52.0, 42.0, 80.0, 14.0, 27.0, 32.0, 98.0, 22.0, 112.0, 32.0, 59.0, 64.0, 123.0, 30.0, 82.0, 34.0, 70.0, 5.0, 98.0, 68.0, 53.0, 52.0, 102.0, 23.0, 53.0, 53.0, 124.0, 132.0, 29.0, 40.0, 13.0, 113.0, 107.0, 45.0, 25.0, 107.0, 53.0, 33.0, 125.0], [108.0, 108.0, 57.0, 22.0, 32.0, 53.0, 43.0, 56.0, 24.0, 26.0, 15.0, 74.0, 0.0, 49.0, 8.0, 72.0, 84.0, 38.0, 74.0, 31.0, 49.0, 54.0, 37.0, 75.0, 47.0, 61.0, 39.0, 74.0, 60.0, 59.0, 42.0, 35.0, 35.0, 48.0, 46.0, 20.0, 76.0, 55.0, 74.0, 25.0, 60.0, 55.0, 67.0, 53.0, 35.0, 53.0, 80.0, 12.0, 41.0, 41.0, 73.0, 24.0, 20.0, 21.0, 25.0, 50.0, 53.0, 29.0, 49.0, 59.0, 61.0, 46.0, 74.0, 72.0, 44.0, 33.0, 30.0, 52.0, 33.0, 49.0, 78.0, 52.0], [98.0, 98.0, 96.0, 41.0, 74.0, 52.0, 41.0, 78.0, 57.0, 31.0, 43.0, 96.0, 49.0, 0.0, 51.0, 106.0, 90.0, 41.0, 112.0, 70.0, 21.0, 53.0, 83.0, 104.0, 59.0, 101.0, 12.0, 109.0, 77.0, 92.0, 23.0, 15.0, 76.0, 93.0, 86.0, 28.0, 91.0, 89.0, 110.0, 59.0, 75.0, 17.0, 72.0, 42.0, 32.0, 43.0, 86.0, 56.0, 65.0, 27.0, 98.0, 52.0, 35.0, 59.0, 51.0, 6.0, 74.0, 73.0, 46.0, 35.0, 85.0, 69.0, 74.0, 88.0, 77.0, 50.0, 57.0, 82.0, 59.0, 94.0, 114.0, 52.0], [117.0, 117.0, 62.0, 17.0, 37.0, 47.0, 51.0, 48.0, 15.0, 24.0, 23.0, 82.0, 8.0, 51.0, 0.0, 78.0, 92.0, 33.0, 79.0, 23.0, 48.0, 62.0, 40.0, 82.0, 40.0, 66.0, 41.0, 80.0, 68.0, 65.0, 48.0, 39.0, 27.0, 52.0, 51.0, 24.0, 84.0, 62.0, 79.0, 17.0, 68.0, 55.0, 75.0, 60.0, 42.0, 49.0, 89.0, 5.0, 49.0, 47.0, 80.0, 16.0, 27.0, 29.0, 33.0, 52.0, 62.0, 34.0, 57.0, 56.0, 52.0, 54.0, 83.0, 80.0, 36.0, 26.0, 39.0, 59.0, 25.0, 52.0, 83.0, 46.0], [94.0, 94.0, 17.0, 94.0, 41.0, 124.0, 70.0, 121.0, 91.0, 96.0, 67.0, 28.0, 72.0, 106.0, 78.0, 0.0, 57.0, 110.0, 10.0, 90.0, 116.0, 65.0, 42.0, 13.0, 118.0, 15.0, 102.0, 2.0, 40.0, 15.0, 87.0, 91.0, 88.0, 33.0, 28.0, 85.0, 41.0, 17.0, 5.0, 91.0, 43.0, 120.0, 56.0, 76.0, 75.0, 125.0, 57.0, 77.0, 42.0, 82.0, 23.0, 94.0, 73.0, 51.0, 56.0, 111.0, 38.0, 44.0, 70.0, 128.0, 123.0, 39.0, 65.0, 39.0, 103.0, 104.0, 49.0, 24.0, 101.0, 34.0, 7.0, 124.0], [37.0, 37.0, 64.0, 102.0, 69.0, 130.0, 50.0, 140.0, 108.0, 97.0, 70.0, 30.0, 84.0, 90.0, 92.0, 57.0, 0.0, 114.0, 68.0, 113.0, 108.0, 37.0, 79.0, 45.0, 129.0, 67.0, 92.0, 59.0, 26.0, 51.0, 68.0, 80.0, 115.0, 77.0, 66.0, 83.0, 16.0, 53.0, 62.0, 109.0, 25.0, 107.0, 18.0, 48.0, 61.0, 125.0, 4.0, 94.0, 45.0, 64.0, 35.0, 107.0, 71.0, 66.0, 59.0, 96.0, 33.0, 72.0, 44.0, 122.0, 145.0, 40.0, 17.0, 19.0, 127.0, 114.0, 54.0, 47.0, 117.0, 79.0, 63.0, 129.0], [131.0, 131.0, 95.0, 16.0, 70.0, 16.0, 66.0, 37.0, 26.0, 17.0, 46.0, 110.0, 38.0, 41.0, 33.0, 110.0, 114.0, 0.0, 112.0, 37.0, 25.0, 79.0, 73.0, 112.0, 18.0, 99.0, 30.0, 112.0, 94.0, 96.0, 53.0, 39.0, 45.0, 85.0, 84.0, 31.0, 110.0, 93.0, 112.0, 28.0, 93.0, 34.0, 96.0, 72.0, 55.0, 16.0, 111.0, 36.0, 76.0, 55.0, 109.0, 21.0, 44.0, 59.0, 58.0, 38.0, 88.0, 67.0, 72.0, 26.0, 44.0, 81.0, 101.0, 105.0, 39.0, 12.0, 65.0, 89.0, 22.0, 85.0, 116.0, 15.0], [104.0, 104.0, 17.0, 96.0, 42.0, 126.0, 78.0, 120.0, 92.0, 99.0, 71.0, 38.0, 74.0, 112.0, 79.0, 10.0, 68.0, 112.0, 0.0, 89.0, 120.0, 74.0, 41.0, 23.0, 118.0, 13.0, 107.0, 9.0, 49.0, 22.0, 93.0, 97.0, 86.0, 30.0, 28.0, 89.0, 51.0, 23.0, 5.0, 92.0, 52.0, 125.0, 66.0, 85.0, 81.0, 127.0, 67.0, 77.0, 49.0, 89.0, 33.0, 95.0, 78.0, 55.0, 61.0, 116.0, 46.0, 45.0, 78.0, 132.0, 121.0, 47.0, 75.0, 49.0, 102.0, 105.0, 55.0, 31.0, 101.0, 31.0, 7.0, 125.0], [139.0, 139.0, 73.0, 28.0, 51.0, 45.0, 74.0, 31.0, 13.0, 39.0, 46.0, 99.0, 31.0, 70.0, 23.0, 90.0, 113.0, 37.0, 89.0, 0.0, 60.0, 85.0, 48.0, 97.0, 33.0, 77.0, 58.0, 92.0, 88.0, 80.0, 70.0, 59.0, 7.0, 59.0, 63.0, 45.0, 104.0, 76.0, 90.0, 10.0, 89.0, 69.0, 97.0, 83.0, 65.0, 52.0, 110.0, 19.0, 69.0, 70.0, 97.0, 18.0, 50.0, 48.0, 55.0, 69.0, 81.0, 47.0, 80.0, 63.0, 33.0, 74.0, 105.0, 99.0, 14.0, 26.0, 59.0, 75.0, 17.0, 59.0, 94.0, 44.0], [118.0, 118.0, 103.0, 33.0, 79.0, 32.0, 58.0, 61.0, 47.0, 24.0, 50.0, 110.0, 49.0, 21.0, 48.0, 116.0, 108.0, 25.0, 120.0, 60.0, 0.0, 71.0, 86.0, 116.0, 41.0, 108.0, 16.0, 119.0, 92.0, 102.0, 41.0, 28.0, 67.0, 97.0, 93.0, 32.0, 107.0, 99.0, 119.0, 50.0, 90.0, 9.0, 90.0, 61.0, 48.0, 22.0, 104.0, 53.0, 76.0, 44.0, 111.0, 42.0, 43.0, 65.0, 60.0, 16.0, 87.0, 77.0, 64.0, 14.0, 69.0, 81.0, 92.0, 103.0, 64.0, 36.0, 68.0, 93.0, 46.0, 98.0, 123.0, 33.0], [55.0, 55.0, 62.0, 68.0, 52.0, 94.0, 13.0, 108.0, 76.0, 62.0, 38.0, 47.0, 54.0, 53.0, 62.0, 65.0, 37.0, 79.0, 74.0, 85.0, 71.0, 0.0, 64.0, 58.0, 94.0, 66.0, 55.0, 68.0, 28.0, 52.0, 31.0, 43.0, 88.0, 68.0, 57.0, 48.0, 39.0, 52.0, 70.0, 78.0, 25.0, 70.0, 19.0, 12.0, 24.0, 89.0, 33.0, 65.0, 27.0, 27.0, 50.0, 75.0, 37.0, 42.0, 31.0, 59.0, 28.0, 54.0, 7.0, 85.0, 113.0, 27.0, 22.0, 36.0, 97.0, 80.0, 30.0, 43.0, 85.0, 70.0, 73.0, 93.0], [112.0, 112.0, 25.0, 58.0, 12.0, 86.0, 61.0, 79.0, 51.0, 63.0, 40.0, 57.0, 37.0, 83.0, 40.0, 42.0, 79.0, 73.0, 41.0, 48.0, 86.0, 64.0, 0.0, 51.0, 78.0, 28.0, 75.0, 44.0, 53.0, 34.0, 69.0, 68.0, 46.0, 12.0, 15.0, 56.0, 66.0, 30.0, 42.0, 51.0, 55.0, 92.0, 67.0, 70.0, 59.0, 89.0, 76.0, 37.0, 38.0, 66.0, 53.0, 55.0, 48.0, 25.0, 37.0, 86.0, 46.0, 11.0, 64.0, 96.0, 81.0, 41.0, 77.0, 61.0, 61.0, 65.0, 34.0, 33.0, 61.0, 12.0, 46.0, 86.0], [82.0, 82.0, 26.0, 97.0, 46.0, 127.0, 65.0, 127.0, 96.0, 97.0, 67.0, 15.0, 75.0, 104.0, 82.0, 13.0, 45.0, 112.0, 23.0, 97.0, 116.0, 58.0, 51.0, 0.0, 122.0, 27.0, 101.0, 14.0, 31.0, 17.0, 83.0, 90.0, 95.0, 43.0, 35.0, 85.0, 29.0, 21.0, 18.0, 97.0, 34.0, 119.0, 46.0, 70.0, 72.0, 127.0, 45.0, 81.0, 40.0, 78.0, 10.0, 98.0, 73.0, 54.0, 56.0, 109.0, 31.0, 49.0, 63.0, 129.0, 130.0, 35.0, 54.0, 28.0, 110.0, 107.0, 48.0, 23.0, 106.0, 44.0, 18.0, 127.0], [148.0, 148.0, 102.0, 27.0, 77.0, 13.0, 82.0, 20.0, 27.0, 33.0, 59.0, 121.0, 47.0, 59.0, 40.0, 118.0, 129.0, 18.0, 118.0, 33.0, 41.0, 94.0, 78.0, 122.0, 0.0, 106.0, 48.0, 120.0, 107.0, 105.0, 70.0, 56.0, 40.0, 90.0, 91.0, 47.0, 123.0, 102.0, 119.0, 27.0, 106.0, 50.0, 111.0, 89.0, 71.0, 23.0, 125.0, 41.0, 88.0, 72.0, 120.0, 24.0, 58.0, 69.0, 71.0, 55.0, 100.0, 74.0, 88.0, 37.0, 27.0, 93.0, 117.0, 118.0, 29.0, 15.0, 77.0, 99.0, 17.0, 90.0, 123.0, 12.0], [103.0, 103.0, 5.0, 83.0, 30.0, 113.0, 69.0, 107.0, 79.0, 86.0, 59.0, 38.0, 61.0, 101.0, 66.0, 15.0, 67.0, 99.0, 13.0, 77.0, 108.0, 66.0, 28.0, 27.0, 106.0, 0.0, 95.0, 16.0, 44.0, 16.0, 83.0, 85.0, 74.0, 18.0, 15.0, 76.0, 51.0, 15.0, 14.0, 79.0, 47.0, 113.0, 61.0, 76.0, 71.0, 114.0, 65.0, 65.0, 40.0, 79.0, 34.0, 82.0, 66.0, 43.0, 50.0, 105.0, 40.0, 32.0, 69.0, 119.0, 109.0, 39.0, 71.0, 48.0, 89.0, 92.0, 44.0, 23.0, 89.0, 19.0, 18.0, 112.0], [104.0, 104.0, 90.0, 30.0, 67.0, 43.0, 42.0, 66.0, 45.0, 19.0, 36.0, 95.0, 39.0, 12.0, 41.0, 102.0, 92.0, 30.0, 107.0, 58.0, 16.0, 55.0, 75.0, 101.0, 48.0, 95.0, 0.0, 104.0, 76.0, 87.0, 25.0, 12.0, 64.0, 85.0, 80.0, 19.0, 91.0, 85.0, 105.0, 48.0, 74.0, 18.0, 74.0, 46.0, 32.0, 35.0, 88.0, 46.0, 61.0, 29.0, 95.0, 41.0, 29.0, 52.0, 46.0, 11.0, 72.0, 65.0, 48.0, 30.0, 74.0, 66.0, 77.0, 87.0, 65.0, 38.0, 53.0, 78.0, 48.0, 86.0, 109.0, 43.0], [95.0, 95.0, 19.0, 96.0, 43.0, 127.0, 73.0, 123.0, 93.0, 98.0, 69.0, 29.0, 74.0, 109.0, 80.0, 2.0, 59.0, 112.0, 9.0, 92.0, 119.0, 68.0, 44.0, 14.0, 120.0, 16.0, 104.0, 0.0, 42.0, 17.0, 89.0, 94.0, 90.0, 34.0, 29.0, 87.0, 43.0, 20.0, 4.0, 93.0, 45.0, 122.0, 58.0, 79.0, 77.0, 127.0, 58.0, 79.0, 45.0, 85.0, 24.0, 96.0, 75.0, 54.0, 59.0, 113.0, 40.0, 46.0, 72.0, 131.0, 125.0, 42.0, 67.0, 41.0, 105.0, 106.0, 52.0, 26.0, 103.0, 35.0, 5.0, 126.0], [60.0, 60.0, 41.0, 80.0, 42.0, 109.0, 37.0, 116.0, 84.0, 77.0, 48.0, 19.0, 60.0, 77.0, 68.0, 40.0, 26.0, 94.0, 49.0, 88.0, 92.0, 28.0, 53.0, 31.0, 107.0, 44.0, 76.0, 42.0, 0.0, 28.0, 55.0, 64.0, 89.0, 52.0, 41.0, 63.0, 16.0, 30.0, 44.0, 85.0, 3.0, 93.0, 17.0, 40.0, 45.0, 106.0, 24.0, 70.0, 20.0, 51.0, 22.0, 84.0, 50.0, 41.0, 36.0, 83.0, 7.0, 45.0, 33.0, 106.0, 120.0, 14.0, 27.0, 12.0, 102.0, 92.0, 30.0, 22.0, 93.0, 54.0, 47.0, 109.0], [87.0, 87.0, 13.0, 81.0, 29.0, 111.0, 56.0, 110.0, 79.0, 82.0, 52.0, 24.0, 59.0, 92.0, 65.0, 15.0, 51.0, 96.0, 22.0, 80.0, 102.0, 52.0, 34.0, 17.0, 105.0, 16.0, 87.0, 17.0, 28.0, 0.0, 72.0, 77.0, 79.0, 28.0, 19.0, 70.0, 35.0, 4.0, 19.0, 80.0, 31.0, 105.0, 45.0, 62.0, 60.0, 111.0, 49.0, 65.0, 28.0, 68.0, 20.0, 82.0, 59.0, 38.0, 42.0, 96.0, 25.0, 33.0, 56.0, 114.0, 113.0, 25.0, 55.0, 32.0, 93.0, 91.0, 35.0, 9.0, 89.0, 30.0, 22.0, 111.0], [79.0, 79.0, 78.0, 46.0, 58.0, 67.0, 19.0, 86.0, 59.0, 37.0, 30.0, 74.0, 42.0, 23.0, 48.0, 87.0, 68.0, 53.0, 93.0, 70.0, 41.0, 31.0, 69.0, 83.0, 70.0, 83.0, 25.0, 89.0, 55.0, 72.0, 0.0, 14.0, 75.0, 78.0, 70.0, 26.0, 69.0, 70.0, 90.0, 61.0, 53.0, 39.0, 50.0, 21.0, 12.0, 60.0, 64.0, 53.0, 44.0, 4.0, 76.0, 56.0, 23.0, 44.0, 33.0, 28.0, 52.0, 58.0, 23.0, 55.0, 93.0, 48.0, 52.0, 65.0, 80.0, 57.0, 39.0, 62.0, 65.0, 79.0, 94.0, 67.0], [93.0, 93.0, 80.0, 33.0, 58.0, 53.0, 30.0, 73.0, 47.0, 23.0, 27.0, 83.0, 35.0, 15.0, 39.0, 91.0, 80.0, 39.0, 97.0, 59.0, 28.0, 43.0, 68.0, 90.0, 56.0, 85.0, 12.0, 94.0, 64.0, 77.0, 14.0, 0.0, 65.0, 77.0, 71.0, 15.0, 79.0, 74.0, 95.0, 50.0, 62.0, 29.0, 62.0, 34.0, 19.0, 46.0, 76.0, 44.0, 50.0, 17.0, 84.0, 44.0, 20.0, 44.0, 35.0, 20.0, 60.0, 57.0, 36.0, 42.0, 80.0, 55.0, 65.0, 75.0, 69.0, 44.0, 42.0, 68.0, 52.0, 78.0, 98.0, 53.0], [142.0, 142.0, 71.0, 35.0, 50.0, 52.0, 78.0, 34.0, 20.0, 46.0, 50.0, 99.0, 35.0, 76.0, 27.0, 88.0, 115.0, 45.0, 86.0, 7.0, 67.0, 88.0, 46.0, 95.0, 40.0, 74.0, 64.0, 90.0, 89.0, 79.0, 75.0, 65.0, 0.0, 56.0, 61.0, 50.0, 105.0, 74.0, 88.0, 17.0, 90.0, 76.0, 99.0, 87.0, 70.0, 59.0, 112.0, 23.0, 70.0, 75.0, 97.0, 25.0, 54.0, 49.0, 57.0, 75.0, 82.0, 46.0, 84.0, 70.0, 35.0, 75.0, 107.0, 100.0, 16.0, 33.0, 61.0, 75.0, 23.0, 56.0, 92.0, 51.0], [112.0, 112.0, 17.0, 69.0, 19.0, 98.0, 67.0, 90.0, 63.0, 74.0, 50.0, 52.0, 48.0, 93.0, 52.0, 33.0, 77.0, 85.0, 30.0, 59.0, 97.0, 68.0, 12.0, 43.0, 90.0, 18.0, 85.0, 34.0, 52.0, 28.0, 78.0, 77.0, 56.0, 0.0, 11.0, 66.0, 63.0, 25.0, 32.0, 63.0, 55.0, 103.0, 68.0, 76.0, 66.0, 101.0, 75.0, 49.0, 41.0, 74.0, 48.0, 66.0, 58.0, 34.0, 44.0, 96.0, 46.0, 20.0, 69.0, 107.0, 91.0, 42.0, 78.0, 59.0, 72.0, 77.0, 40.0, 30.0, 72.0, 2.0, 36.0, 97.0], [101.0, 101.0, 11.0, 68.0, 14.0, 98.0, 57.0, 93.0, 64.0, 71.0, 44.0, 42.0, 46.0, 86.0, 51.0, 28.0, 66.0, 84.0, 28.0, 63.0, 93.0, 57.0, 15.0, 35.0, 91.0, 15.0, 80.0, 29.0, 41.0, 19.0, 70.0, 71.0, 61.0, 11.0, 0.0, 61.0, 52.0, 15.0, 28.0, 64.0, 43.0, 98.0, 57.0, 66.0, 58.0, 99.0, 64.0, 49.0, 30.0, 66.0, 38.0, 67.0, 52.0, 28.0, 36.0, 90.0, 35.0, 17.0, 59.0, 104.0, 95.0, 31.0, 66.0, 48.0, 76.0, 77.0, 31.0, 19.0, 74.0, 13.0, 32.0, 97.0], [101.0, 101.0, 72.0, 21.0, 48.0, 47.0, 35.0, 62.0, 33.0, 14.0, 18.0, 80.0, 20.0, 28.0, 24.0, 85.0, 83.0, 31.0, 89.0, 45.0, 32.0, 48.0, 56.0, 85.0, 47.0, 76.0, 19.0, 87.0, 63.0, 70.0, 26.0, 15.0, 50.0, 66.0, 61.0, 0.0, 79.0, 67.0, 87.0, 36.0, 62.0, 37.0, 65.0, 42.0, 24.0, 43.0, 79.0, 29.0, 46.0, 26.0, 80.0, 30.0, 13.0, 34.0, 29.0, 30.0, 58.0, 46.0, 41.0, 44.0, 68.0, 51.0, 70.0, 75.0, 55.0, 33.0, 36.0, 62.0, 39.0, 67.0, 91.0, 46.0], [53.0, 53.0, 48.0, 96.0, 56.0, 126.0, 50.0, 132.0, 100.0, 93.0, 64.0, 14.0, 76.0, 91.0, 84.0, 41.0, 16.0, 110.0, 51.0, 104.0, 107.0, 39.0, 66.0, 29.0, 123.0, 51.0, 91.0, 43.0, 16.0, 35.0, 69.0, 79.0, 105.0, 63.0, 52.0, 79.0, 0.0, 38.0, 46.0, 101.0, 17.0, 107.0, 21.0, 51.0, 60.0, 122.0, 16.0, 86.0, 36.0, 64.0, 19.0, 100.0, 66.0, 57.0, 52.0, 97.0, 23.0, 60.0, 46.0, 121.0, 136.0, 30.0, 27.0, 5.0, 118.0, 108.0, 46.0, 33.0, 110.0, 64.0, 47.0, 125.0], [89.0, 89.0, 11.0, 77.0, 25.0, 108.0, 55.0, 106.0, 76.0, 79.0, 49.0, 27.0, 55.0, 89.0, 62.0, 17.0, 53.0, 93.0, 23.0, 76.0, 99.0, 52.0, 30.0, 21.0, 102.0, 15.0, 85.0, 20.0, 30.0, 4.0, 70.0, 74.0, 74.0, 25.0, 15.0, 67.0, 38.0, 0.0, 20.0, 76.0, 33.0, 103.0, 47.0, 62.0, 58.0, 108.0, 51.0, 61.0, 26.0, 66.0, 23.0, 78.0, 56.0, 34.0, 39.0, 94.0, 25.0, 29.0, 55.0, 111.0, 109.0, 25.0, 56.0, 34.0, 89.0, 87.0, 32.0, 8.0, 86.0, 26.0, 24.0, 107.0], [99.0, 99.0, 17.0, 96.0, 42.0, 126.0, 75.0, 121.0, 92.0, 98.0, 69.0, 32.0, 74.0, 110.0, 79.0, 5.0, 62.0, 112.0, 5.0, 90.0, 119.0, 70.0, 42.0, 18.0, 119.0, 14.0, 105.0, 4.0, 44.0, 19.0, 90.0, 95.0, 88.0, 32.0, 28.0, 87.0, 46.0, 20.0, 0.0, 92.0, 48.0, 123.0, 61.0, 81.0, 79.0, 127.0, 62.0, 78.0, 46.0, 86.0, 27.0, 95.0, 76.0, 54.0, 59.0, 114.0, 42.0, 45.0, 74.0, 131.0, 123.0, 44.0, 70.0, 44.0, 103.0, 105.0, 53.0, 28.0, 102.0, 33.0, 4.0, 125.0], [133.0, 133.0, 75.0, 18.0, 51.0, 37.0, 67.0, 31.0, 3.0, 29.0, 40.0, 98.0, 25.0, 59.0, 17.0, 91.0, 109.0, 28.0, 92.0, 10.0, 50.0, 78.0, 51.0, 97.0, 27.0, 79.0, 48.0, 93.0, 85.0, 80.0, 61.0, 50.0, 17.0, 63.0, 64.0, 36.0, 101.0, 76.0, 92.0, 0.0, 85.0, 59.0, 92.0, 76.0, 57.0, 43.0, 106.0, 16.0, 65.0, 62.0, 96.0, 8.0, 42.0, 45.0, 50.0, 58.0, 78.0, 48.0, 73.0, 54.0, 35.0, 71.0, 99.0, 96.0, 19.0, 17.0, 55.0, 74.0, 10.0, 62.0, 96.0, 36.0], [58.0, 58.0, 44.0, 79.0, 44.0, 108.0, 34.0, 116.0, 84.0, 76.0, 47.0, 22.0, 60.0, 75.0, 68.0, 43.0, 25.0, 93.0, 52.0, 89.0, 90.0, 25.0, 55.0, 34.0, 106.0, 47.0, 74.0, 45.0, 3.0, 31.0, 53.0, 62.0, 90.0, 55.0, 43.0, 62.0, 17.0, 33.0, 48.0, 85.0, 0.0, 91.0, 14.0, 37.0, 43.0, 105.0, 22.0, 70.0, 20.0, 48.0, 25.0, 84.0, 49.0, 41.0, 36.0, 81.0, 9.0, 47.0, 31.0, 104.0, 121.0, 15.0, 24.0, 13.0, 102.0, 91.0, 30.0, 25.0, 93.0, 56.0, 50.0, 108.0], [114.0, 114.0, 108.0, 41.0, 84.0, 41.0, 58.0, 70.0, 56.0, 32.0, 54.0, 112.0, 55.0, 17.0, 55.0, 120.0, 107.0, 34.0, 125.0, 69.0, 9.0, 70.0, 92.0, 119.0, 50.0, 113.0, 18.0, 122.0, 93.0, 105.0, 39.0, 29.0, 76.0, 103.0, 98.0, 37.0, 107.0, 103.0, 123.0, 59.0, 91.0, 0.0, 89.0, 59.0, 48.0, 30.0, 103.0, 60.0, 79.0, 43.0, 113.0, 51.0, 47.0, 70.0, 64.0, 11.0, 89.0, 83.0, 63.0, 19.0, 78.0, 84.0, 91.0, 104.0, 73.0, 45.0, 71.0, 96.0, 56.0, 103.0, 127.0, 41.0], [45.0, 45.0, 58.0, 84.0, 56.0, 112.0, 32.0, 123.0, 90.0, 79.0, 52.0, 32.0, 67.0, 72.0, 75.0, 56.0, 18.0, 96.0, 66.0, 97.0, 90.0, 19.0, 67.0, 46.0, 111.0, 61.0, 74.0, 58.0, 17.0, 45.0, 50.0, 62.0, 99.0, 68.0, 57.0, 65.0, 21.0, 47.0, 61.0, 92.0, 14.0, 89.0, 0.0, 30.0, 42.0, 107.0, 15.0, 78.0, 30.0, 46.0, 36.0, 90.0, 53.0, 51.0, 42.0, 78.0, 22.0, 59.0, 26.0, 104.0, 128.0, 27.0, 10.0, 20.0, 110.0, 96.0, 38.0, 39.0, 100.0, 70.0, 63.0, 111.0], [59.0, 59.0, 71.0, 63.0, 58.0, 87.0, 10.0, 104.0, 74.0, 55.0, 38.0, 59.0, 53.0, 42.0, 60.0, 76.0, 48.0, 72.0, 85.0, 83.0, 61.0, 12.0, 70.0, 70.0, 89.0, 76.0, 46.0, 79.0, 40.0, 62.0, 21.0, 34.0, 87.0, 76.0, 66.0, 42.0, 51.0, 62.0, 81.0, 76.0, 37.0, 59.0, 30.0, 0.0, 19.0, 81.0, 44.0, 64.0, 36.0, 17.0, 62.0, 72.0, 34.0, 46.0, 34.0, 48.0, 39.0, 59.0, 7.0, 76.0, 110.0, 37.0, 31.0, 48.0, 95.0, 75.0, 36.0, 53.0, 81.0, 77.0, 84.0, 87.0], [77.0, 77.0, 66.0, 44.0, 47.0, 70.0, 11.0, 85.0, 55.0, 38.0, 21.0, 64.0, 35.0, 32.0, 42.0, 75.0, 61.0, 55.0, 81.0, 65.0, 48.0, 24.0, 59.0, 72.0, 71.0, 71.0, 32.0, 77.0, 45.0, 60.0, 12.0, 19.0, 70.0, 66.0, 58.0, 24.0, 60.0, 58.0, 79.0, 57.0, 43.0, 48.0, 42.0, 19.0, 0.0, 65.0, 57.0, 47.0, 33.0, 8.0, 65.0, 53.0, 15.0, 33.0, 22.0, 38.0, 41.0, 47.0, 17.0, 62.0, 91.0, 36.0, 47.0, 56.0, 77.0, 57.0, 27.0, 51.0, 63.0, 68.0, 82.0, 69.0], [139.0, 139.0, 110.0, 31.0, 85.0, 11.0, 76.0, 42.0, 41.0, 30.0, 60.0, 123.0, 53.0, 43.0, 49.0, 125.0, 125.0, 16.0, 127.0, 52.0, 22.0, 89.0, 89.0, 127.0, 23.0, 114.0, 35.0, 127.0, 106.0, 111.0, 60.0, 46.0, 59.0, 101.0, 99.0, 43.0, 122.0, 108.0, 127.0, 43.0, 105.0, 30.0, 107.0, 81.0, 65.0, 0.0, 121.0, 52.0, 89.0, 63.0, 123.0, 36.0, 56.0, 73.0, 72.0, 38.0, 101.0, 82.0, 82.0, 14.0, 50.0, 94.0, 111.0, 118.0, 51.0, 26.0, 79.0, 103.0, 35.0, 101.0, 131.0, 11.0], [38.0, 38.0, 62.0, 98.0, 66.0, 126.0, 46.0, 136.0, 104.0, 93.0, 66.0, 30.0, 80.0, 86.0, 89.0, 57.0, 4.0, 111.0, 67.0, 110.0, 104.0, 33.0, 76.0, 45.0, 125.0, 65.0, 88.0, 58.0, 24.0, 49.0, 64.0, 76.0, 112.0, 75.0, 64.0, 79.0, 16.0, 51.0, 62.0, 106.0, 22.0, 103.0, 15.0, 44.0, 57.0, 121.0, 0.0, 91.0, 42.0, 60.0, 34.0, 104.0, 67.0, 63.0, 56.0, 92.0, 30.0, 69.0, 41.0, 118.0, 141.0, 37.0, 14.0, 18.0, 124.0, 110.0, 51.0, 45.0, 113.0, 77.0, 63.0, 125.0], [120.0, 120.0, 61.0, 21.0, 36.0, 49.0, 55.0, 47.0, 15.0, 29.0, 27.0, 82.0, 12.0, 56.0, 5.0, 77.0, 94.0, 36.0, 77.0, 19.0, 53.0, 65.0, 37.0, 81.0, 41.0, 65.0, 46.0, 79.0, 70.0, 65.0, 53.0, 44.0, 23.0, 49.0, 49.0, 29.0, 86.0, 61.0, 78.0, 16.0, 70.0, 60.0, 78.0, 64.0, 47.0, 52.0, 91.0, 0.0, 50.0, 52.0, 81.0, 17.0, 31.0, 29.0, 35.0, 57.0, 63.0, 33.0, 61.0, 60.0, 51.0, 56.0, 85.0, 81.0, 33.0, 28.0, 40.0, 59.0, 25.0, 49.0, 82.0, 48.0], [75.0, 75.0, 35.0, 61.0, 26.0, 91.0, 29.0, 97.0, 64.0, 59.0, 29.0, 34.0, 41.0, 65.0, 49.0, 42.0, 45.0, 76.0, 49.0, 69.0, 76.0, 27.0, 38.0, 40.0, 88.0, 40.0, 61.0, 45.0, 20.0, 28.0, 44.0, 50.0, 70.0, 41.0, 30.0, 46.0, 36.0, 26.0, 46.0, 65.0, 20.0, 79.0, 30.0, 36.0, 33.0, 89.0, 42.0, 50.0, 0.0, 40.0, 34.0, 65.0, 33.0, 21.0, 17.0, 69.0, 13.0, 28.0, 29.0, 90.0, 101.0, 6.0, 40.0, 31.0, 82.0, 73.0, 10.0, 18.0, 74.0, 42.0, 50.0, 90.0], [76.0, 76.0, 74.0, 47.0, 55.0, 70.0, 14.0, 88.0, 59.0, 39.0, 28.0, 70.0, 41.0, 27.0, 47.0, 82.0, 64.0, 55.0, 89.0, 70.0, 44.0, 27.0, 66.0, 78.0, 72.0, 79.0, 29.0, 85.0, 51.0, 68.0, 4.0, 17.0, 75.0, 74.0, 66.0, 26.0, 64.0, 66.0, 86.0, 62.0, 48.0, 43.0, 46.0, 17.0, 8.0, 63.0, 60.0, 52.0, 40.0, 0.0, 71.0, 56.0, 21.0, 41.0, 30.0, 33.0, 48.0, 55.0, 19.0, 59.0, 94.0, 43.0, 48.0, 61.0, 81.0, 59.0, 35.0, 58.0, 66.0, 76.0, 90.0, 69.0], [72.0, 72.0, 32.0, 94.0, 47.0, 125.0, 58.0, 127.0, 95.0, 93.0, 63.0, 5.0, 73.0, 98.0, 80.0, 23.0, 35.0, 109.0, 33.0, 97.0, 111.0, 50.0, 53.0, 10.0, 120.0, 34.0, 95.0, 24.0, 22.0, 20.0, 76.0, 84.0, 97.0, 48.0, 38.0, 80.0, 19.0, 23.0, 27.0, 96.0, 25.0, 113.0, 36.0, 62.0, 65.0, 123.0, 34.0, 81.0, 34.0, 71.0, 0.0, 97.0, 68.0, 52.0, 51.0, 103.0, 24.0, 50.0, 55.0, 124.0, 130.0, 29.0, 44.0, 17.0, 111.0, 106.0, 44.0, 22.0, 105.0, 49.0, 28.0, 124.0], [130.0, 130.0, 78.0, 11.0, 53.0, 32.0, 63.0, 33.0, 5.0, 22.0, 38.0, 98.0, 24.0, 52.0, 16.0, 94.0, 107.0, 21.0, 95.0, 18.0, 42.0, 75.0, 55.0, 98.0, 24.0, 82.0, 41.0, 96.0, 84.0, 82.0, 56.0, 44.0, 25.0, 66.0, 67.0, 30.0, 100.0, 78.0, 95.0, 8.0, 84.0, 51.0, 90.0, 72.0, 53.0, 36.0, 104.0, 17.0, 65.0, 56.0, 97.0, 0.0, 38.0, 45.0, 48.0, 51.0, 78.0, 50.0, 70.0, 46.0, 38.0, 70.0, 97.0, 96.0, 25.0, 11.0, 54.0, 75.0, 10.0, 67.0, 99.0, 31.0], [91.0, 91.0, 61.0, 31.0, 39.0, 59.0, 25.0, 71.0, 40.0, 27.0, 8.0, 68.0, 20.0, 35.0, 27.0, 73.0, 71.0, 44.0, 78.0, 50.0, 43.0, 37.0, 48.0, 73.0, 58.0, 66.0, 29.0, 75.0, 50.0, 59.0, 23.0, 20.0, 54.0, 58.0, 52.0, 13.0, 66.0, 56.0, 76.0, 42.0, 49.0, 47.0, 53.0, 34.0, 15.0, 56.0, 67.0, 31.0, 33.0, 21.0, 68.0, 38.0, 0.0, 24.0, 17.0, 39.0, 45.0, 38.0, 31.0, 56.0, 77.0, 39.0, 59.0, 62.0, 62.0, 44.0, 24.0, 50.0, 48.0, 59.0, 80.0, 59.0], [95.0, 95.0, 38.0, 43.0, 15.0, 74.0, 36.0, 76.0, 44.0, 44.0, 16.0, 53.0, 21.0, 59.0, 29.0, 51.0, 66.0, 59.0, 55.0, 48.0, 65.0, 42.0, 25.0, 54.0, 69.0, 43.0, 52.0, 54.0, 41.0, 38.0, 44.0, 44.0, 49.0, 34.0, 28.0, 34.0, 57.0, 34.0, 54.0, 45.0, 41.0, 70.0, 51.0, 46.0, 33.0, 73.0, 63.0, 29.0, 21.0, 41.0, 52.0, 45.0, 24.0, 0.0, 12.0, 63.0, 34.0, 14.0, 40.0, 77.0, 80.0, 27.0, 59.0, 52.0, 61.0, 54.0, 12.0, 30.0, 54.0, 35.0, 58.0, 73.0], [85.0, 85.0, 45.0, 44.0, 25.0, 74.0, 24.0, 81.0, 48.0, 42.0, 12.0, 52.0, 25.0, 51.0, 33.0, 56.0, 59.0, 58.0, 61.0, 55.0, 60.0, 31.0, 37.0, 56.0, 71.0, 50.0, 46.0, 59.0, 36.0, 42.0, 33.0, 35.0, 57.0, 44.0, 36.0, 29.0, 52.0, 39.0, 59.0, 50.0, 36.0, 64.0, 42.0, 34.0, 22.0, 72.0, 56.0, 35.0, 17.0, 30.0, 51.0, 48.0, 17.0, 12.0, 0.0, 55.0, 30.0, 26.0, 29.0, 73.0, 85.0, 23.0, 50.0, 48.0, 68.0, 56.0, 7.0, 33.0, 58.0, 46.0, 63.0, 73.0], [104.0, 104.0, 100.0, 40.0, 77.0, 48.0, 47.0, 74.0, 56.0, 30.0, 46.0, 102.0, 50.0, 6.0, 52.0, 111.0, 96.0, 38.0, 116.0, 69.0, 16.0, 59.0, 86.0, 109.0, 55.0, 105.0, 11.0, 113.0, 83.0, 96.0, 28.0, 20.0, 75.0, 96.0, 90.0, 30.0, 97.0, 94.0, 114.0, 58.0, 81.0, 11.0, 78.0, 48.0, 38.0, 38.0, 92.0, 57.0, 69.0, 33.0, 103.0, 51.0, 39.0, 63.0, 55.0, 0.0, 79.0, 76.0, 52.0, 29.0, 82.0, 74.0, 80.0, 93.0, 75.0, 47.0, 62.0, 87.0, 57.0, 97.0, 118.0, 48.0], [66.0, 66.0, 36.0, 73.0, 35.0, 103.0, 34.0, 109.0, 77.0, 71.0, 42.0, 23.0, 53.0, 74.0, 62.0, 38.0, 33.0, 88.0, 46.0, 81.0, 87.0, 28.0, 46.0, 31.0, 100.0, 40.0, 72.0, 40.0, 7.0, 25.0, 52.0, 60.0, 82.0, 46.0, 35.0, 58.0, 23.0, 25.0, 42.0, 78.0, 9.0, 89.0, 22.0, 39.0, 41.0, 101.0, 30.0, 63.0, 13.0, 48.0, 24.0, 78.0, 45.0, 34.0, 30.0, 79.0, 0.0, 38.0, 32.0, 101.0, 113.0, 7.0, 32.0, 18.0, 95.0, 85.0, 23.0, 17.0, 87.0, 48.0, 45.0, 103.0], [103.0, 103.0, 28.0, 51.0, 3.0, 81.0, 50.0, 78.0, 47.0, 55.0, 30.0, 53.0, 29.0, 73.0, 34.0, 44.0, 72.0, 67.0, 45.0, 47.0, 77.0, 54.0, 11.0, 49.0, 74.0, 32.0, 65.0, 46.0, 45.0, 33.0, 58.0, 57.0, 46.0, 20.0, 17.0, 46.0, 60.0, 29.0, 45.0, 48.0, 47.0, 83.0, 59.0, 59.0, 47.0, 82.0, 69.0, 33.0, 28.0, 55.0, 50.0, 50.0, 38.0, 14.0, 26.0, 76.0, 38.0, 0.0, 53.0, 88.0, 80.0, 32.0, 68.0, 55.0, 61.0, 60.0, 23.0, 28.0, 57.0, 21.0, 49.0, 80.0], [60.0, 60.0, 64.0, 62.0, 52.0, 87.0, 6.0, 102.0, 71.0, 55.0, 34.0, 53.0, 49.0, 46.0, 57.0, 70.0, 44.0, 72.0, 78.0, 80.0, 64.0, 7.0, 64.0, 63.0, 88.0, 69.0, 48.0, 72.0, 33.0, 56.0, 23.0, 36.0, 84.0, 69.0, 59.0, 41.0, 46.0, 55.0, 74.0, 73.0, 31.0, 63.0, 26.0, 7.0, 17.0, 82.0, 41.0, 61.0, 29.0, 19.0, 55.0, 70.0, 31.0, 40.0, 29.0, 52.0, 32.0, 53.0, 0.0, 78.0, 108.0, 30.0, 29.0, 43.0, 93.0, 74.0, 30.0, 47.0, 79.0, 71.0, 77.0, 87.0], [132.0, 132.0, 115.0, 39.0, 90.0, 25.0, 72.0, 57.0, 51.0, 33.0, 62.0, 124.0, 59.0, 35.0, 56.0, 128.0, 122.0, 26.0, 132.0, 63.0, 14.0, 85.0, 96.0, 129.0, 37.0, 119.0, 30.0, 131.0, 106.0, 114.0, 55.0, 42.0, 70.0, 107.0, 104.0, 44.0, 121.0, 111.0, 131.0, 54.0, 104.0, 19.0, 104.0, 76.0, 62.0, 14.0, 118.0, 60.0, 90.0, 59.0, 124.0, 46.0, 56.0, 77.0, 73.0, 29.0, 101.0, 88.0, 78.0, 0.0, 64.0, 95.0, 107.0, 117.0, 64.0, 38.0, 80.0, 106.0, 48.0, 108.0, 135.0, 26.0], [168.0, 168.0, 106.0, 47.0, 84.0, 39.0, 102.0, 8.0, 37.0, 57.0, 75.0, 132.0, 61.0, 85.0, 52.0, 123.0, 145.0, 44.0, 121.0, 33.0, 69.0, 113.0, 81.0, 130.0, 27.0, 109.0, 74.0, 125.0, 120.0, 113.0, 93.0, 80.0, 35.0, 91.0, 95.0, 68.0, 136.0, 109.0, 123.0, 35.0, 121.0, 78.0, 128.0, 110.0, 91.0, 50.0, 141.0, 51.0, 101.0, 94.0, 130.0, 38.0, 77.0, 80.0, 85.0, 82.0, 113.0, 80.0, 108.0, 64.0, 0.0, 106.0, 135.0, 132.0, 20.0, 36.0, 91.0, 108.0, 29.0, 91.0, 127.0, 39.0], [71.0, 71.0, 35.0, 66.0, 29.0, 97.0, 31.0, 102.0, 70.0, 65.0, 35.0, 29.0, 46.0, 69.0, 54.0, 39.0, 40.0, 81.0, 47.0, 74.0, 81.0, 27.0, 41.0, 35.0, 93.0, 39.0, 66.0, 42.0, 14.0, 25.0, 48.0, 55.0, 75.0, 42.0, 31.0, 51.0, 30.0, 25.0, 44.0, 71.0, 15.0, 84.0, 27.0, 37.0, 36.0, 94.0, 37.0, 56.0, 6.0, 43.0, 29.0, 70.0, 39.0, 27.0, 23.0, 74.0, 7.0, 32.0, 30.0, 95.0, 106.0, 0.0, 36.0, 25.0, 88.0, 78.0, 16.0, 16.0, 80.0, 44.0, 47.0, 96.0], [36.0, 36.0, 67.0, 90.0, 65.0, 116.0, 35.0, 129.0, 97.0, 84.0, 59.0, 40.0, 74.0, 74.0, 83.0, 65.0, 17.0, 101.0, 75.0, 105.0, 92.0, 22.0, 77.0, 54.0, 117.0, 71.0, 77.0, 67.0, 27.0, 55.0, 52.0, 65.0, 107.0, 78.0, 66.0, 70.0, 27.0, 56.0, 70.0, 99.0, 24.0, 91.0, 10.0, 31.0, 47.0, 111.0, 14.0, 85.0, 40.0, 48.0, 44.0, 97.0, 59.0, 59.0, 50.0, 80.0, 32.0, 68.0, 29.0, 107.0, 135.0, 36.0, 0.0, 27.0, 118.0, 102.0, 47.0, 48.0, 106.0, 79.0, 72.0, 116.0], [55.0, 55.0, 45.0, 91.0, 52.0, 121.0, 47.0, 128.0, 95.0, 89.0, 59.0, 13.0, 72.0, 88.0, 80.0, 39.0, 19.0, 105.0, 49.0, 99.0, 103.0, 36.0, 61.0, 28.0, 118.0, 48.0, 87.0, 41.0, 12.0, 32.0, 65.0, 75.0, 100.0, 59.0, 48.0, 75.0, 5.0, 34.0, 44.0, 96.0, 13.0, 104.0, 20.0, 48.0, 56.0, 118.0, 18.0, 81.0, 31.0, 61.0, 17.0, 96.0, 62.0, 52.0, 48.0, 93.0, 18.0, 55.0, 43.0, 117.0, 132.0, 25.0, 27.0, 0.0, 113.0, 103.0, 41.0, 29.0, 105.0, 60.0, 45.0, 120.0], [152.0, 152.0, 86.0, 36.0, 64.0, 42.0, 86.0, 19.0, 22.0, 46.0, 59.0, 113.0, 44.0, 77.0, 36.0, 103.0, 127.0, 39.0, 102.0, 14.0, 64.0, 97.0, 61.0, 110.0, 29.0, 89.0, 65.0, 105.0, 102.0, 93.0, 80.0, 69.0, 16.0, 72.0, 76.0, 55.0, 118.0, 89.0, 103.0, 19.0, 102.0, 73.0, 110.0, 95.0, 77.0, 51.0, 124.0, 33.0, 82.0, 81.0, 111.0, 25.0, 62.0, 61.0, 68.0, 75.0, 95.0, 61.0, 93.0, 64.0, 20.0, 88.0, 118.0, 113.0, 0.0, 28.0, 73.0, 89.0, 18.0, 71.0, 107.0, 41.0], [134.0, 134.0, 88.0, 13.0, 63.0, 21.0, 68.0, 29.0, 15.0, 21.0, 44.0, 107.0, 33.0, 50.0, 26.0, 104.0, 114.0, 12.0, 105.0, 26.0, 36.0, 80.0, 65.0, 107.0, 15.0, 92.0, 38.0, 106.0, 92.0, 91.0, 57.0, 44.0, 33.0, 77.0, 77.0, 33.0, 108.0, 87.0, 105.0, 17.0, 91.0, 45.0, 96.0, 75.0, 57.0, 26.0, 110.0, 28.0, 73.0, 59.0, 106.0, 11.0, 44.0, 54.0, 56.0, 47.0, 85.0, 60.0, 74.0, 38.0, 36.0, 78.0, 102.0, 103.0, 28.0, 0.0, 62.0, 84.0, 10.0, 77.0, 109.0, 20.0], [82.0, 82.0, 39.0, 50.0, 22.0, 81.0, 27.0, 86.0, 54.0, 49.0, 19.0, 45.0, 30.0, 57.0, 39.0, 49.0, 54.0, 65.0, 55.0, 59.0, 68.0, 30.0, 34.0, 48.0, 77.0, 44.0, 53.0, 52.0, 30.0, 35.0, 39.0, 42.0, 61.0, 40.0, 31.0, 36.0, 46.0, 32.0, 53.0, 55.0, 30.0, 71.0, 38.0, 36.0, 27.0, 79.0, 51.0, 40.0, 10.0, 35.0, 44.0, 54.0, 24.0, 12.0, 7.0, 62.0, 23.0, 23.0, 30.0, 80.0, 91.0, 16.0, 47.0, 41.0, 73.0, 62.0, 0.0, 26.0, 64.0, 42.0, 56.0, 80.0], [82.0, 82.0, 19.0, 73.0, 25.0, 104.0, 47.0, 105.0, 73.0, 74.0, 44.0, 25.0, 52.0, 82.0, 59.0, 24.0, 47.0, 89.0, 31.0, 75.0, 93.0, 43.0, 33.0, 23.0, 99.0, 23.0, 78.0, 26.0, 22.0, 9.0, 62.0, 68.0, 75.0, 30.0, 19.0, 62.0, 33.0, 8.0, 28.0, 74.0, 25.0, 96.0, 39.0, 53.0, 51.0, 103.0, 45.0, 59.0, 18.0, 58.0, 22.0, 75.0, 50.0, 30.0, 33.0, 87.0, 17.0, 28.0, 47.0, 106.0, 108.0, 16.0, 48.0, 29.0, 89.0, 84.0, 26.0, 0.0, 83.0, 32.0, 31.0, 103.0], [139.0, 139.0, 85.0, 19.0, 61.0, 28.0, 73.0, 23.0, 10.0, 29.0, 47.0, 107.0, 33.0, 59.0, 25.0, 101.0, 117.0, 22.0, 101.0, 17.0, 46.0, 85.0, 61.0, 106.0, 17.0, 89.0, 48.0, 103.0, 93.0, 89.0, 65.0, 52.0, 23.0, 72.0, 74.0, 39.0, 110.0, 86.0, 102.0, 10.0, 93.0, 56.0, 100.0, 81.0, 63.0, 35.0, 113.0, 25.0, 74.0, 66.0, 105.0, 10.0, 48.0, 54.0, 58.0, 57.0, 87.0, 57.0, 79.0, 48.0, 29.0, 80.0, 106.0, 105.0, 18.0, 10.0, 64.0, 83.0, 0.0, 72.0, 106.0, 27.0], [114.0, 114.0, 18.0, 70.0, 20.0, 98.0, 68.0, 90.0, 63.0, 75.0, 51.0, 53.0, 49.0, 94.0, 52.0, 34.0, 79.0, 85.0, 31.0, 59.0, 98.0, 70.0, 12.0, 44.0, 90.0, 19.0, 86.0, 35.0, 54.0, 30.0, 79.0, 78.0, 56.0, 2.0, 13.0, 67.0, 64.0, 26.0, 33.0, 62.0, 56.0, 103.0, 70.0, 77.0, 68.0, 101.0, 77.0, 49.0, 42.0, 76.0, 49.0, 67.0, 59.0, 35.0, 46.0, 97.0, 48.0, 21.0, 71.0, 108.0, 91.0, 44.0, 79.0, 60.0, 71.0, 77.0, 42.0, 32.0, 72.0, 0.0, 36.0, 97.0], [100.0, 100.0, 21.0, 100.0, 46.0, 130.0, 78.0, 125.0, 96.0, 102.0, 73.0, 33.0, 78.0, 114.0, 83.0, 7.0, 63.0, 116.0, 7.0, 94.0, 123.0, 73.0, 46.0, 18.0, 123.0, 18.0, 109.0, 5.0, 47.0, 22.0, 94.0, 98.0, 92.0, 36.0, 32.0, 91.0, 47.0, 24.0, 4.0, 96.0, 50.0, 127.0, 63.0, 84.0, 82.0, 131.0, 63.0, 82.0, 50.0, 90.0, 28.0, 99.0, 80.0, 58.0, 63.0, 118.0, 45.0, 49.0, 77.0, 135.0, 127.0, 47.0, 72.0, 45.0, 107.0, 109.0, 56.0, 31.0, 106.0, 36.0, 0.0, 129.0], [145.0, 145.0, 108.0, 30.0, 83.0, 1.0, 81.0, 31.0, 35.0, 32.0, 61.0, 125.0, 52.0, 52.0, 46.0, 124.0, 129.0, 15.0, 125.0, 44.0, 33.0, 93.0, 86.0, 127.0, 12.0, 112.0, 43.0, 126.0, 109.0, 111.0, 67.0, 53.0, 51.0, 97.0, 97.0, 46.0, 125.0, 107.0, 125.0, 36.0, 108.0, 41.0, 111.0, 87.0, 69.0, 11.0, 125.0, 48.0, 90.0, 69.0, 124.0, 31.0, 59.0, 73.0, 73.0, 48.0, 103.0, 80.0, 87.0, 26.0, 39.0, 96.0, 116.0, 120.0, 41.0, 20.0, 80.0, 103.0, 27.0, 97.0, 129.0, 0.0]]
