80 2704.3233333333333 0 1680 28 60
[88.75, 59.22, 23.69, 48.68, 54.46, 18.46, 47.32, 50.64, 9.06, 82.41, 13.29, 76.14, 79.67, 9.68, 88.16, 77.66, 13.17, 52.9, 59.65, 89.96, 14.87, 91.34, 57.79, 89.97, 25.95, 88.38, 15.23, 75.33, 82.43, 50.82, 74.98, 73.75, 9.52, 87.81, 85.71, 40.82, 8.58, 75.6, 22.11, 90.92, 58.56, 16.19, 80.81, 50.94, 17.05, 10.17, 49.83, 45.75, 51.13, 90.43, 55.51, 43.09, 19.39, 7.44, 10.08, 92.35, 15.16, 43.79, 44.31, 42.76, 78.01, 18.06, 19.76, 77.71, 48.05, 7.23, 73.86, 57.05, 84.07, 58.96, 55.43, 49.93, 74.83, 87.23, 85.0, 42.98, 50.83, 17.93, 9.73, 80.22]
[52.0, 74.32, 58.45, 75.23, 83.9, 44.53, 21.52, 48.67, 14.61, 6.94, 45.25, 40.44, 18.02, 10.08, 56.1, 75.75, 54.7, 16.8, 54.56, 89.89, 77.33, 10.29, 45.32, 84.71, 21.64, 59.09, 52.03, 49.68, 87.23, 76.26, 79.06, 55.09, 47.42, 80.4, 77.46, 48.76, 25.23, 52.37, 91.77, 88.42, 49.47, 73.97, 49.41, 84.04, 16.88, 18.58, 79.98, 43.31, 7.35, 47.3, 89.1, 83.9, 48.06, 50.73, 59.34, 86.17, 86.15, 14.51, 85.0, 57.48, 75.83, 80.05, 49.43, 13.41, 11.24, 85.12, 17.25, 79.03, 17.39, 25.62, 23.18, 57.06, 80.82, 13.63, 90.68, 91.38, 84.72, 57.77, 53.16, 50.36]
[6, 8, 4, 8, 8, 4, 2, 5, 1, 3, 4, 6, 3, 1, 6, 9, 4, 2, 5, 9, 7, 3, 5, 9, 1, 6, 4, 6, 9, 8, 9, 6, 4, 9, 9, 5, 1, 6, 7, 9, 5, 7, 6, 8, 1, 1, 8, 5, 2, 6, 8, 8, 4, 4, 4, 9, 7, 2, 8, 5, 9, 7, 4, 3, 2, 7, 3, 8, 3, 2, 2, 5, 9, 3, 9, 8, 8, 4, 4, 6]
[1, 2, 3, 4, 5, 6, 7, 8, 9, 10, 11, 12, 13, 14, 15, 16, 17, 18, 19, 20, 21, 22, 23, 24, 25, 26, 27, 28, 29, 30, 31, 32, 33, 34, 35, 36, 37, 38, 39, 40, 41, 42, 43, 44, 45, 46, 47, 48, 49, 50, 51, 52, 53, 54, 55, 56, 57, 58, 59, 60, 61, 62, 63, 64, 65, 66, 67, 68, 69, 70, 71, 72, 73, 74, 75, 76, 77, 78, 79, 80]
[1, 3, 1, 3, 3, 1, 2, 3, 3, 1, 1, 1, 1, 3, 1, 3, 1, 2, 3, 3, 3, 1, 3, 3, 3, 1, 1, 1, 3, 3, 3, 1, 1, 3, 3, 3, 3, 1, 3, 3, 3, 3, 1, 3, 3, 3, 3, 3, 2, 1, 3, 3, 1, 1, 1, 3, 3, 2, 3, 3, 3, 3, 1, 1, 2, 3, 1, 3, 1, 2, 2, 3, 3, 1, 3, 3, 3, 1, 1, 1]
[2, 3, 1, 3, 3, 1, 2, 3, 2, 1, 1, 2, 1, 2, 2, 1, 1, 2, 3, 1, 1, 1, 3, 1, 2, 2, 1, 2, 1, 3, 1, 2, 1, 1, 1, 3, 2, 2, 1, 1, 3, 1, 2, 3, 2, 2, 3, 3, 2, 2, 3, 3, 1, 1, 1, 1, 1, 2, 3, 3, 1, 1, 1, 1, 2, 1, 1, 3, 1, 2, 2, 3, 1, 1, 1, 3, 3, 1, 1, 2]
[6, 9, 4, 10, 10, 2, 6, 8, 6, 6, 9, 3, 9, 3, 1, 1, 9, 2, 9, 10, 5, 7, 5, 10, 8, 8, 8, 9, 8, 10, 7, 10, 2, 8, 9, 5, 7, 8, 2, 2, 3, 3, 10, 9, 7, 3, 7, 9, 7, 1, 6, 9, 8, 9, 3, 9, 1, 4, 5, 9, 3, 3, 1, 8, 2, 6, 1, 2, 5, 3, 6, 9, 6, 4, 8, 1, 4, 6, 2, 2]
[3218.0, 3196.23, 2660.35, 4058.41, 4631.96, 2097.17, 3837.23, 3157.43, 4325.19, 4830.76, 2889.12, 1584.0, 2662.35, 1383.36, 2773.16, 2611.16, 1289.4, 2545.77, 3112.23, 4765.59, 1804.73, 4459.28, 1593.3, 4324.59, 3467.0, 4213.46, 3271.77, 4498.21, 3600.02, 4368.53, 4319.17, 4604.95, 3601.04, 3629.06, 1285.65, 2021.35, 3746.73, 3258.11, 1679.48, 3048.22, 3684.86, 2130.88, 4338.05, 4211.71, 4056.51, 1852.22, 4166.77, 3955.87, 4001.69, 2522.94, 3905.46, 1554.78, 3760.39, 3552.01, 2199.03, 4041.65, 2861.41, 2805.25, 1855.35, 3226.75, 1935.44, 4311.8, 1991.25, 3213.09, 3126.63, 2622.92, 2078.23, 1773.35, 2003.14, 3907.51, 3095.71, 4510.5, 4852.86, 2058.4, 3924.08, 2696.06, 2263.28, 4006.7, 2414.81, 3571.65]
[0.69, 0.53, 0.34, 0.62, 0.77, 0.59, 0.75, 0.03, 0.74, 0.77, 0.51, 0.41, 0.54, 0.78, 0.24, 0.3, 0.53, 0.7, 0.52, 0.35, 0.33, 0.59, 0.43, 0.69, 0.02, 0.04, 0.04, 0.52, 0.03, 0.15, 0.93, 0.62, 0.57, 0.04, 0.53, 0.59, 0.52, 0.05, 0.58, 0.66, 0.42, 0.76, 0.24, 0.52, 0.26, 0.4, 0.8, 0.55, 0.62, 0.44, 0.76, 0.51, 0.01, 0.54, 0.62, 0.52, 0.41, 0.3, 0.24, 0.53, 0.58, 0.68, 0.49, 0.02, 0.65, 0.68, 0.34, 0.59, 0.33, 0.4, 0.76, 0.52, 0.75, 0.29, 0.01, 0.24, 0.33, 0.76, 0.57, 0.61]
[0.89, 0.66, 0.93, 0.71, 0.57, 0.87, 0.72, 0.69, 0.71, 0.53, 0.99, 0.76, 0.98, 0.51, 0.76, 0.94, 0.82, 0.67, 0.5, 0.92, 0.85, 0.99, 0.63, 1.09, 0.71, 0.79, 0.83, 0.73, 0.87, 0.75, 1.03, 1.02, 0.99, 0.84, 0.73, 0.63, 0.67, 0.79, 0.68, 0.54, 0.83, 0.69, 0.8, 1.04, 0.74, 0.63, 0.73, 0.7, 1.04, 0.89, 0.62, 1.09, 0.86, 0.79, 0.94, 0.8, 0.85, 0.76, 1.05, 0.92, 0.68, 0.9, 0.73, 0.66, 0.7, 0.96, 0.91, 0.55, 0.85, 0.98, 0.82, 0.72, 0.56, 0.72, 1.09, 1.03, 0.88, 0.99, 1.05, 0.71]
[0.56, 0.63, 1.03, 0.96, 0.68, 0.94, 0.5, 0.67, 0.96, 0.78, 0.52, 0.97, 0.61, 0.85, 0.97, 1.07, 1.02, 1.1, 0.67, 0.52, 0.81, 1.05, 0.67, 0.71, 0.94, 0.59, 0.78, 0.53, 0.81, 0.5, 0.79, 1.06, 1.01, 0.53, 0.72, 0.6, 0.64, 1.07, 0.63, 0.81, 0.87, 0.57, 0.71, 0.67, 0.81, 0.53, 0.95, 1.09, 0.64, 0.91, 0.91, 0.8, 1.06, 0.67, 0.57, 0.6, 0.96, 0.85, 0.63, 0.74, 0.9, 0.91, 0.91, 0.63, 0.71, 0.86, 0.82, 0.96, 0.72, 0.86, 1.0, 0.67, 0.68, 0.52, 0.58, 0.9, 0.84, 0.95, 0.61, 1.01]
[1.06, 0.57, 0.94, 0.75, 0.76, 0.63, 0.92, 0.8, 0.84, 1.01, 0.98, 1.06, 1.03, 1.06, 0.76, 0.82, 1.07, 0.95, 0.7, 0.86, 0.56, 0.94, 0.63, 0.88, 0.68, 0.99, 1.04, 0.51, 1.06, 0.52, 0.62, 0.75, 0.6, 0.9, 0.98, 0.82, 0.71, 0.68, 0.91, 0.62, 1.07, 1.01, 1.05, 0.9, 0.88, 1.03, 0.61, 0.63, 0.62, 0.74, 0.7, 0.87, 0.72, 1.09, 0.85, 1.05, 0.94, 0.7, 0.74, 0.92, 0.93, 0.73, 0.8, 0.8, 0.66, 0.57, 0.94, 0.69, 0.65, 0.78, 1.07, 0.77, 0.82, 0.74, 1.05, 1.05, 0.59, 0.87, 0.6, 1.05]
[0.8, 0.51, 0.72, 0.6, 0.85, 0.62, 1.07, 1.04, 1.07, 0.53, 0.84, 0.94, 0.92, 0.64, 0.78, 0.76, 0.82, 1.03, 0.62, 0.63, 0.93, 1.04, 0.67, 0.61, 0.53, 1.06, 0.69, 0.77, 0.59, 0.6, 0.64, 0.9, 0.9, 0.66, 1.01, 0.63, 1.05, 0.61, 0.93, 0.84, 0.94, 1.03, 1.02, 0.55, 0.66, 0.79, 1.05, 0.66, 0.58, 0.94, 0.75, 0.67, 0.72, 0.7, 1.05, 0.81, 1.1, 0.94, 0.52, 0.91, 0.53, 1.09, 1.07, 0.52, 1.05, 0.84, 0.62, 0.85, 0.88, 0.69, 1.09, 1.1, 0.57, 0.82, 0.58, 0.69, 0.82, 1.01, 0.52, 0.73]
[0.58, 0.69, 1.05, 0.79, 1.1, 1.01, 1.1, 1.04, 0.58, 0.51, 0.57, 1.01, 0.71, 1.07, 0.74, 0.56, 0.95, 0.85, 0.87, 0.59, 0.88, 0.97, 0.59, 0.66, 0.68, 0.73, 0.65, 0.86, 0.55, 0.64, 0.58, 0.88, 0.95, 1.05, 0.77, 0.54, 1.1, 0.89, 0.58, 0.9, 0.84, 0.63, 0.98, 0.53, 0.52, 0.98, 0.61, 0.72, 1.0, 0.59, 1.0, 0.9, 0.89, 1.06, 0.73, 0.66, 0.71, 0.77, 0.66, 1.07, 0.67, 0.55, 0.92, 0.97, 0.52, 0.89, 0.64, 0.81, 0.54, 0.63, 0.82, 1.05, 1.04, 0.71, 0.76, 0.89, 0.63, 0.67, 0.72, 0.81]
[0.24, 0.08, 0.68, 0.24, 0.28, 0.32, 0.39, 0.4, 0.36, 0.11, 0.24, 0.74, 0.4, 0.32, 0.32, 0.35, 0.7, 0.6, 0.13, 0.15, 0.31, 0.99, 0.11, 0.28, 0.17, 0.36, 0.3, 0.13, 0.24, 0.08, 0.19, 0.64, 0.52, 0.27, 0.4, 0.1, 0.35, 0.31, 0.21, 0.21, 0.61, 0.25, 0.6, 0.19, 0.18, 0.27, 0.27, 0.23, 0.24, 0.33, 0.29, 0.46, 0.42, 0.42, 0.35, 0.27, 0.59, 0.33, 0.17, 0.61, 0.2, 0.36, 0.52, 0.17, 0.18, 0.36, 0.28, 0.25, 0.19, 0.29, 0.79, 0.43, 0.18, 0.16, 0.29, 0.6, 0.22, 0.56, 0.14, 0.44]
[348.68, 433.2, 225.3, 86.11, 177.02, 1225.07, 481.26, 367.21, 439.35, 334.79, 452.67, 191.94, 664.62, 301.62, 342.14, 239.37, 495.66, 699.94, 448.04, 133.83, 275.73, 298.16, 424.53, 147.22, 473.04, 524.94, 318.39, 501.48, 643.95, 142.88, 363.17, 94.33, 1220.19, 498.79, 402.84, 469.05, 158.66, 378.42, 614.41, 891.15, 168.48, 194.04, 142.22, 522.92, 259.91, 124.89, 255.79, 405.48, 280.71, 309.47, 272.91, 472.03, 354.36, 296.15, 282.79, 332.75, 249.96, 353.48, 148.41, 384.85, 217.09, 271.83, 278.24, 497.93, 1295.84, 451.15, 267.23, 1228.67, 326.81, 159.73, 259.32, 440.15, 616.57, 345.03, 434.07, 351.12, 424.7, 579.58, 829.42, 1288.12]
[85.78, 33.66, 153.44, 20.09, 46.75, 416.66, 182.77, 144.14, 152.31, 34.92, 106.89, 146.54, 274.97, 99.71, 119.51, 83.1, 349.67, 435.27, 51.6, 18.55, 83.55, 295.03, 45.21, 43.42, 69.66, 173.4, 97.08, 66.87, 155.43, 11.37, 63.96, 63.56, 614.69, 145.06, 156.18, 46.56, 58.59, 116.22, 128.02, 186.92, 101.05, 47.9, 85.97, 94.49, 46.83, 29.44, 69.95, 90.57, 70.99, 91.0, 74.71, 220.66, 156.2, 129.46, 97.45, 82.8, 142.38, 112.86, 21.23, 233.21, 42.99, 99.36, 142.09, 79.55, 226.71, 167.59, 69.58, 313.56, 60.63, 43.7, 198.62, 187.18, 115.89, 56.96, 134.24, 207.35, 92.22, 325.0, 103.4, 587.26]
[1243.42, 1665.98, 626.52, -69.45, 385.1, 5625.37, 1906.32, 1336.04, 1696.77, 1173.97, 1763.36, 459.71, 2823.11, 1008.08, 1210.7, 696.86, 1978.32, 2999.68, 1740.22, 169.14, 878.63, 990.82, 1622.65, 236.12, 1865.22, 2124.72, 1091.96, 2007.41, 2719.74, 214.41, 1315.86, -28.33, 5600.96, 1993.97, 1514.22, 1845.23, 293.32, 1392.09, 2572.03, 3955.77, 342.41, 470.22, 211.11, 2114.62, 799.56, 124.45, 778.97, 1527.42, 903.56, 1047.33, 864.53, 1860.13, 1271.82, 980.77, 913.93, 1163.76, 749.8, 1267.39, 242.05, 1424.27, 585.45, 859.13, 891.19, 1989.63, 5979.21, 1755.76, 836.17, 5643.34, 1134.06, 298.65, 796.6, 1700.76, 2582.87, 1225.15, 1670.37, 1255.62, 1623.49, 2397.9, 3647.08, 5940.62]
[-71.09, -331.71, 267.21, -399.53, -266.26, 1583.3, 413.83, 220.71, 261.56, -325.4, 34.47, 232.69, 874.86, -1.46, 97.56, -84.52, 1248.34, 1676.37, -242.0, -407.25, -82.27, 975.14, -273.93, -282.91, -151.72, 367.0, -14.6, -165.63, 277.17, -443.14, -180.22, -182.22, 2573.47, 225.29, 280.89, -267.18, -207.04, 81.1, 140.1, 434.59, 5.27, -260.51, -70.13, -27.57, -265.86, -352.81, -150.23, -47.16, -145.03, -45.0, -126.47, 603.28, 280.99, 147.32, -12.77, -85.98, 211.91, 64.32, -393.87, 666.07, -285.05, -3.19, 210.43, -102.23, 633.56, 337.96, -152.12, 1067.78, -196.87, -281.5, 493.08, 435.89, 79.45, -215.21, 171.22, 536.75, -38.92, 1125.02, 17.02, 2436.32]
[64.36, 127.85, 53.21, 162.34, 185.28, 41.94, 115.12, 126.3, 173.01, 96.62, 57.78, 31.68, 53.25, 55.33, 55.46, 104.45, 25.79, 76.37, 124.49, 190.62, 72.19, 89.19, 63.73, 172.98, 138.68, 84.27, 65.44, 89.96, 144.0, 174.74, 172.77, 92.1, 72.02, 145.16, 51.43, 80.85, 149.87, 65.16, 67.18, 121.93, 147.39, 85.24, 86.76, 168.47, 162.26, 74.09, 166.67, 158.23, 120.05, 50.46, 156.22, 62.19, 75.21, 71.04, 43.98, 161.67, 114.46, 84.16, 74.21, 129.07, 77.42, 172.47, 39.83, 64.26, 93.8, 104.92, 41.56, 70.93, 40.06, 117.23, 92.87, 180.42, 194.11, 41.17, 156.96, 107.84, 90.53, 80.13, 48.3, 71.43]
[2, 6, 1, 8, 9, 1, 5, 6, 9, 3, 2, 1, 1, 2, 1, 5, 1, 3, 6, 10, 3, 3, 3, 9, 7, 3, 2, 3, 7, 9, 9, 3, 2, 7, 2, 4, 8, 2, 3, 6, 7, 4, 3, 9, 8, 3, 8, 8, 5, 1, 8, 3, 2, 2, 1, 8, 6, 4, 3, 6, 4, 9, 1, 2, 4, 5, 1, 3, 1, 5, 4, 9, 10, 1, 8, 5, 4, 2, 1, 2]
[41, 0, 11, 58, 59, 31, 52, 44, 52, 5, 56, 19, 27, 35, 36, 49, 1, 20, 43, 20, 46, 13, 12, 31, 46, 57, 58, 27, 37, 5, 4, 33, 3, 33, 32, 7, 18, 44, 44, 29, 50, 34, 16, 4, 49, 5, 24, 1, 1, 42, 25, 36, 21, 38, 46, 53, 51, 25, 5, 44, 15, 3, 23, 12, 10, 33, 53, 51, 35, 53, 1, 58, 2, 9, 56, 7, 26, 6, 23, 37]
[60, 48, 47, 60, 60, 43, 60, 60, 60, 29, 60, 31, 39, 60, 48, 60, 49, 32, 60, 60, 60, 25, 60, 60, 60, 60, 60, 60, 60, 41, 60, 57, 39, 60, 56, 55, 54, 60, 60, 53, 60, 58, 28, 60, 60, 29, 60, 13, 49, 60, 60, 60, 33, 60, 58, 60, 60, 60, 53, 60, 39, 15, 59, 36, 22, 60, 60, 60, 59, 60, 49, 60, 38, 33, 60, 19, 50, 54, 47, 60]
2
[0.0, 0.0]
[33.33, 100.0]
[[0, 2, 3, 2, 1, 2, 2, 0, 1, 1, 0, 3, 0, 2, 2, 0, 3, 3, 0, 1, 2, 3, 1, 3, 2, 3, 1, 3, 0, 2, 3, 2, 3, 2, 0, 3, 3, 1, 0, 2, 2, 3, 2, 1, 2, 2, 0, 0, 2, 1, 2, 3, 2, 2, 0, 0, 0, 3, 1, 1, 2, 1, 3, 1, 0, 2, 1, 1, 2, 2, 3, 2, 2, 1, 3, 3, 3, 2, 2, 1, 0, 2], [2, 0, 3, 2, 1, 1, 2, 2, 3, 2, 3, 4, 2, 3, 4, 3, 3, 2, 1, 3, 2, 3, 0, 4, 2, 3, 2, 3, 1, 3, 2, 2, 2, 3, 1, 3, 3, 2, 2, 3, 0, 3, 2, 1, 3, 1, 3, 2, 1, 2, 3, 3, 2, 1, 1, 1, 1, 3, 0, 3, 1, 2, 2, 0, 1, 4, 3, 0, 3, 2, 4, 3, 3, 2, 2, 4, 3, 1, 1, 1, 1, 3], [3, 3, 0, 1, 2, 1, 1, 2, 1, 1, 3, 1, 2, 0, 1, 3, 0, 0, 2, 1, 1, 1, 2, 1, 1, 1, 2, 0, 2, 0, 1, 1, 1, 0, 2, 1, 0, 1, 3, 0, 2, 1, 1, 2, 0, 1, 2, 3, 1, 1, 2, 0, 1, 1, 2, 2, 2, 1, 2, 2, 1, 1, 0, 2, 2, 1, 2, 3, 1, 1, 1, 1, 1, 1, 1, 1, 1, 2, 1, 2, 2, 0], [2, 2, 1, 0, 1, 0, 0, 1, 1, 0, 2, 2, 1, 1, 2, 2, 1, 0, 1, 2, 0, 1, 1, 2, 1, 1, 2, 1, 1, 1, 0, 0, 0, 0, 2, 1, 0, 1, 2, 0, 1, 1, 0, 1, 1, 0, 2, 2, 0, 1, 2, 1, 0, 0, 1, 2, 1, 1, 1, 2, 0, 0, 0, 1, 1, 2, 2, 1, 2, 0, 2, 1, 1, 0, 0, 2, 1, 0, 0, 1, 1, 1], [1, 1, 2, 1, 0, 1, 1, 0, 1, 1, 1, 2, 0, 1, 2, 1, 2, 2, 0, 1, 1, 2, 0, 2, 1, 2, 1, 2, 0, 1, 2, 1, 1, 1, 0, 2, 2, 0, 1, 1, 1, 2, 1, 0, 2, 1, 1, 1, 1, 0, 2, 2, 1, 1, 0, 0, 0, 2, 1, 1, 1, 0, 2, 0, 0, 2, 1, 1, 2, 1, 2, 1, 1, 0, 1, 2, 2, 1, 1, 0, 0, 2], [2, 1, 1, 0, 1, 0, 0, 1, 1, 0, 2, 2, 1, 1, 2, 2, 1, 1, 1, 2, 0, 1, 1, 2, 1, 1, 2, 1, 1, 1, 1, 0, 0, 1, 1, 1, 1, 0, 2, 1, 1, 1, 0, 1, 1, 0, 2, 2, 0, 1, 2, 1, 0, 0, 1, 1, 1, 1, 1, 2, 0, 0, 1, 1, 1, 2, 2, 1, 2, 0, 2, 1, 1, 0, 0, 2, 1, 0, 0, 1, 1, 1], [2, 2, 1, 0, 1, 0, 0, 1, 2, 1, 2, 2, 2, 1, 2, 3, 1, 0, 1, 2, 1, 1, 1, 2, 1, 1, 2, 1, 1, 1, 1, 0, 0, 1, 2, 1, 1, 1, 2, 1, 1, 1, 1, 1, 1, 0, 2, 2, 0, 1, 2, 1, 0, 0, 1, 2, 1, 1, 1, 2, 0, 1, 0, 1, 1, 2, 2, 1, 2, 0, 2, 2, 2, 0, 0, 2, 1, 0, 0, 1, 1, 1], [0, 2, 2, 1, 0, 1, 1, 0, 1, 1, 1, 2, 0, 2, 2, 1, 2, 2, 0, 1, 1, 3, 1, 2, 1, 2, 0, 2, 0, 2, 2, 1, 2, 2, 0, 2, 2, 0, 0, 2, 1, 3, 1, 1, 2, 1, 0, 0, 1, 0, 1, 2, 2, 1, 0, 0, 0, 3, 1, 1, 1, 0, 2, 1, 0, 2, 1, 1, 2, 1, 2, 1, 1, 1, 2, 2, 2, 1, 1, 0, 0, 2], [1, 3, 1, 1, 1, 1, 2, 1, 0, 0, 1, 1, 1, 1, 1, 1, 1, 2, 1, 0, 1, 2, 2, 1, 0, 2, 0, 1, 1, 1, 2, 1, 2, 1, 1, 2, 2, 0, 1, 1, 2, 2, 1, 2, 1, 2, 1, 1, 2, 0, 0, 1, 2, 2, 1, 1, 1, 2, 2, 0, 2, 1, 2, 2, 1, 1, 0, 2, 0, 2, 1, 0, 0, 1, 2, 1, 2, 2, 2, 1, 1, 1], [1, 2, 1, 0, 1, 0, 1, 1, 0, 0, 1, 1, 1, 0, 1, 2, 1, 1, 1, 1, 0, 2, 1, 1, 0, 1, 1, 1, 1, 0, 1, 0, 1, 0, 1, 1, 1, 0, 1, 0, 1, 2, 0, 1, 1, 1, 1, 1, 1, 0, 1, 1, 1, 1, 1, 1, 1, 2, 1, 1, 1, 0, 1, 1, 1, 1, 1, 2, 1, 1, 1, 0, 0, 0, 1, 1, 1, 1, 1, 1, 1, 1], [0, 3, 3, 2, 1, 2, 2, 1, 1, 1, 0, 2, 1, 2, 2, 0, 3, 3, 1, 1, 2, 3, 2, 2, 2, 3, 0, 3, 1, 2, 3, 2, 3, 2, 1, 3, 3, 1, 0, 2, 2, 3, 2, 2, 2, 2, 0, 0, 2, 1, 1, 3, 3, 2, 1, 1, 1, 3, 2, 1, 2, 1, 3, 2, 1, 2, 1, 2, 2, 2, 2, 1, 1, 2, 3, 2, 3, 2, 2, 1, 1, 2], [3, 4, 1, 2, 2, 2, 2, 2, 1, 1, 2, 0, 2, 1, 0, 2, 1, 2, 3, 1, 1, 2, 3, 0, 1, 2, 2, 1, 2, 1, 2, 2, 2, 1, 2, 2, 2, 2, 2, 1, 3, 2, 1, 3, 1, 2, 2, 2, 2, 1, 1, 1, 3, 3, 2, 3, 3, 2, 3, 1, 3, 2, 2, 3, 2, 0, 1, 3, 0, 2, 0, 1, 1, 2, 2, 0, 2, 3, 2, 2, 3, 1], [0, 2, 2, 1, 0, 1, 2, 0, 1, 1, 1, 2, 0, 2, 2, 1, 2, 2, 0, 1, 1, 3, 1, 3, 1, 3, 0, 2, 0, 2, 2, 1, 2, 2, 0, 2, 2, 0, 0, 2, 1, 3, 1, 1, 2, 1, 1, 0, 1, 1, 1, 2, 2, 1, 0, 0, 0, 3, 1, 1, 1, 1, 2, 1, 0, 2, 1, 1, 2, 1, 2, 1, 1, 1, 2, 2, 3, 1, 1, 0, 0, 2], [2, 3, 0, 1, 1, 1, 1, 2, 1, 0, 2, 1, 2, 0, 0, 2, 0, 1, 2, 1, 0, 1, 2, 1, 0, 1, 1, 0, 2, 0, 1, 1, 1, 0, 2, 1, 1, 1, 2, 0, 2, 1, 0, 2, 0, 1, 2, 2, 1, 1, 1, 0, 1, 1, 2, 2, 2, 1, 2, 1, 1, 1, 1, 2, 2, 0, 1, 2, 0, 1, 0, 0, 0, 1, 1, 1, 1, 2, 1, 2, 2, 0], [2, 4, 1, 2, 2, 2, 2, 2, 1, 1, 2, 0, 2, 0, 0, 2, 1, 2, 2, 0, 1, 2, 3, 0, 1, 2, 1, 1, 2, 1, 2, 2, 2, 1, 2, 2, 2, 1, 2, 1, 3, 2, 1, 3, 1, 2, 2, 2, 2, 1, 1, 1, 2, 2, 2, 2, 2, 2, 3, 1, 2, 1, 2, 3, 2, 0, 1, 3, 0, 2, 0, 0, 0, 1, 2, 0, 2, 2, 2, 2, 2, 1], [0, 3, 3, 2, 1, 2, 3, 1, 1, 2, 0, 2, 1, 2, 2, 0, 3, 3, 1, 1, 2, 4, 2, 2, 2, 3, 0, 3, 1, 2, 3, 2, 3, 2, 1, 3, 3, 1, 0, 2, 2, 4, 2, 2, 2, 3, 0, 0, 2, 1, 1, 3, 3, 2, 1, 1, 1, 4, 2, 1, 2, 2, 3, 2, 1, 2, 1, 2, 2, 2, 2, 1, 1, 2, 3, 2, 3, 3, 3, 1, 1, 2], [3, 3, 0, 1, 2, 1, 1, 2, 1, 1, 3, 1, 2, 0, 1, 3, 0, 0, 2, 1, 1, 1, 2, 1, 1, 1, 2, 0, 2, 0, 1, 1, 0, 0, 2, 0, 0, 1, 3, 0, 2, 1, 1, 2, 0, 1, 2, 3, 1, 1, 2, 0, 1, 1, 2, 2, 2, 1, 2, 2, 1, 1, 0, 2, 2, 1, 2, 3, 1, 1, 1, 1, 1, 1, 1, 1, 1, 2, 1, 2, 2, 0], [3, 2, 0, 0, 2, 1, 0, 2, 2, 1, 3, 2, 2, 1, 2, 3, 0, 0, 2, 2, 0, 0, 2, 2, 1, 0, 2, 0, 2, 0, 0, 0, 0, 0, 2, 0, 0, 1, 3, 0, 2, 0, 1, 2, 0, 0, 3, 3, 1, 1, 2, 1, 0, 1, 2, 2, 2, 0, 2, 2, 1, 1, 0, 2, 2, 2, 2, 2, 2, 0, 2, 1, 2, 1, 0, 2, 0, 1, 1, 2, 2, 0], [0, 1, 2, 1, 0, 1, 1, 0, 1, 1, 1, 3, 0, 2, 2, 1, 2, 2, 0, 1, 1, 3, 0, 3, 1, 2, 1, 2, 0, 2, 2, 1, 2, 2, 0, 2, 2, 1, 1, 2, 1, 3, 1, 0, 2, 1, 1, 1, 1, 1, 2, 2, 1, 1, 0, 0, 0, 3, 1, 1, 1, 1, 2, 0, 0, 2, 1, 1, 2, 1, 2, 1, 1, 1, 2, 3, 2, 1, 1, 0, 0, 2], [1, 3, 1, 2, 1, 2, 2, 1, 0, 1, 1, 1, 1, 1, 0, 1, 1, 2, 1, 0, 1, 2, 2, 1, 1, 2, 0, 1, 1, 1, 2, 2, 2, 1, 1, 2, 2, 1, 1, 1, 2, 2, 1, 2, 1, 2, 1, 1, 2, 0, 0, 1, 2, 2, 1, 2, 2, 2, 2, 0, 2, 1, 2, 2, 1, 0, 0, 2, 0, 2, 1, 0, 0, 1, 2, 1, 2, 2, 2, 1, 2, 1], [2, 2, 1, 0, 1, 0, 1, 1, 1, 0, 2, 1, 1, 0, 1, 2, 1, 0, 1, 1, 0, 1, 1, 1, 0, 1, 1, 1, 1, 0, 1, 0, 1, 0, 1, 1, 1, 0, 2, 0, 1, 1, 0, 1, 0, 1, 2, 2, 0, 0, 1, 1, 1, 1, 1, 1, 1, 1, 1, 1, 1, 0, 1, 1, 1, 1, 1, 2, 1, 0, 1, 1, 1, 0, 1, 1, 1, 1, 1, 1, 1, 0], [3, 3, 1, 1, 2, 1, 1, 3, 2, 2, 3, 2, 3, 1, 2, 4, 1, 0, 3, 2, 1, 0, 2, 2, 1, 0, 3, 1, 2, 1, 0, 1, 0, 1, 3, 0, 0, 2, 3, 1, 2, 0, 1, 2, 1, 1, 3, 3, 1, 2, 3, 1, 1, 1, 2, 3, 3, 0, 2, 3, 1, 2, 0, 2, 2, 2, 3, 2, 2, 1, 2, 2, 2, 1, 0, 2, 0, 1, 1, 2, 3, 1], [1, 0, 2, 1, 0, 1, 1, 1, 2, 1, 2, 3, 1, 2, 3, 2, 2, 2, 0, 2, 1, 2, 0, 3, 1, 2, 2, 2, 0, 2, 2, 1, 2, 2, 1, 2, 2, 1, 1, 2, 0, 2, 1, 0, 2, 1, 2, 2, 1, 1, 2, 2, 1, 1, 1, 0, 0, 2, 0, 2, 1, 1, 2, 0, 1, 3, 2, 0, 3, 1, 3, 2, 2, 1, 2, 3, 2, 1, 1, 0, 0, 2], [3, 4, 1, 2, 2, 2, 2, 2, 1, 1, 2, 0, 3, 1, 0, 2, 1, 2, 3, 1, 1, 2, 3, 0, 1, 2, 2, 1, 3, 1, 2, 2, 2, 1, 3, 2, 2, 2, 3, 1, 3, 2, 1, 3, 1, 3, 2, 2, 2, 2, 1, 1, 3, 3, 2, 3, 3, 2, 3, 1, 3, 2, 2, 3, 2, 0, 1, 4, 0, 2, 0, 1, 1, 2, 2, 0, 2, 3, 3, 3, 3, 1], [2, 2, 1, 1, 1, 1, 1, 1, 0, 0, 2, 1, 1, 0, 1, 2, 1, 1, 1, 1, 0, 1, 1, 1, 0, 1, 1, 1, 1, 0, 1, 1, 1, 0, 1, 1, 1, 0, 1, 0, 2, 1, 0, 1, 0, 1, 1, 1, 1, 0, 1, 1, 1, 1, 1, 1, 1, 1, 2, 1, 1, 0, 1, 1, 1, 1, 1, 2, 1, 1, 1, 0, 0, 0, 1, 1, 1, 1, 1, 1, 1, 0], [3, 3, 1, 1, 2, 1, 1, 2, 2, 1, 3, 2, 3, 1, 2, 3, 1, 0, 2, 2, 1, 0, 2, 2, 1, 0, 3, 0, 2, 1, 0, 1, 0, 1, 3, 0, 0, 2, 3, 1, 2, 0, 1, 2, 1, 1, 3, 3, 1, 2, 3, 1, 1, 1, 2, 3, 2, 0, 2, 3, 1, 1, 0, 2, 2, 2, 3, 2, 2, 1, 2, 2, 2, 1, 0, 2, 0, 1, 1, 2, 3, 1], [1, 2, 2, 2, 1, 2, 2, 0, 0, 1, 0, 2, 0, 1, 1, 0, 2, 2, 1, 0, 1, 3, 2, 2, 1, 3, 0, 2, 1, 2, 3, 2, 2, 2, 1, 3, 2, 1, 0, 2, 2, 3, 1, 1, 2, 2, 0, 0, 2, 1, 1, 2, 2, 2, 0, 1, 1, 3, 2, 0, 2, 1, 2, 2, 1, 1, 0, 2, 1, 2, 2, 1, 1, 1, 2, 2, 3, 2, 2, 1, 1, 2], [3, 3, 0, 1, 2, 1, 1, 2, 1, 1, 3, 1, 2, 0, 1, 3, 0, 0, 2, 1, 1, 1, 2, 1, 1, 0, 2, 0, 2, 0, 1, 1, 0, 0, 2, 0, 0, 1, 3, 0, 2, 1, 1, 2, 0, 1, 2, 3, 1, 1, 2, 0, 1, 1, 2, 2, 2, 0, 2, 2, 1, 1, 0, 2, 2, 1, 2, 3, 1, 1, 1, 1, 1, 1, 0, 1, 1, 1, 1, 2, 2, 0], [0, 1, 2, 1, 0, 1, 1, 0, 1, 1, 1, 2, 0, 2, 2, 1, 2, 2, 0, 1, 1, 2, 0, 3, 1, 2, 1, 2, 0, 2, 2, 1, 2, 2, 0, 2, 2, 0, 0, 2, 1, 2, 1, 0, 2, 1, 1, 1, 1, 1, 2, 2, 1, 1, 0, 0, 0, 3, 1, 1, 1, 1, 2, 1, 0, 2, 1, 1, 2, 1, 2, 1, 1, 1, 2, 2, 2, 1, 1, 0, 0, 2], [2, 3, 0, 1, 1, 1, 1, 2, 1, 0, 2, 1, 2, 0, 1, 2, 0, 0, 2, 1, 0, 1, 2, 1, 0, 1, 2, 0, 2, 0, 1, 1, 1, 0, 2, 1, 1, 1, 2, 0, 2, 1, 0, 2, 0, 1, 2, 2, 1, 1, 1, 0, 1, 1, 1, 2, 2, 1, 2, 1, 1, 1, 0, 2, 1, 1, 1, 2, 1, 1, 1, 1, 1, 0, 1, 1, 1, 1, 1, 2, 2, 0], [3, 2, 1, 0, 2, 1, 1, 2, 2, 1, 3, 2, 2, 1, 2, 3, 1, 0, 2, 2, 1, 0, 2, 2, 1, 0, 3, 1, 2, 1, 0, 1, 0, 1, 2, 0, 0, 2, 3, 1, 2, 0, 1, 2, 1, 1, 3, 3, 1, 2, 3, 1, 0, 1, 2, 2, 2, 0, 2, 2, 1, 1, 0, 2, 2, 2, 2, 2, 2, 0, 2, 2, 2, 1, 0, 2, 0, 1, 1, 2, 2, 1], [2, 2, 1, 0, 1, 0, 0, 1, 1, 0, 2, 2, 1, 1, 2, 2, 1, 0, 1, 2, 0, 1, 1, 2, 1, 1, 2, 1, 1, 1, 1, 0, 0, 1, 1, 1, 1, 1, 2, 1, 1, 1, 0, 1, 1, 0, 2, 2, 0, 1, 2, 1, 0, 0, 1, 1, 1, 1, 1, 2, 0, 0, 0, 1, 1, 2, 2, 1, 2, 0, 2, 1, 1, 0, 0, 2, 1, 0, 0, 1, 1, 1], [3, 2, 1, 0, 1, 0, 0, 2, 2, 1, 3, 2, 2, 1, 2, 3, 0, 0, 2, 2, 1, 0, 2, 2, 1, 0, 2, 0, 2, 1, 0, 0, 0, 0, 2, 0, 0, 1, 3, 0, 1, 0, 1, 2, 1, 0, 3, 3, 0, 1, 2, 1, 0, 1, 2, 2, 2, 0, 2, 2, 1, 1, 0, 2, 2, 2, 2, 2, 2, 0, 2, 1, 2, 1, 0, 2, 0, 1, 0, 2, 2, 1], [2, 3, 0, 0, 1, 1, 1, 2, 1, 0, 2, 1, 2, 0, 1, 2, 0, 0, 2, 1, 0, 1, 2, 1, 0, 1, 2, 0, 2, 0, 1, 1, 0, 0, 2, 1, 0, 1, 2, 0, 2, 1, 0, 2, 0, 1, 2, 2, 1, 1, 1, 0, 1, 1, 1, 2, 2, 1, 2, 1, 1, 1, 0, 2, 1, 1, 1, 2, 1, 1, 1, 1, 1, 0, 0, 1, 1, 1, 1, 1, 2, 0], [0, 1, 2, 2, 0, 1, 2, 0, 1, 1, 1, 2, 0, 2, 2, 1, 2, 2, 0, 1, 1, 3, 1, 3, 1, 3, 1, 2, 0, 2, 2, 1, 2, 2, 0, 3, 2, 1, 0, 2, 1, 3, 1, 0, 2, 1, 1, 1, 1, 1, 2, 2, 2, 1, 0, 0, 0, 3, 1, 1, 1, 1, 2, 1, 0, 2, 1, 1, 2, 2, 2, 1, 1, 1, 2, 3, 3, 1, 1, 0, 0, 2], [3, 3, 1, 1, 2, 1, 1, 2, 2, 1, 3, 2, 2, 1, 2, 3, 0, 0, 2, 2, 1, 0, 2, 2, 1, 0, 3, 0, 2, 1, 0, 1, 0, 1, 3, 0, 0, 2, 3, 1, 2, 0, 1, 2, 1, 1, 3, 3, 1, 2, 2, 1, 1, 1, 2, 3, 2, 0, 2, 2, 1, 1, 0, 2, 2, 2, 2, 2, 2, 1, 2, 2, 2, 1, 0, 2, 0, 1, 1, 2, 2, 1], [3, 3, 0, 0, 2, 1, 1, 2, 2, 1, 3, 2, 2, 1, 2, 3, 0, 0, 2, 2, 1, 0, 2, 2, 1, 0, 2, 0, 2, 1, 0, 1, 0, 0, 2, 0, 0, 1, 3, 0, 2, 0, 1, 2, 1, 1, 3, 3, 1, 1, 2, 1, 1, 1, 2, 2, 2, 0, 2, 2, 1, 1, 0, 2, 2, 2, 2, 2, 2, 1, 2, 2, 2, 1, 0, 2, 0, 1, 1, 2, 2, 0], [1, 2, 1, 1, 0, 0, 1, 0, 0, 0, 1, 2, 0, 1, 1, 1, 1, 1, 1, 1, 0, 2, 1, 2, 0, 2, 1, 1, 0, 1, 2, 1, 1, 1, 1, 2, 1, 0, 1, 1, 1, 2, 0, 1, 1, 1, 1, 1, 1, 0, 1, 1, 1, 1, 0, 1, 1, 2, 1, 1, 1, 0, 1, 1, 0, 1, 1, 1, 1, 1, 1, 1, 1, 0, 1, 2, 2, 1, 1, 0, 1, 1], [0, 2, 3, 2, 1, 2, 2, 0, 1, 1, 0, 2, 0, 2, 2, 0, 3, 3, 1, 1, 2, 3, 1, 3, 1, 3, 0, 3, 0, 2, 3, 2, 3, 2, 0, 3, 3, 1, 0, 2, 2, 3, 1, 1, 2, 2, 0, 0, 2, 1, 1, 3, 2, 2, 0, 0, 1, 3, 2, 1, 2, 1, 3, 1, 0, 2, 1, 2, 2, 2, 2, 1, 1, 1, 3, 2, 3, 2, 2, 1, 0, 2], [2, 3, 0, 0, 1, 1, 1, 2, 1, 0, 2, 1, 2, 0, 1, 2, 0, 0, 2, 1, 0, 1, 2, 1, 0, 1, 2, 0, 2, 0, 1, 1, 0, 0, 2, 1, 0, 1, 2, 0, 2, 1, 0, 2, 0, 1, 2, 2, 1, 1, 1, 0, 1, 1, 2, 2, 2, 1, 2, 1, 1, 1, 0, 2, 1, 1, 1, 2, 1, 1, 1, 1, 1, 0, 1, 1, 1, 1, 1, 2, 2, 0], [2, 0, 2, 1, 1, 1, 1, 1, 2, 1, 2, 3, 1, 2, 3, 2, 2, 2, 1, 2, 1, 2, 0, 3, 2, 2, 2, 2, 1, 2, 2, 1, 1, 2, 1, 2, 2, 1, 2, 2, 0, 2, 1, 0, 2, 1, 2, 2, 1, 1, 3, 2, 1, 0, 1, 1, 1, 2, 0, 2, 0, 1, 2, 0, 1, 3, 3, 0, 3, 1, 3, 2, 2, 1, 1, 3, 2, 0, 1, 1, 1, 2], [3, 3, 1, 1, 2, 1, 1, 3, 2, 2, 3, 2, 3, 1, 2, 4, 1, 0, 3, 2, 1, 0, 2, 2, 1, 0, 3, 1, 2, 1, 0, 1, 0, 1, 3, 0, 0, 2, 3, 1, 2, 0, 1, 2, 1, 1, 3, 3, 1, 2, 3, 1, 1, 1, 2, 3, 3, 0, 2, 3, 1, 2, 0, 2, 2, 2, 3, 2, 2, 1, 2, 2, 2, 1, 0, 2, 0, 1, 1, 2, 3, 1], [2, 2, 1, 0, 1, 0, 1, 1, 1, 0, 2, 1, 1, 0, 1, 2, 1, 1, 1, 1, 0, 1, 1, 1, 0, 1, 1, 1, 1, 0, 1, 0, 1, 0, 1, 1, 1, 0, 1, 0, 1, 1, 0, 1, 0, 1, 1, 2, 1, 0, 1, 1, 1, 1, 1, 1, 1, 1, 2, 1, 1, 0, 1, 1, 1, 1, 1, 2, 1, 1, 1, 0, 0, 0, 1, 1, 1, 1, 1, 1, 1, 0], [1, 1, 2, 1, 0, 1, 1, 1, 2, 1, 2, 3, 1, 2, 3, 2, 2, 2, 0, 2, 1, 2, 0, 3, 1, 2, 1, 2, 0, 2, 2, 1, 2, 2, 0, 2, 2, 1, 1, 2, 0, 2, 1, 0, 2, 1, 2, 1, 1, 1, 2, 2, 1, 1, 0, 0, 0, 2, 0, 2, 1, 1, 2, 0, 0, 3, 2, 0, 2, 1, 3, 2, 2, 1, 2, 3, 2, 1, 1, 0, 0, 2], [2, 3, 0, 1, 2, 1, 1, 2, 1, 1, 2, 1, 2, 0, 1, 2, 0, 0, 2, 1, 0, 1, 2, 1, 0, 1, 2, 0, 2, 0, 1, 1, 1, 0, 2, 1, 1, 1, 2, 0, 2, 1, 0, 2, 0, 1, 2, 2, 1, 1, 1, 0, 1, 1, 2, 2, 2, 1, 2, 1, 1, 1, 0, 2, 2, 1, 1, 2, 1, 1, 1, 1, 1, 1, 1, 1, 1, 2, 1, 2, 2, 0], [2, 1, 1, 0, 1, 0, 0, 1, 2, 1, 2, 2, 1, 1, 2, 3, 1, 0, 1, 2, 1, 1, 1, 3, 1, 1, 2, 1, 1, 1, 1, 0, 0, 1, 1, 1, 1, 1, 2, 1, 1, 1, 1, 1, 1, 0, 2, 2, 0, 1, 2, 1, 0, 0, 1, 1, 1, 1, 1, 2, 0, 0, 1, 1, 1, 2, 2, 1, 2, 0, 2, 2, 2, 0, 0, 2, 1, 0, 0, 1, 1, 1], [0, 3, 2, 2, 1, 2, 2, 0, 1, 1, 0, 2, 1, 2, 2, 0, 2, 3, 1, 1, 2, 3, 2, 2, 1, 3, 0, 2, 1, 2, 3, 2, 3, 2, 1, 3, 3, 1, 0, 2, 2, 3, 1, 2, 2, 2, 0, 0, 2, 1, 1, 2, 2, 2, 1, 1, 1, 3, 2, 0, 2, 1, 3, 2, 1, 2, 1, 2, 2, 2, 2, 1, 1, 1, 3, 2, 3, 2, 2, 1, 1, 2], [0, 2, 3, 2, 1, 2, 2, 0, 1, 1, 0, 2, 0, 2, 2, 0, 3, 3, 1, 1, 2, 3, 2, 2, 1, 3, 0, 3, 1, 2, 3, 2, 3, 2, 1, 3, 3, 1, 0, 2, 2, 3, 2, 1, 2, 2, 0, 0, 2, 1, 1, 3, 2, 2, 1, 1, 1, 3, 2, 1, 2, 1, 3, 2, 1, 2, 1, 2, 2, 2, 2, 1, 1, 1, 3, 2, 3, 2, 2, 1, 1, 2], [2, 1, 1, 0, 1, 0, 0, 1, 2, 1, 2, 2, 1, 1, 2, 2, 1, 1, 1, 2, 0, 1, 1, 2, 1, 1, 2, 1, 1, 1, 1, 0, 0, 1, 1, 1, 1, 1, 2, 1, 1, 1, 1, 1, 1, 0, 2, 2, 0, 1, 2, 1, 0, 0, 1, 1, 1, 1, 1, 2, 0, 0, 1, 1, 1, 2, 2, 1, 2, 0, 2, 1, 2, 0, 0, 2, 1, 0, 0, 1, 1, 1], [1, 2, 1, 1, 0, 1, 1, 0, 0, 0, 1, 1, 1, 1, 1, 1, 1, 1, 1, 0, 0, 2, 1, 2, 0, 2, 1, 1, 1, 1, 2, 1, 1, 1, 1, 2, 1, 0, 1, 1, 1, 2, 0, 1, 1, 1, 1, 1, 1, 0, 1, 1, 1, 1, 0, 1, 1, 2, 1, 1, 1, 0, 1, 1, 0, 1, 1, 2, 1, 1, 1, 0, 0, 0, 1, 1, 2, 1, 1, 1, 1, 1], [2, 3, 2, 2, 2, 2, 2, 1, 0, 1, 1, 1, 1, 1, 1, 1, 2, 2, 2, 0, 1, 3, 2, 1, 1, 3, 1, 2, 2, 1, 3, 2, 2, 1, 2, 2, 2, 1, 1, 1, 3, 3, 1, 2, 1, 2, 1, 1, 2, 1, 0, 2, 2, 2, 1, 2, 2, 3, 3, 0, 2, 1, 2, 2, 1, 0, 0, 3, 0, 2, 1, 0, 0, 1, 2, 1, 3, 3, 2, 2, 2, 1], [3, 3, 0, 1, 2, 1, 1, 2, 1, 1, 3, 1, 2, 0, 1, 3, 0, 1, 2, 1, 1, 1, 2, 1, 1, 1, 2, 0, 2, 0, 1, 1, 1, 0, 2, 1, 1, 1, 3, 0, 2, 1, 1, 2, 0, 1, 2, 3, 1, 1, 2, 0, 1, 2, 2, 2, 2, 1, 3, 2, 2, 1, 1, 2, 2, 1, 1, 3, 1, 1, 1, 1, 1, 1, 1, 1, 1, 2, 1, 2, 2, 0], [2, 2, 1, 0, 1, 0, 0, 2, 2, 1, 3, 3, 2, 1, 2, 3, 1, 0, 1, 2, 1, 1, 1, 3, 1, 1, 2, 1, 1, 1, 0, 0, 0, 1, 2, 1, 1, 1, 2, 1, 1, 1, 1, 1, 1, 0, 2, 2, 0, 1, 2, 1, 0, 0, 1, 2, 1, 1, 1, 2, 0, 1, 0, 1, 1, 2, 2, 1, 2, 0, 2, 2, 2, 1, 0, 2, 1, 0, 0, 1, 2, 1], [2, 1, 1, 0, 1, 0, 0, 1, 2, 1, 2, 3, 1, 1, 2, 2, 1, 1, 1, 2, 1, 1, 1, 3, 1, 1, 2, 1, 1, 1, 1, 0, 1, 1, 1, 1, 1, 1, 2, 1, 0, 1, 1, 1, 1, 0, 2, 2, 0, 1, 2, 2, 0, 0, 1, 1, 1, 1, 1, 2, 0, 0, 1, 0, 1, 2, 2, 1, 2, 0, 2, 2, 2, 0, 1, 2, 1, 0, 0, 1, 1, 1], [0, 1, 2, 1, 0, 1, 1, 0, 1, 1, 1, 2, 0, 2, 2, 1, 2, 2, 0, 1, 1, 2, 1, 2, 1, 2, 0, 2, 0, 1, 2, 1, 2, 1, 0, 2, 2, 0, 0, 2, 1, 2, 1, 0, 2, 1, 1, 1, 1, 0, 1, 2, 1, 1, 0, 0, 0, 2, 1, 1, 1, 0, 2, 1, 0, 2, 1, 1, 2, 1, 2, 1, 1, 1, 2, 2, 2, 1, 1, 0, 0, 2], [0, 1, 2, 2, 0, 1, 2, 0, 1, 1, 1, 3, 0, 2, 2, 1, 2, 2, 0, 2, 1, 3, 0, 3, 1, 3, 1, 2, 0, 2, 2, 1, 2, 2, 0, 3, 2, 1, 0, 2, 1, 3, 1, 0, 2, 1, 1, 1, 1, 1, 2, 2, 2, 1, 0, 0, 0, 3, 1, 1, 1, 1, 2, 1, 0, 2, 2, 1, 2, 2, 2, 2, 1, 1, 2, 3, 3, 1, 1, 0, 0, 2], [0, 1, 2, 1, 0, 1, 1, 0, 1, 1, 1, 3, 0, 2, 2, 1, 2, 2, 0, 2, 1, 3, 0, 3, 1, 2, 1, 2, 0, 2, 2, 1, 2, 2, 0, 2, 2, 1, 1, 2, 1, 3, 1, 0, 2, 1, 1, 1, 1, 1, 2, 2, 1, 1, 0, 0, 0, 3, 0, 2, 1, 1, 2, 0, 0, 2, 2, 0, 2, 1, 3, 2, 2, 1, 2, 3, 2, 1, 1, 0, 0, 2], [3, 3, 1, 1, 2, 1, 1, 3, 2, 2, 3, 2, 3, 1, 2, 4, 1, 0, 3, 2, 1, 0, 2, 2, 1, 0, 3, 0, 3, 1, 0, 1, 0, 1, 3, 0, 0, 2, 3, 1, 2, 0, 1, 2, 1, 1, 3, 3, 1, 2, 3, 1, 1, 1, 2, 3, 3, 0, 2, 3, 1, 2, 0, 2, 2, 2, 3, 3, 2, 1, 2, 2, 2, 1, 0, 2, 0, 1, 1, 2, 3, 1], [1, 0, 2, 1, 1, 1, 1, 1, 2, 1, 2, 3, 1, 2, 3, 2, 2, 2, 1, 2, 1, 2, 0, 3, 2, 2, 2, 2, 1, 2, 2, 1, 2, 2, 1, 2, 2, 1, 2, 2, 0, 2, 2, 0, 2, 1, 2, 2, 1, 1, 3, 3, 1, 1, 1, 1, 0, 2, 0, 2, 1, 1, 2, 0, 1, 3, 2, 0, 3, 1, 3, 2, 2, 1, 2, 3, 2, 1, 1, 1, 1, 2], [1, 3, 2, 2, 1, 2, 2, 1, 0, 1, 1, 1, 1, 1, 1, 1, 2, 2, 1, 0, 1, 3, 2, 1, 1, 3, 0, 2, 1, 1, 2, 2, 2, 1, 1, 2, 2, 1, 1, 1, 2, 3, 1, 2, 1, 2, 0, 1, 2, 1, 0, 2, 2, 2, 1, 1, 2, 3, 2, 0, 2, 1, 2, 2, 1, 1, 0, 2, 1, 2, 1, 0, 0, 1, 2, 1, 3, 2, 2, 1, 1, 1], [2, 1, 1, 0, 1, 0, 0, 1, 2, 1, 2, 3, 1, 1, 2, 2, 1, 1, 1, 2, 1, 1, 1, 3, 1, 1, 2, 1, 1, 1, 1, 0, 1, 1, 1, 1, 1, 1, 2, 1, 0, 1, 1, 1, 1, 0, 2, 2, 0, 1, 2, 2, 0, 0, 1, 1, 1, 1, 1, 2, 0, 0, 1, 0, 1, 2, 2, 1, 2, 0, 2, 2, 2, 1, 1, 2, 1, 0, 0, 1, 1, 1], [1, 2, 1, 0, 0, 0, 1, 0, 1, 0, 1, 2, 1, 1, 1, 2, 1, 1, 1, 1, 0, 2, 1, 2, 0, 1, 1, 1, 1, 1, 1, 0, 1, 1, 1, 1, 1, 0, 1, 1, 1, 2, 0, 1, 1, 0, 1, 1, 0, 0, 1, 1, 1, 0, 0, 1, 1, 2, 1, 1, 0, 0, 1, 1, 0, 2, 1, 1, 1, 0, 2, 1, 1, 0, 1, 2, 1, 1, 1, 0, 1, 1], [3, 2, 0, 0, 2, 1, 0, 2, 2, 1, 3, 2, 2, 1, 2, 3, 0, 0, 2, 2, 1, 0, 2, 2, 1, 0, 2, 0, 2, 0, 0, 0, 0, 0, 2, 0, 0, 1, 3, 0, 2, 0, 1, 2, 0, 1, 3, 3, 1, 1, 2, 1, 0, 1, 2, 2, 2, 0, 2, 2, 1, 1, 0, 2, 2, 2, 2, 2, 2, 0, 2, 1, 2, 1, 0, 2, 0, 1, 1, 2, 2, 0], [1, 0, 2, 1, 0, 1, 1, 1, 2, 1, 2, 3, 1, 2, 3, 2, 2, 2, 0, 2, 1, 2, 0, 3, 1, 2, 2, 2, 1, 2, 2, 1, 2, 2, 1, 2, 2, 1, 1, 2, 0, 2, 1, 0, 2, 1, 2, 2, 1, 1, 2, 2, 1, 0, 1, 1, 0, 2, 0, 2, 0, 1, 2, 0, 1, 3, 2, 0, 3, 1, 3, 2, 2, 1, 2, 3, 2, 0, 1, 0, 1, 2], [0, 1, 2, 1, 0, 1, 1, 0, 1, 1, 1, 2, 0, 2, 2, 1, 2, 2, 0, 1, 1, 2, 1, 2, 1, 2, 1, 2, 0, 1, 2, 1, 2, 1, 0, 2, 2, 0, 0, 1, 1, 2, 1, 0, 2, 1, 1, 1, 1, 0, 1, 2, 1, 1, 0, 0, 0, 2, 1, 1, 1, 0, 2, 1, 0, 2, 1, 1, 2, 1, 2, 1, 1, 1, 2, 2, 2, 1, 1, 0, 0, 2], [2, 4, 1, 2, 2, 2, 2, 2, 1, 1, 2, 0, 2, 0, 0, 2, 1, 2, 2, 0, 1, 2, 3, 0, 1, 2, 1, 1, 2, 1, 2, 2, 2, 1, 2, 2, 2, 1, 2, 1, 3, 2, 1, 3, 1, 2, 2, 2, 2, 1, 0, 1, 2, 2, 2, 2, 2, 2, 3, 1, 2, 2, 2, 3, 2, 0, 1, 3, 0, 2, 0, 0, 0, 1, 2, 0, 2, 3, 2, 2, 2, 1], [1, 3, 2, 2, 1, 2, 2, 1, 0, 1, 1, 1, 1, 1, 1, 1, 2, 2, 1, 0, 1, 3, 2, 1, 1, 3, 0, 2, 1, 1, 2, 2, 2, 1, 1, 2, 2, 1, 1, 1, 3, 3, 1, 2, 1, 2, 1, 1, 2, 1, 0, 1, 2, 2, 1, 2, 2, 3, 2, 0, 2, 1, 2, 2, 1, 1, 0, 3, 0, 2, 1, 0, 0, 1, 2, 1, 3, 2, 2, 1, 2, 1], [1, 0, 3, 1, 1, 1, 1, 1, 2, 2, 2, 3, 1, 2, 3, 2, 3, 2, 1, 2, 2, 2, 0, 4, 2, 2, 2, 3, 1, 2, 2, 1, 2, 2, 1, 2, 2, 1, 2, 2, 0, 2, 2, 0, 2, 1, 2, 2, 1, 2, 3, 3, 1, 1, 1, 1, 0, 3, 0, 2, 1, 1, 2, 0, 1, 3, 3, 0, 3, 1, 3, 2, 2, 1, 2, 3, 2, 1, 1, 1, 1, 2], [2, 3, 1, 2, 2, 2, 2, 2, 0, 1, 2, 0, 2, 0, 0, 2, 1, 2, 2, 0, 1, 2, 3, 0, 1, 2, 1, 1, 2, 1, 2, 2, 2, 1, 2, 2, 2, 1, 2, 1, 3, 2, 1, 2, 1, 2, 2, 2, 2, 1, 0, 1, 2, 2, 2, 2, 2, 2, 3, 1, 2, 1, 2, 3, 2, 0, 0, 3, 0, 2, 0, 0, 0, 1, 2, 0, 2, 2, 2, 2, 2, 1], [2, 2, 1, 0, 1, 0, 0, 1, 2, 1, 2, 2, 1, 1, 2, 2, 1, 0, 1, 2, 0, 1, 1, 2, 1, 1, 2, 1, 1, 1, 0, 0, 0, 1, 2, 1, 1, 1, 2, 1, 1, 1, 1, 1, 1, 0, 2, 2, 0, 1, 2, 1, 0, 0, 1, 2, 1, 1, 1, 2, 0, 0, 0, 1, 1, 2, 2, 1, 2, 0, 2, 1, 1, 0, 0, 2, 1, 0, 0, 1, 1, 1], [3, 4, 1, 2, 2, 2, 2, 2, 1, 1, 2, 0, 2, 0, 0, 2, 1, 2, 2, 1, 1, 2, 3, 0, 1, 2, 2, 1, 2, 1, 2, 2, 2, 1, 2, 2, 2, 1, 2, 1, 3, 2, 1, 3, 1, 2, 2, 2, 2, 1, 1, 1, 2, 2, 2, 2, 3, 2, 3, 1, 2, 2, 2, 3, 2, 0, 1, 3, 0, 2, 0, 0, 1, 1, 2, 0, 2, 3, 2, 2, 2, 1], [2, 3, 1, 1, 1, 1, 2, 1, 0, 0, 1, 1, 1, 0, 0, 1, 1, 1, 1, 0, 1, 2, 2, 1, 0, 2, 1, 1, 1, 1, 2, 1, 1, 1, 1, 2, 2, 1, 1, 1, 2, 2, 0, 2, 1, 2, 1, 1, 1, 0, 0, 1, 2, 2, 1, 2, 2, 2, 2, 0, 2, 1, 1, 2, 1, 0, 0, 2, 0, 1, 0, 0, 0, 1, 2, 1, 2, 2, 2, 1, 2, 1], [2, 3, 1, 1, 1, 1, 2, 1, 0, 0, 1, 1, 1, 0, 0, 1, 1, 2, 1, 0, 1, 2, 2, 1, 0, 2, 1, 1, 1, 1, 2, 1, 2, 1, 1, 2, 2, 1, 1, 1, 2, 2, 0, 2, 1, 2, 1, 1, 2, 0, 0, 1, 2, 2, 1, 1, 2, 2, 2, 0, 2, 1, 2, 2, 1, 0, 0, 2, 0, 1, 1, 0, 0, 1, 2, 1, 2, 2, 2, 1, 1, 1], [1, 2, 1, 0, 0, 0, 0, 1, 1, 0, 2, 2, 1, 1, 1, 2, 1, 1, 1, 1, 0, 1, 1, 2, 0, 1, 1, 1, 1, 0, 1, 0, 1, 0, 1, 1, 1, 0, 1, 0, 1, 1, 0, 1, 1, 0, 1, 1, 0, 0, 1, 1, 1, 0, 1, 1, 1, 1, 1, 1, 1, 0, 1, 1, 1, 1, 1, 1, 1, 0, 1, 1, 1, 0, 1, 2, 1, 1, 0, 1, 1, 1], [3, 2, 1, 0, 1, 0, 0, 2, 2, 1, 3, 2, 2, 1, 2, 3, 1, 0, 2, 2, 1, 0, 2, 2, 1, 0, 2, 0, 2, 1, 0, 0, 0, 0, 2, 0, 0, 1, 3, 1, 1, 0, 1, 2, 1, 0, 3, 3, 0, 1, 2, 1, 0, 1, 2, 2, 2, 0, 2, 2, 1, 1, 0, 2, 2, 2, 2, 2, 2, 0, 2, 2, 2, 1, 0, 2, 0, 1, 0, 2, 2, 1], [3, 4, 1, 2, 2, 2, 2, 2, 1, 1, 2, 0, 2, 1, 0, 2, 1, 2, 3, 1, 1, 2, 3, 0, 1, 2, 2, 1, 2, 1, 2, 2, 2, 1, 3, 2, 2, 2, 2, 1, 3, 2, 1, 3, 1, 2, 2, 2, 2, 1, 1, 1, 2, 2, 2, 3, 3, 2, 3, 1, 2, 2, 2, 3, 2, 0, 1, 3, 0, 2, 0, 1, 1, 2, 2, 0, 2, 3, 2, 2, 3, 1], [3, 3, 1, 1, 2, 1, 1, 2, 2, 1, 3, 2, 3, 1, 2, 3, 1, 0, 2, 2, 1, 0, 2, 2, 1, 0, 3, 1, 2, 1, 0, 1, 0, 1, 3, 0, 0, 2, 3, 1, 2, 0, 1, 2, 1, 1, 3, 3, 1, 2, 3, 1, 1, 1, 2, 3, 2, 0, 2, 3, 1, 1, 0, 2, 2, 2, 3, 2, 2, 1, 2, 2, 2, 1, 0, 2, 0, 1, 1, 2, 3, 1], [2, 1, 2, 0, 1, 0, 0, 1, 2, 1, 2, 3, 1, 2, 2, 3, 2, 1, 1, 2, 1, 1, 1, 3, 1, 1, 2, 1, 1, 1, 1, 0, 1, 1, 1, 1, 1, 1, 2, 1, 0, 1, 1, 1, 2, 0, 2, 2, 0, 1, 3, 2, 0, 0, 1, 1, 1, 1, 1, 2, 0, 1, 1, 0, 1, 3, 2, 1, 2, 0, 3, 2, 2, 1, 1, 3, 1, 0, 0, 1, 1, 1], [2, 1, 1, 0, 1, 0, 0, 1, 2, 1, 2, 2, 1, 1, 2, 3, 1, 1, 1, 2, 1, 1, 1, 3, 1, 1, 2, 1, 1, 1, 1, 0, 0, 1, 1, 1, 1, 1, 2, 1, 1, 1, 1, 1, 1, 0, 2, 2, 0, 1, 2, 1, 0, 0, 1, 1, 1, 1, 1, 2, 0, 1, 1, 1, 1, 2, 2, 1, 2, 0, 2, 2, 2, 0, 0, 2, 1, 0, 0, 1, 1, 1], [1, 1, 2, 1, 0, 1, 1, 0, 1, 1, 1, 2, 0, 2, 2, 1, 2, 2, 0, 1, 1, 2, 0, 3, 1, 2, 1, 2, 0, 2, 2, 1, 2, 1, 0, 2, 2, 0, 1, 2, 1, 2, 1, 0, 2, 1, 1, 1, 1, 1, 2, 2, 1, 1, 0, 0, 0, 2, 1, 1, 1, 0, 2, 0, 0, 2, 1, 1, 2, 1, 2, 1, 1, 1, 2, 2, 2, 1, 1, 0, 0, 2], [0, 1, 2, 1, 0, 1, 1, 0, 1, 1, 1, 3, 0, 2, 2, 1, 2, 2, 0, 2, 1, 3, 0, 3, 1, 3, 1, 2, 0, 2, 2, 1, 2, 2, 0, 2, 2, 1, 0, 2, 1, 3, 1, 0, 2, 1, 1, 1, 1, 1, 2, 2, 2, 1, 0, 0, 0, 3, 1, 1, 1, 1, 2, 1, 0, 2, 2, 1, 2, 1, 2, 2, 1, 1, 2, 3, 3, 1, 1, 0, 0, 2], [2, 3, 0, 1, 2, 1, 1, 2, 1, 1, 2, 1, 2, 0, 1, 2, 0, 0, 2, 1, 0, 1, 2, 1, 0, 1, 2, 0, 2, 0, 1, 1, 1, 0, 2, 1, 0, 1, 2, 0, 2, 1, 0, 2, 0, 1, 2, 2, 1, 1, 1, 0, 1, 1, 2, 2, 2, 1, 2, 1, 1, 1, 0, 2, 2, 1, 1, 2, 1, 1, 1, 1, 1, 1, 1, 1, 1, 1, 1, 2, 2, 0]]
