60 5291.919999999999 0 1680 1 1680
[89.39, 78.43, 81.67, 74.5, 57.5, 73.54, 91.57, 50.91, 79.63, 74.95, 47.27, 82.56, 43.05, 78.57, 8.07, 93.12, 49.27, 12.65, 82.76, 8.21, 48.3, 86.78, 16.24, 79.2, 74.05, 53.04, 48.27, 6.68, 41.5, 84.58, 87.31, 50.86, 13.23, 89.92, 14.55, 56.45, 90.74, 90.01, 15.06, 41.6, 48.25, 80.04, 44.07, 90.14, 43.17, 13.32, 18.29, 26.29, 18.61, 91.13, 85.85, 17.88, 48.1, 48.3, 83.39, 44.47, 10.58, 50.34, 88.79, 84.84]
[81.99, 80.25, 55.32, 92.32, 24.27, 74.8, 40.95, 24.11, 18.46, 59.19, 79.05, 73.49, 58.91, 59.2, 80.4, 10.85, 8.96, 49.36, 79.31, 74.41, 20.39, 48.95, 11.78, 21.99, 14.82, 43.37, 50.92, 13.33, 81.83, 49.51, 19.05, 45.25, 25.8, 74.18, 26.62, 24.14, 14.48, 85.78, 43.04, 14.23, 76.81, 25.81, 54.65, 40.21, 26.29, 11.77, 53.37, 74.66, 75.95, 51.79, 42.37, 86.92, 40.66, 79.87, 45.96, 75.12, 23.49, 42.94, 19.33, 73.4]
[9, 9, 6, 9, 2, 9, 6, 2, 3, 6, 8, 9, 5, 6, 7, 3, 2, 4, 9, 7, 2, 6, 1, 3, 3, 5, 5, 1, 8, 6, 3, 5, 1, 9, 1, 2, 3, 9, 4, 2, 8, 3, 5, 6, 2, 1, 4, 7, 7, 6, 6, 7, 5, 8, 6, 8, 1, 5, 3, 9]
[1, 2, 3, 4, 5, 6, 7, 8, 9, 10, 11, 12, 13, 14, 15, 16, 17, 18, 19, 20, 21, 22, 23, 24, 25, 26, 27, 28, 29, 30, 31, 32, 33, 34, 35, 36, 37, 38, 39, 40, 41, 42, 43, 44, 45, 46, 47, 48, 49, 50, 51, 52, 53, 54, 55, 56, 57, 58, 59, 60]
[1, 1, 2, 1, 2, 1, 2, 2, 1, 2, 3, 1, 2, 2, 2, 1, 2, 2, 1, 2, 2, 2, 1, 1, 1, 2, 2, 1, 3, 2, 1, 2, 1, 1, 1, 2, 1, 1, 2, 2, 3, 1, 2, 2, 2, 1, 2, 2, 2, 2, 2, 2, 2, 3, 2, 3, 1, 2, 1, 1]
[1, 1, 2, 1, 2, 1, 2, 2, 3, 2, 1, 1, 2, 2, 1, 3, 2, 3, 1, 1, 2, 2, 1, 3, 3, 2, 2, 1, 1, 2, 3, 2, 1, 1, 1, 2, 3, 1, 3, 2, 1, 3, 2, 2, 2, 1, 3, 1, 1, 2, 2, 1, 2, 1, 2, 1, 1, 2, 3, 1]
[9, 8, 4, 6, 8, 10, 3, 4, 8, 10, 2, 2, 4, 7, 3, 6, 1, 2, 5, 3, 6, 4, 2, 10, 4, 6, 3, 1, 2, 6, 4, 2, 3, 3, 3, 10, 5, 5, 7, 9, 6, 3, 8, 2, 9, 10, 1, 8, 7, 4, 9, 6, 6, 5, 10, 10, 8, 3, 9, 7]
[2130.41, 4891.04, 4175.65, 1869.95, 4889.41, 2809.88, 2131.99, 4190.33, 4894.03, 2415.11, 4460.85, 4547.84, 4148.28, 2498.37, 1883.24, 2580.07, 4725.11, 4501.3, 4159.51, 2559.77, 2477.86, 4232.83, 4047.19, 2404.98, 4538.78, 2515.79, 2536.36, 4264.4, 4127.6, 2540.03, 4355.24, 4482.03, 2856.29, 2560.4, 2177.51, 2725.1, 3644.51, 3480.94, 2318.37, 2375.27, 2137.18, 1859.22, 4893.29, 4382.9, 2292.55, 2500.3, 4841.5, 4896.47, 2488.95, 4229.97, 2606.32, 2717.79, 1853.13, 2841.15, 2331.53, 2258.59, 4891.82, 2473.56, 2764.18, 2222.2]
[0.72, 0.59, 0.47, 0.32, 0.52, 0.29, 0.31, 0.55, 0.47, 0.52, 0.65, 0.64, 0.43, 0.87, 0.42, 0.88, 0.29, 0.59, 0.89, 0.1, 0.46, 0.39, 0.63, 0.18, 0.47, 0.72, 0.2, 0.27, 0.6, 0.66, 0.41, 0.69, 0.22, 0.1, 0.12, 0.45, 0.86, 0.9, 0.85, 0.43, 0.54, 0.36, 0.22, 0.67, 0.34, 0.17, 0.25, 0.32, 0.84, 0.74, 0.84, 0.38, 0.38, 0.75, 0.32, 0.39, 0.52, 0.09, 0.43, 0.99]
[0.85, 0.7, 0.56, 0.99, 0.91, 1.03, 0.69, 0.72, 1.06, 0.61, 1.03, 0.59, 0.89, 0.81, 0.51, 0.56, 0.95, 0.76, 0.82, 0.71, 0.93, 0.98, 0.83, 0.94, 0.95, 0.75, 1.01, 0.55, 0.62, 0.88, 0.69, 1.06, 1.05, 1.0, 0.67, 0.59, 0.93, 0.98, 0.62, 0.9, 0.64, 0.95, 0.59, 1.07, 0.6, 0.92, 1.02, 0.75, 0.83, 0.58, 0.92, 0.94, 1.06, 1.04, 0.63, 0.75, 0.99, 0.64, 0.56, 0.69]
[0.99, 0.6, 0.89, 1.07, 0.76, 0.54, 0.77, 0.91, 0.88, 0.58, 0.79, 0.81, 0.7, 0.75, 0.69, 0.9, 1.05, 0.86, 0.8, 0.69, 0.94, 0.57, 0.61, 0.78, 0.65, 0.98, 0.75, 0.84, 0.73, 0.55, 0.98, 0.83, 1.01, 0.84, 0.89, 0.57, 0.62, 0.77, 0.54, 0.94, 1.06, 0.53, 0.96, 0.84, 1.1, 0.58, 1.02, 0.68, 1.09, 0.62, 0.94, 0.59, 0.73, 0.56, 0.59, 0.76, 1.04, 0.83, 0.62, 0.81]
[0.74, 0.9, 1.1, 0.75, 0.61, 0.62, 0.85, 0.82, 1.06, 0.6, 0.61, 0.61, 0.88, 0.69, 0.78, 0.57, 0.81, 0.97, 0.67, 1.0, 0.75, 0.72, 0.99, 0.86, 0.68, 0.62, 0.88, 0.68, 0.73, 0.6, 0.52, 0.96, 0.67, 1.04, 0.54, 0.87, 1.09, 0.52, 1.05, 0.85, 0.98, 0.84, 0.57, 0.83, 0.91, 0.81, 1.05, 0.54, 0.76, 0.89, 0.52, 0.65, 0.77, 0.79, 0.57, 0.75, 1.04, 0.73, 0.73, 0.69]
[0.88, 0.59, 0.84, 0.95, 0.57, 0.51, 0.56, 0.65, 0.76, 0.6, 0.67, 1.05, 0.78, 0.86, 1.1, 1.09, 0.75, 1.06, 0.96, 0.69, 0.81, 0.71, 0.56, 0.94, 0.89, 1.04, 1.02, 0.94, 0.56, 1.07, 0.81, 0.88, 0.73, 0.81, 0.73, 0.93, 0.93, 0.65, 0.51, 0.84, 0.62, 0.72, 0.81, 1.05, 0.67, 0.86, 0.84, 0.55, 0.56, 1.01, 0.89, 0.54, 0.91, 0.53, 1.05, 0.71, 0.75, 0.76, 0.86, 0.83]
[0.51, 0.65, 0.79, 0.72, 0.92, 0.69, 0.95, 0.77, 0.79, 1.08, 0.71, 1.0, 0.93, 1.0, 0.76, 0.86, 0.91, 0.62, 1.05, 0.7, 0.88, 0.54, 1.07, 0.57, 0.74, 0.74, 0.99, 0.72, 0.82, 0.85, 0.96, 0.82, 0.72, 0.78, 0.52, 1.08, 1.0, 0.94, 0.78, 0.88, 0.67, 0.66, 0.7, 0.66, 0.83, 1.1, 0.8, 0.67, 0.99, 0.96, 0.68, 0.86, 0.74, 0.54, 0.59, 0.9, 0.83, 0.89, 1.03, 0.85]
[0.28, 0.14, 0.36, 0.55, 0.22, 0.12, 0.24, 0.27, 0.6, 0.14, 0.24, 0.31, 0.4, 0.36, 0.23, 0.27, 0.54, 0.42, 0.45, 0.24, 0.47, 0.15, 0.31, 0.34, 0.28, 0.35, 0.68, 0.21, 0.15, 0.27, 0.27, 0.61, 0.37, 0.55, 0.12, 0.29, 0.59, 0.24, 0.14, 0.53, 0.28, 0.2, 0.18, 0.51, 0.34, 0.41, 0.74, 0.1, 0.38, 0.3, 0.27, 0.17, 0.4, 0.13, 0.13, 0.28, 0.67, 0.26, 0.22, 0.27]
[276.2, 847.33, 370.65, 139.78, 588.64, 329.31, 482.73, 546.05, 633.57, 547.3, 326.54, 256.87, 504.52, 356.16, 468.62, 215.93, 439.53, 254.02, 772.65, 274.76, 119.88, 460.61, 215.93, 420.74, 518.2, 165.04, 317.2, 472.48, 276.53, 174.59, 464.27, 251.98, 350.34, 360.49, 494.51, 620.71, 858.12, 1012.51, 387.39, 68.7, 170.45, 255.75, 629.12, 238.4, 224.95, 367.29, 752.24, 641.02, 189.96, 565.89, 257.97, 255.09, 102.98, 786.09, 368.93, 523.21, 676.54, 652.34, 107.49, 499.17]
[74.86, 130.25, 144.47, 80.43, 130.56, 39.45, 112.7, 142.92, 387.72, 76.76, 85.43, 80.93, 194.96, 133.32, 98.33, 60.8, 243.18, 110.66, 333.74, 63.87, 57.92, 65.37, 68.99, 143.38, 140.3, 54.07, 215.49, 92.13, 49.96, 43.89, 130.57, 150.5, 132.86, 206.18, 63.35, 177.42, 514.01, 242.37, 54.36, 37.11, 45.57, 52.53, 133.76, 125.72, 73.87, 145.9, 528.4, 59.06, 76.43, 167.45, 73.43, 44.38, 42.07, 106.57, 45.65, 138.69, 436.92, 176.26, 23.58, 133.67]
[880.99, 3736.65, 1353.24, 198.92, 2443.22, 1146.56, 1913.66, 2230.26, 2667.85, 2236.48, 1132.7, 784.37, 2022.58, 1280.81, 1843.09, 579.67, 1697.64, 770.11, 3363.25, 873.78, 99.4, 1803.05, 579.63, 1603.71, 2090.99, 325.22, 1086.0, 1862.4, 882.63, 372.96, 1821.36, 759.88, 1251.69, 1302.45, 1972.55, 2603.57, 3790.59, 4562.55, 1436.95, -156.52, 352.24, 778.76, 2645.62, 692.02, 624.76, 1336.46, 3261.21, 2705.1, 449.82, 2329.46, 789.87, 775.44, 14.88, 3430.43, 1344.65, 2116.06, 2882.7, 2761.68, 37.44, 1995.83]
[-125.71, 151.26, 222.35, -97.86, 152.82, -302.75, 63.51, 214.59, 1438.6, -116.18, -72.85, -95.33, 474.8, 166.58, -8.35, -196.01, 715.88, 53.28, 1168.71, -180.66, -210.42, -173.17, -155.03, 216.88, 201.5, -229.67, 577.46, -39.36, -250.18, -280.54, 152.86, 252.48, 164.32, 530.91, -183.24, 387.11, 2070.05, 711.85, -228.22, -314.47, -272.14, -237.33, 168.81, 128.58, -130.65, 229.48, 2141.98, -204.72, -117.86, 337.23, -132.84, -278.12, -289.66, 32.87, -271.76, 193.43, 1684.61, 381.31, -382.1, 168.37]
[42.61, 97.82, 125.27, 37.4, 146.68, 56.2, 63.96, 125.71, 97.88, 72.45, 178.43, 90.96, 124.45, 74.95, 56.5, 51.6, 141.75, 135.04, 83.19, 76.79, 74.34, 126.98, 80.94, 48.1, 90.78, 75.47, 76.09, 85.29, 165.1, 76.2, 87.1, 134.46, 57.13, 51.21, 43.55, 81.75, 72.89, 69.62, 69.55, 71.26, 85.49, 37.18, 146.8, 131.49, 68.78, 50.01, 145.24, 146.89, 74.67, 126.9, 78.19, 81.53, 55.59, 113.65, 69.95, 90.34, 97.84, 74.21, 55.28, 44.44]
[42, 97, 167, 37, 195, 56, 85, 167, 97, 96, 267, 90, 165, 99, 75, 51, 189, 180, 83, 102, 99, 169, 80, 48, 90, 100, 101, 85, 247, 101, 87, 179, 57, 51, 43, 109, 72, 69, 92, 95, 128, 37, 195, 175, 91, 50, 193, 195, 99, 169, 104, 108, 74, 170, 93, 135, 97, 98, 55, 44]
[1293, 328, 378, 1653, 1547, 1398, 356, 952, 1335, 1648, 1511, 91, 660, 1106, 1382, 1174, 370, 432, 880, 166, 1585, 564, 1127, 466, 1653, 1346, 392, 738, 1143, 733, 1037, 566, 1445, 624, 1316, 700, 1526, 1546, 751, 377, 1024, 565, 882, 470, 1326, 242, 1260, 1207, 103, 1197, 388, 695, 934, 1537, 941, 1205, 698, 349, 784, 1206]
[1680, 664, 714, 1680, 1680, 1680, 692, 1288, 1680, 1680, 1680, 1435, 996, 1680, 1680, 1680, 1042, 1680, 1680, 1174, 1680, 1572, 1680, 1680, 1680, 1680, 1064, 1680, 1680, 1680, 1680, 1574, 1680, 960, 1680, 1680, 1680, 1680, 1680, 713, 1680, 901, 1554, 806, 1680, 578, 1680, 1543, 1447, 1680, 1060, 1680, 1270, 1680, 1680, 1541, 1034, 1680, 1680, 1542]
2
[0.0, 0.0]
[33.33, 100.0]
[[0, 66, 101, 91, 84, 95, 58, 84, 91, 51, 81, 79, 65, 91, 50, 82, 47, 95, 54, 20, 94, 41, 50, 88, 26, 80, 76, 53, 51, 21, 63, 86, 88, 52, 15, 98, 16, 57, 92, 104, 17, 45, 64, 80, 48, 90, 43, 25, 27, 48, 46, 92, 86, 56, 48, 67, 84, 61, 14, 51, 89, 93], [66, 0, 91, 80, 93, 74, 95, 77, 108, 91, 113, 85, 51, 86, 59, 88, 21, 128, 103, 52, 85, 26, 93, 100, 89, 111, 112, 77, 68, 86, 45, 98, 119, 74, 75, 93, 74, 94, 124, 91, 58, 95, 53, 109, 63, 108, 85, 89, 50, 36, 30, 103, 103, 22, 76, 52, 99, 50, 77, 76, 119, 88], [101, 91, 0, 11, 27, 18, 65, 17, 41, 69, 64, 26, 42, 10, 51, 25, 81, 71, 83, 83, 7, 81, 74, 33, 101, 60, 68, 53, 51, 107, 47, 32, 62, 53, 94, 7, 93, 66, 67, 3, 83, 82, 41, 56, 52, 41, 72, 103, 76, 63, 71, 30, 39, 71, 58, 41, 36, 45, 98, 55, 62, 9], [91, 80, 11, 0, 25, 12, 59, 7, 41, 62, 61, 21, 31, 7, 41, 21, 70, 70, 77, 72, 4, 70, 67, 32, 92, 58, 65, 44, 42, 98, 36, 31, 61, 44, 84, 12, 83, 60, 66, 12, 73, 75, 30, 54, 42, 41, 64, 94, 65, 52, 59, 31, 38, 60, 49, 30, 34, 34, 88, 46, 61, 9], [84, 93, 27, 25, 0, 37, 39, 21, 17, 43, 36, 7, 41, 18, 38, 4, 77, 45, 56, 69, 24, 75, 48, 8, 78, 33, 41, 31, 33, 85, 48, 6, 36, 32, 74, 20, 72, 40, 41, 31, 67, 57, 39, 29, 37, 17, 48, 81, 63, 58, 66, 10, 13, 71, 36, 41, 9, 42, 77, 33, 36, 18], [95, 74, 18, 12, 37, 0, 70, 17, 54, 72, 74, 33, 30, 20, 45, 33, 67, 83, 87, 75, 15, 68, 76, 45, 99, 70, 77, 53, 49, 104, 34, 43, 74, 52, 90, 23, 88, 70, 79, 16, 77, 84, 30, 66, 48, 54, 73, 101, 68, 51, 58, 43, 51, 56, 58, 29, 47, 34, 93, 54, 74, 21], [58, 95, 65, 59, 39, 70, 0, 53, 37, 6, 22, 39, 55, 55, 37, 40, 74, 38, 17, 51, 60, 70, 9, 38, 43, 21, 19, 19, 28, 51, 59, 37, 30, 22, 44, 59, 43, 1, 34, 69, 46, 18, 53, 22, 33, 36, 14, 45, 48, 59, 64, 43, 33, 74, 18, 56, 33, 52, 46, 19, 31, 56], [84, 77, 17, 7, 21, 17, 53, 0, 38, 55, 56, 15, 26, 9, 34, 16, 65, 66, 70, 65, 10, 65, 59, 29, 85, 53, 59, 37, 34, 90, 32, 27, 57, 37, 77, 16, 76, 53, 62, 19, 66, 68, 25, 49, 35, 38, 57, 87, 59, 47, 54, 28, 34, 56, 42, 25, 30, 29, 81, 39, 57, 11], [91, 108, 41, 41, 17, 54, 37, 38, 0, 44, 25, 24, 58, 33, 51, 22, 92, 30, 53, 79, 39, 89, 47, 9, 80, 22, 31, 38, 44, 89, 64, 11, 22, 40, 79, 33, 78, 38, 26, 44, 76, 56, 56, 19, 49, 1, 50, 83, 74, 73, 80, 10, 5, 86, 43, 58, 9, 58, 82, 41, 21, 33], [51, 91, 69, 62, 43, 72, 6, 55, 44, 0, 29, 42, 55, 58, 35, 44, 70, 44, 15, 45, 63, 65, 4, 43, 36, 28, 24, 19, 26, 45, 58, 42, 36, 21, 37, 63, 36, 5, 40, 73, 40, 13, 52, 29, 31, 42, 8, 39, 43, 56, 61, 48, 39, 70, 16, 55, 39, 51, 40, 18, 38, 59], [81, 113, 64, 61, 36, 74, 22, 56, 25, 29, 0, 41, 68, 55, 54, 40, 94, 15, 31, 73, 60, 90, 31, 31, 63, 3, 6, 36, 45, 73, 73, 31, 7, 39, 66, 56, 65, 23, 11, 68, 69, 38, 66, 7, 50, 24, 37, 66, 70, 77, 83, 35, 24, 92, 38, 68, 27, 66, 69, 38, 9, 55], [79, 85, 26, 21, 7, 33, 39, 15, 24, 42, 41, 0, 34, 16, 31, 3, 70, 51, 56, 63, 21, 68, 47, 15, 75, 37, 44, 27, 27, 82, 40, 13, 42, 27, 70, 21, 68, 39, 47, 30, 62, 55, 31, 33, 31, 24, 45, 77, 56, 51, 58, 17, 20, 63, 32, 33, 15, 34, 73, 29, 42, 17], [65, 51, 42, 31, 41, 30, 55, 26, 58, 55, 68, 34, 0, 35, 20, 37, 39, 82, 70, 45, 35, 39, 58, 49, 74, 65, 69, 36, 28, 77, 6, 47, 72, 33, 63, 42, 61, 55, 77, 43, 48, 65, 2, 62, 24, 57, 52, 75, 38, 21, 28, 51, 53, 30, 38, 1, 48, 4, 66, 36, 72, 37], [91, 86, 10, 7, 18, 20, 55, 9, 33, 58, 55, 16, 35, 0, 42, 14, 74, 63, 72, 73, 5, 74, 63, 24, 90, 51, 59, 42, 41, 96, 41, 24, 54, 42, 84, 7, 82, 55, 59, 14, 74, 72, 34, 47, 42, 34, 61, 92, 67, 56, 64, 23, 31, 66, 47, 34, 27, 38, 87, 44, 54, 2], [50, 59, 51, 41, 38, 45, 37, 34, 51, 35, 54, 31, 20, 42, 0, 35, 41, 69, 50, 31, 44, 38, 38, 44, 54, 51, 53, 18, 9, 58, 22, 42, 59, 15, 44, 49, 43, 37, 65, 54, 32, 44, 18, 49, 4, 50, 32, 55, 25, 22, 29, 48, 45, 37, 18, 21, 42, 16, 48, 17, 60, 44], [82, 88, 25, 21, 4, 33, 40, 16, 22, 44, 40, 3, 37, 14, 35, 0, 73, 50, 58, 66, 20, 71, 49, 13, 78, 37, 44, 30, 31, 85, 43, 11, 41, 31, 73, 18, 71, 41, 46, 28, 65, 58, 35, 33, 34, 22, 48, 80, 60, 54, 62, 14, 18, 66, 35, 36, 14, 37, 76, 32, 41, 15], [47, 21, 81, 70, 77, 67, 74, 65, 92, 70, 94, 70, 39, 74, 41, 73, 0, 109, 82, 31, 74, 5, 72, 84, 69, 92, 93, 58, 49, 67, 33, 82, 100, 55, 54, 82, 54, 74, 105, 82, 38, 74, 40, 90, 44, 91, 64, 68, 28, 19, 11, 87, 86, 11, 56, 40, 82, 36, 56, 56, 101, 77], [95, 128, 71, 70, 45, 83, 38, 66, 30, 44, 15, 51, 82, 63, 69, 50, 109, 0, 43, 89, 69, 106, 45, 38, 76, 17, 19, 51, 60, 86, 87, 39, 10, 54, 81, 63, 80, 39, 4, 74, 84, 51, 79, 19, 65, 29, 52, 79, 86, 92, 98, 40, 32, 106, 53, 82, 36, 80, 83, 53, 9, 63], [54, 103, 83, 77, 56, 87, 17, 70, 53, 15, 31, 56, 70, 72, 50, 58, 82, 43, 0, 54, 77, 77, 11, 54, 33, 32, 25, 34, 41, 42, 73, 53, 39, 36, 39, 76, 38, 16, 41, 86, 48, 9, 67, 35, 45, 51, 18, 36, 54, 69, 73, 59, 49, 84, 31, 70, 50, 66, 41, 33, 40, 73], [20, 52, 83, 72, 69, 75, 51, 65, 79, 45, 73, 63, 45, 73, 31, 66, 31, 89, 54, 0, 76, 25, 45, 74, 37, 71, 70, 40, 35, 36, 43, 71, 80, 38, 23, 81, 22, 50, 85, 85, 6, 45, 44, 71, 31, 78, 38, 37, 6, 28, 27, 78, 73, 37, 36, 46, 70, 40, 25, 38, 81, 76], [94, 85, 7, 4, 24, 15, 60, 10, 39, 63, 60, 21, 35, 5, 44, 20, 74, 69, 77, 76, 0, 74, 68, 30, 94, 57, 65, 46, 44, 100, 41, 29, 60, 46, 87, 8, 86, 61, 65, 9, 76, 77, 34, 53, 45, 39, 66, 96, 69, 56, 64, 28, 37, 65, 51, 34, 33, 38, 91, 48, 60, 6], [41, 26, 81, 70, 75, 68, 70, 65, 89, 65, 90, 68, 39, 74, 38, 71, 5, 106, 77, 25, 74, 0, 67, 82, 63, 88, 88, 54, 46, 61, 34, 80, 96, 51, 48, 81, 48, 69, 101, 82, 32, 68, 40, 86, 40, 88, 59, 62, 23, 18, 10, 85, 83, 15, 52, 40, 80, 36, 50, 52, 97, 76], [50, 93, 74, 67, 48, 76, 9, 59, 47, 4, 31, 47, 58, 63, 38, 49, 72, 45, 11, 45, 68, 67, 0, 47, 33, 30, 26, 23, 30, 42, 61, 46, 39, 24, 35, 68, 34, 8, 42, 77, 40, 9, 56, 32, 34, 46, 7, 36, 44, 58, 62, 53, 43, 73, 20, 59, 43, 54, 37, 22, 40, 64], [88, 100, 33, 32, 8, 45, 38, 29, 9, 43, 31, 15, 49, 24, 44, 13, 84, 38, 54, 74, 30, 82, 47, 0, 79, 28, 36, 34, 38, 87, 55, 2, 29, 36, 77, 25, 75, 39, 34, 36, 71, 56, 47, 24, 43, 9, 49, 82, 68, 65, 73, 5, 6, 78, 39, 49, 4, 49, 80, 36, 29, 24], [26, 89, 101, 92, 78, 99, 43, 85, 80, 36, 63, 75, 74, 90, 54, 78, 69, 76, 33, 37, 94, 63, 33, 79, 0, 63, 57, 48, 50, 9, 74, 78, 71, 48, 14, 96, 14, 42, 74, 104, 31, 25, 72, 65, 51, 79, 30, 2, 41, 63, 64, 84, 76, 75, 42, 75, 75, 69, 13, 46, 72, 92], [80, 111, 60, 58, 33, 70, 21, 53, 22, 28, 3, 37, 65, 51, 51, 37, 92, 17, 32, 71, 57, 88, 30, 28, 63, 0, 8, 33, 42, 73, 70, 28, 8, 36, 66, 53, 64, 22, 13, 64, 67, 38, 62, 3, 47, 21, 36, 66, 68, 74, 81, 32, 21, 89, 36, 65, 24, 63, 68, 35, 9, 51], [76, 112, 68, 65, 41, 77, 19, 59, 31, 24, 6, 44, 69, 59, 53, 44, 93, 19, 25, 70, 65, 88, 26, 36, 57, 8, 0, 35, 44, 67, 74, 36, 13, 38, 61, 61, 60, 19, 16, 72, 65, 32, 67, 12, 49, 30, 32, 60, 67, 76, 82, 40, 29, 91, 36, 69, 32, 67, 64, 36, 15, 59], [53, 77, 53, 44, 31, 53, 19, 37, 38, 19, 36, 27, 36, 42, 18, 30, 58, 51, 34, 40, 46, 54, 23, 34, 48, 33, 35, 0, 8, 55, 40, 32, 42, 2, 43, 48, 41, 19, 47, 56, 37, 31, 33, 32, 14, 37, 19, 50, 36, 41, 47, 39, 32, 55, 5, 36, 30, 32, 46, 2, 43, 43], [51, 68, 51, 42, 33, 49, 28, 34, 44, 26, 45, 27, 28, 41, 9, 31, 49, 60, 41, 35, 44, 46, 30, 38, 50, 42, 44, 8, 0, 56, 31, 36, 50, 6, 43, 47, 41, 27, 55, 54, 34, 37, 25, 40, 5, 43, 25, 52, 30, 32, 38, 42, 38, 47, 10, 28, 35, 24, 46, 8, 51, 42], [21, 86, 107, 98, 85, 104, 51, 90, 89, 45, 73, 82, 77, 96, 58, 85, 67, 86, 42, 36, 100, 61, 42, 87, 9, 73, 67, 55, 56, 0, 76, 85, 80, 54, 14, 103, 15, 50, 84, 110, 30, 34, 75, 74, 55, 87, 38, 6, 41, 64, 63, 92, 84, 74, 49, 78, 83, 72, 10, 52, 82, 98], [63, 45, 47, 36, 48, 34, 59, 32, 64, 58, 73, 40, 6, 41, 22, 43, 33, 87, 73, 43, 41, 34, 61, 55, 74, 70, 74, 40, 31, 76, 0, 53, 77, 37, 62, 49, 61, 59, 83, 48, 46, 67, 8, 67, 27, 64, 55, 75, 36, 16, 23, 58, 59, 24, 41, 7, 55, 7, 66, 39, 78, 44], [86, 98, 32, 31, 6, 43, 37, 27, 11, 42, 31, 13, 47, 24, 42, 11, 82, 39, 53, 71, 29, 80, 46, 2, 78, 28, 36, 32, 36, 85, 53, 0, 30, 33, 75, 25, 73, 37, 35, 36, 69, 55, 45, 24, 40, 10, 47, 80, 66, 63, 71, 6, 7, 76, 37, 47, 3, 47, 78, 34, 30, 23], [88, 119, 62, 61, 36, 74, 30, 57, 22, 36, 7, 42, 72, 54, 59, 41, 100, 10, 39, 80, 60, 96, 39, 29, 71, 8, 13, 42, 50, 80, 77, 30, 0, 44, 74, 55, 73, 31, 5, 66, 76, 45, 69, 9, 56, 21, 44, 74, 77, 82, 89, 32, 23, 97, 44, 72, 27, 70, 76, 44, 1, 54], [52, 74, 53, 44, 32, 52, 22, 37, 40, 21, 39, 27, 33, 42, 15, 31, 55, 54, 36, 38, 46, 51, 24, 36, 48, 36, 38, 2, 6, 54, 37, 33, 44, 0, 42, 48, 40, 21, 50, 56, 35, 32, 31, 35, 11, 39, 20, 50, 33, 38, 44, 40, 35, 53, 5, 34, 32, 30, 45, 2, 45, 44], [15, 75, 94, 84, 74, 90, 44, 77, 79, 37, 66, 70, 63, 84, 44, 73, 54, 81, 39, 23, 87, 48, 35, 77, 14, 66, 61, 43, 43, 14, 62, 75, 74, 42, 0, 90, 1, 43, 78, 97, 17, 30, 61, 66, 42, 78, 29, 14, 28, 50, 50, 82, 74, 61, 37, 64, 72, 58, 3, 40, 75, 85], [98, 93, 7, 12, 20, 23, 59, 16, 33, 63, 56, 21, 42, 7, 49, 18, 82, 63, 76, 81, 8, 81, 68, 25, 96, 53, 61, 48, 47, 103, 49, 25, 55, 48, 90, 0, 89, 60, 59, 11, 81, 77, 41, 49, 49, 33, 66, 98, 74, 63, 71, 22, 32, 73, 53, 42, 28, 45, 94, 50, 54, 5], [16, 74, 93, 83, 72, 88, 43, 76, 78, 36, 65, 68, 61, 82, 43, 71, 54, 80, 38, 22, 86, 48, 34, 75, 14, 64, 60, 41, 41, 15, 61, 73, 73, 40, 1, 89, 0, 41, 77, 95, 16, 29, 60, 65, 40, 76, 28, 14, 27, 49, 49, 80, 73, 60, 36, 63, 71, 56, 5, 39, 74, 84], [57, 94, 66, 60, 40, 70, 1, 53, 38, 5, 23, 39, 55, 55, 37, 41, 74, 39, 16, 50, 61, 69, 8, 39, 42, 22, 19, 19, 27, 50, 59, 37, 31, 21, 43, 60, 41, 0, 35, 70, 45, 17, 53, 23, 32, 37, 13, 44, 48, 58, 64, 44, 34, 73, 18, 56, 34, 52, 45, 19, 32, 56], [92, 124, 67, 66, 41, 79, 34, 62, 26, 40, 11, 47, 77, 59, 65, 46, 105, 4, 41, 85, 65, 101, 42, 34, 74, 13, 16, 47, 55, 84, 83, 35, 5, 50, 78, 59, 77, 35, 0, 71, 80, 49, 75, 15, 61, 25, 49, 77, 82, 88, 94, 37, 28, 102, 50, 77, 32, 76, 80, 49, 5, 59], [104, 91, 3, 12, 31, 16, 69, 19, 44, 73, 68, 30, 43, 14, 54, 28, 82, 74, 86, 85, 9, 82, 77, 36, 104, 64, 72, 56, 54, 110, 48, 36, 66, 56, 97, 11, 95, 70, 71, 0, 86, 86, 42, 60, 55, 45, 75, 106, 78, 64, 72, 34, 43, 72, 61, 42, 40, 46, 100, 58, 66, 13], [17, 58, 83, 73, 67, 77, 46, 66, 76, 40, 69, 62, 48, 74, 32, 65, 38, 84, 48, 6, 76, 32, 40, 71, 31, 67, 65, 37, 34, 30, 46, 69, 76, 35, 17, 81, 16, 45, 80, 86, 0, 39, 47, 67, 31, 75, 32, 31, 10, 33, 33, 76, 70, 43, 33, 49, 68, 43, 20, 35, 77, 76], [45, 95, 82, 75, 57, 84, 18, 68, 56, 13, 38, 55, 65, 72, 44, 58, 74, 51, 9, 45, 77, 68, 9, 56, 25, 38, 32, 31, 37, 34, 67, 55, 45, 32, 30, 77, 29, 17, 49, 86, 39, 0, 62, 40, 40, 55, 12, 28, 45, 62, 65, 62, 52, 76, 27, 65, 52, 60, 32, 30, 47, 73], [64, 53, 41, 30, 39, 30, 53, 25, 56, 52, 66, 31, 2, 34, 18, 35, 40, 79, 67, 44, 34, 40, 56, 47, 72, 62, 67, 33, 25, 75, 8, 45, 69, 31, 61, 41, 60, 53, 75, 42, 47, 62, 0, 60, 22, 55, 50, 73, 38, 22, 29, 49, 50, 32, 36, 3, 46, 4, 65, 33, 70, 36], [80, 109, 56, 54, 29, 66, 22, 49, 19, 29, 7, 33, 62, 47, 49, 33, 90, 19, 35, 71, 53, 86, 32, 24, 65, 3, 12, 32, 40, 74, 67, 24, 9, 35, 66, 49, 65, 23, 15, 60, 67, 40, 60, 0, 46, 17, 36, 68, 67, 72, 79, 28, 17, 87, 35, 62, 20, 60, 69, 34, 10, 47], [48, 63, 52, 42, 37, 48, 33, 35, 49, 31, 50, 31, 24, 42, 4, 34, 44, 65, 45, 31, 45, 40, 34, 43, 51, 47, 49, 14, 5, 55, 27, 40, 56, 11, 42, 49, 40, 32, 61, 55, 31, 40, 22, 46, 0, 48, 28, 52, 25, 26, 33, 47, 43, 41, 14, 25, 40, 20, 45, 13, 56, 44], [90, 108, 41, 41, 17, 54, 36, 38, 1, 42, 24, 24, 57, 34, 50, 22, 91, 29, 51, 78, 39, 88, 46, 9, 79, 21, 30, 37, 43, 87, 64, 10, 21, 39, 78, 33, 76, 37, 25, 45, 75, 55, 55, 17, 48, 0, 48, 81, 73, 72, 79, 11, 4, 86, 42, 57, 8, 57, 81, 39, 20, 33], [43, 85, 72, 64, 48, 73, 14, 57, 50, 8, 37, 45, 52, 61, 32, 48, 64, 52, 18, 38, 66, 59, 7, 49, 30, 36, 32, 19, 25, 38, 55, 47, 44, 20, 29, 66, 28, 13, 49, 75, 32, 12, 50, 36, 28, 48, 0, 33, 36, 51, 55, 54, 45, 65, 15, 53, 44, 48, 32, 18, 46, 62], [25, 89, 103, 94, 81, 101, 45, 87, 83, 39, 66, 77, 75, 92, 55, 80, 68, 79, 36, 37, 96, 62, 36, 82, 2, 66, 60, 50, 52, 6, 75, 80, 74, 50, 14, 98, 14, 44, 77, 106, 31, 28, 73, 68, 52, 81, 33, 0, 41, 64, 64, 87, 78, 75, 45, 76, 77, 70, 12, 48, 75, 94], [27, 50, 76, 65, 63, 68, 48, 59, 74, 43, 70, 56, 38, 67, 25, 60, 28, 86, 54, 6, 69, 23, 44, 68, 41, 68, 67, 36, 30, 41, 36, 66, 77, 33, 28, 74, 27, 48, 82, 78, 10, 45, 38, 67, 25, 73, 36, 41, 0, 22, 22, 72, 68, 33, 32, 40, 65, 34, 30, 33, 78, 69], [48, 36, 63, 52, 58, 51, 59, 47, 73, 56, 77, 51, 21, 56, 22, 54, 19, 92, 69, 28, 56, 18, 58, 65, 63, 74, 76, 41, 32, 64, 16, 63, 82, 38, 50, 63, 49, 58, 88, 64, 33, 62, 22, 72, 26, 72, 51, 64, 22, 0, 7, 68, 67, 14, 40, 22, 63, 18, 53, 39, 83, 58], [46, 30, 71, 59, 66, 58, 64, 54, 80, 61, 83, 58, 28, 64, 29, 62, 11, 98, 73, 27, 64, 10, 62, 73, 64, 81, 82, 47, 38, 63, 23, 71, 89, 44, 50, 71, 49, 64, 94, 72, 33, 65, 29, 79, 33, 79, 55, 64, 22, 7, 0, 76, 75, 10, 45, 29, 71, 25, 53, 45, 90, 66], [92, 103, 30, 31, 10, 43, 43, 28, 10, 48, 35, 17, 51, 23, 48, 14, 87, 40, 59, 78, 28, 85, 53, 5, 84, 32, 40, 39, 42, 92, 58, 6, 32, 40, 82, 22, 80, 44, 37, 34, 76, 62, 49, 28, 47, 11, 54, 87, 72, 68, 76, 0, 10, 81, 44, 51, 9, 52, 85, 41, 32, 22], [86, 103, 39, 38, 13, 51, 33, 34, 5, 39, 24, 20, 53, 31, 45, 18, 86, 32, 49, 73, 37, 83, 43, 6, 76, 21, 29, 32, 38, 84, 59, 7, 23, 35, 74, 32, 73, 34, 28, 43, 70, 52, 50, 17, 43, 4, 45, 78, 68, 67, 75, 10, 0, 81, 37, 53, 4, 52, 77, 35, 23, 31], [56, 22, 71, 60, 71, 56, 74, 56, 86, 70, 92, 63, 30, 66, 37, 66, 11, 106, 84, 37, 65, 15, 73, 78, 75, 89, 91, 55, 47, 74, 24, 76, 97, 53, 61, 73, 60, 73, 102, 72, 43, 76, 32, 87, 41, 86, 65, 75, 33, 14, 10, 81, 81, 0, 55, 31, 77, 29, 63, 54, 97, 68], [48, 76, 58, 49, 36, 58, 18, 42, 43, 16, 38, 32, 38, 47, 18, 35, 56, 53, 31, 36, 51, 52, 20, 39, 42, 36, 36, 5, 10, 49, 41, 37, 44, 5, 37, 53, 36, 18, 50, 61, 33, 27, 36, 35, 14, 42, 15, 45, 32, 40, 45, 44, 37, 55, 0, 39, 35, 34, 41, 3, 45, 49], [67, 52, 41, 30, 41, 29, 56, 25, 58, 55, 68, 33, 1, 34, 21, 36, 40, 82, 70, 46, 34, 40, 59, 49, 75, 65, 69, 36, 28, 78, 7, 47, 72, 34, 64, 42, 63, 56, 77, 42, 49, 65, 3, 62, 25, 57, 53, 76, 40, 22, 29, 51, 53, 31, 39, 0, 48, 6, 67, 36, 72, 37], [84, 99, 36, 34, 9, 47, 33, 30, 9, 39, 27, 15, 48, 27, 42, 14, 82, 36, 50, 70, 33, 80, 43, 4, 75, 24, 32, 30, 35, 83, 55, 3, 27, 32, 72, 28, 71, 34, 32, 40, 68, 52, 46, 20, 40, 8, 44, 77, 65, 63, 71, 9, 4, 77, 35, 48, 0, 48, 76, 33, 27, 27], [61, 50, 45, 34, 42, 34, 52, 29, 58, 51, 66, 34, 4, 38, 16, 37, 36, 80, 66, 40, 38, 36, 54, 49, 69, 63, 67, 32, 24, 72, 7, 47, 70, 30, 58, 45, 56, 52, 76, 46, 43, 60, 4, 60, 20, 57, 48, 70, 34, 18, 25, 52, 52, 29, 34, 6, 48, 0, 61, 32, 71, 40], [14, 77, 98, 88, 77, 93, 46, 81, 82, 40, 69, 73, 66, 87, 48, 76, 56, 83, 41, 25, 91, 50, 37, 80, 13, 68, 64, 46, 46, 10, 66, 78, 76, 45, 3, 94, 5, 45, 80, 100, 20, 32, 65, 69, 45, 81, 32, 12, 30, 53, 53, 85, 77, 63, 41, 67, 76, 61, 0, 44, 78, 89], [51, 76, 55, 46, 33, 54, 19, 39, 41, 18, 38, 29, 36, 44, 17, 32, 56, 53, 33, 38, 48, 52, 22, 36, 46, 35, 36, 2, 8, 52, 39, 34, 44, 2, 40, 50, 39, 19, 49, 58, 35, 30, 33, 34, 13, 39, 18, 48, 33, 39, 45, 41, 35, 54, 3, 36, 33, 32, 44, 0, 45, 46], [89, 119, 62, 61, 36, 74, 31, 57, 21, 38, 9, 42, 72, 54, 60, 41, 101, 9, 40, 81, 60, 97, 40, 29, 72, 9, 15, 43, 51, 82, 78, 30, 1, 45, 75, 54, 74, 32, 5, 66, 77, 47, 70, 10, 56, 20, 46, 75, 78, 83, 90, 32, 23, 97, 45, 72, 27, 71, 78, 45, 0, 54], [93, 88, 9, 9, 18, 21, 56, 11, 33, 59, 55, 17, 37, 2, 44, 15, 77, 63, 73, 76, 6, 76, 64, 24, 92, 51, 59, 43, 42, 98, 44, 23, 54, 44, 85, 5, 84, 56, 59, 13, 76, 73, 36, 47, 44, 33, 62, 94, 69, 58, 66, 22, 31, 68, 49, 37, 27, 40, 89, 46, 54, 0]]
