100 5885.61 0 1680 1 1680
[542.79, 484.87, 8182.4, 3974.52, 3072.96, 2915.6, 8589.59, 2592.73, 5936.2, 3975.69, 2869.28, 8337.92, 7250.75, 4834.01, 3903.02, 8566.62, 5168.59, 6987.45, 497.14, 4093.56, 392.3, 4016.72, 4072.95, 5187.01, 245.3, 8147.77, 5051.89, 4018.81, 5126.92, 3742.77, 1581.4, 8437.1, 739.14, 535.09, 2590.93, 8159.06, 3812.59, 9116.01, 3973.27, 9124.04, 5911.68, 2951.83, 3645.35, 4988.14, 1460.77, 6007.78, 9308.31, 3891.35, 9247.63, 6022.21, 809.0, 4081.07, 1569.27, 6926.88, 5132.76, 1798.54, 5980.98, 6272.51, 9356.96, 9620.27, 8331.25, 6322.28, 6028.69, 7323.07, 1621.09, 3905.58, 9598.01, 8526.39, 3911.6, 9532.08, 6148.03, 256.24, 4207.06, 9774.99, 5231.84, 6224.06, 3596.03, 1580.9, 2584.49, 9207.99, 1631.47, 9115.94, 8164.19, 3663.61, 2543.15, 1552.34, 4961.83, 2633.78, 5183.04, 6090.13, 9130.52, 7061.18, 9754.73, 5259.05, 4992.61, 8371.06, 7331.14, 9438.42, 5295.7, 4043.79]
[2999.18, 5815.57, 2180.62, 6879.07, 2504.61, 2013.75, 5861.09, 3098.99, 7493.44, 2202.33, 5039.02, 3190.97, 7890.51, 4172.07, 6252.6, 6321.96, 2133.51, 4592.28, 5809.46, 2773.41, 5160.81, 2274.89, 3679.98, 3439.46, 5498.75, 3309.45, 6667.63, 7156.86, 6624.69, 4670.08, 2428.31, 6306.19, 5465.09, 3718.11, 5437.71, 6267.37, 4006.22, 7016.07, 7551.46, 5926.18, 4492.54, 7276.09, 4506.16, 7640.12, 5879.85, 6393.27, 3900.99, 7796.74, 3216.39, 3648.77, 5583.08, 6001.72, 2707.97, 4786.74, 5489.93, 2257.07, 4227.35, 5074.54, 7643.51, 3665.85, 2863.31, 5893.26, 2375.6, 3257.75, 2834.21, 3821.47, 4732.87, 3056.11, 5624.76, 4833.76, 6925.79, 7147.45, 3967.51, 5359.12, 7893.48, 7232.65, 2131.6, 3333.39, 7000.55, 4041.21, 2025.34, 6305.13, 4670.3, 6891.67, 5132.0, 7507.16, 6673.1, 6697.13, 7231.49, 7187.18, 4431.44, 5244.21, 5468.92, 4250.73, 5611.96, 3332.3, 2959.59, 6294.89, 5382.12, 2528.51]
[1, 1, 8, 4, 3, 3, 8, 3, 6, 4, 3, 8, 7, 5, 4, 8, 5, 7, 1, 4, 1, 4, 4, 5, 1, 8, 5, 4, 5, 4, 2, 8, 1, 1, 3, 8, 4, 9, 4, 9, 6, 3, 4, 5, 2, 6, 9, 4, 9, 6, 1, 4, 2, 7, 5, 2, 6, 6, 9, 9, 8, 6, 6, 7, 2, 4, 9, 8, 4, 9, 6, 1, 4, 9, 5, 6, 4, 2, 3, 9, 2, 9, 8, 4, 3, 2, 5, 3, 5, 6, 9, 7, 9, 5, 5, 8, 7, 9, 5, 4]
[1, 2, 3, 4, 5, 6, 7, 8, 9, 10, 11, 12, 13, 14, 15, 16, 17, 18, 19, 20, 21, 22, 23, 24, 25, 26, 27, 28, 29, 30, 31, 32, 33, 34, 35, 36, 37, 38, 39, 40, 41, 42, 43, 44, 45, 46, 47, 48, 49, 50, 51, 52, 53, 54, 55, 56, 57, 58, 59, 60, 61, 62, 63, 64, 65, 66, 67, 68, 69, 70, 71, 72, 73, 74, 75, 76, 77, 78, 79, 80, 81, 82, 83, 84, 85, 86, 87, 88, 89, 90, 91, 92, 93, 94, 95, 96, 97, 98, 99, 100]
[2, 2, 3, 3, 3, 3, 3, 3, 3, 3, 3, 3, 3, 2, 3, 3, 2, 3, 2, 3, 2, 3, 3, 2, 2, 3, 2, 3, 2, 3, 1, 3, 2, 2, 3, 3, 3, 3, 3, 3, 3, 3, 3, 2, 1, 3, 3, 3, 3, 3, 2, 3, 1, 3, 2, 1, 3, 3, 3, 3, 3, 3, 3, 3, 1, 3, 3, 3, 3, 3, 3, 2, 3, 3, 2, 3, 3, 1, 3, 3, 1, 3, 3, 3, 3, 1, 2, 3, 2, 3, 3, 3, 3, 2, 2, 3, 3, 3, 2, 3]
[1, 1, 3, 3, 1, 1, 3, 1, 3, 3, 1, 3, 3, 3, 3, 3, 3, 3, 1, 3, 1, 3, 3, 3, 1, 3, 3, 3, 3, 3, 1, 3, 1, 1, 1, 3, 3, 3, 3, 3, 3, 1, 3, 3, 1, 3, 3, 3, 3, 3, 1, 3, 1, 3, 3, 1, 3, 3, 3, 3, 3, 3, 3, 3, 1, 3, 3, 3, 3, 3, 3, 1, 3, 3, 3, 3, 3, 1, 1, 3, 1, 3, 3, 3, 1, 1, 3, 1, 3, 3, 3, 3, 3, 3, 3, 3, 3, 3, 3, 3]
[6, 5, 9, 6, 7, 3, 2, 5, 2, 7, 2, 6, 7, 5, 7, 7, 4, 1, 2, 4, 8, 3, 7, 4, 9, 6, 3, 1, 1, 5, 8, 10, 10, 8, 4, 5, 9, 8, 7, 9, 2, 8, 5, 2, 1, 1, 6, 2, 10, 7, 4, 10, 7, 5, 7, 1, 4, 2, 1, 8, 8, 2, 5, 10, 8, 8, 3, 8, 9, 5, 3, 10, 6, 5, 5, 4, 5, 3, 8, 4, 9, 7, 4, 3, 8, 5, 5, 5, 8, 9, 10, 4, 4, 6, 6, 3, 9, 10, 6, 9]
[2767.88, 3198.97, 3673.87, 2607.05, 4711.55, 3130.52, 4485.91, 3849.33, 4434.25, 3904.87, 4432.54, 3698.93, 4739.52, 4078.52, 4925.31, 4224.71, 3528.18, 3881.52, 4167.19, 3500.08, 1595.49, 3295.49, 4030.46, 3182.68, 3687.75, 4281.8, 2726.4, 2329.81, 2985.2, 2716.72, 1757.04, 1815.88, 3373.14, 1524.55, 2579.47, 2914.58, 3935.55, 1998.78, 3967.43, 3766.48, 4270.06, 1804.62, 2797.32, 4287.4, 2241.0, 3535.24, 1807.83, 4131.84, 3145.26, 4289.35, 3058.27, 3361.3, 4387.22, 2576.99, 4020.3, 3107.94, 3016.95, 4594.98, 4730.92, 1575.43, 1816.03, 4424.85, 4066.43, 2401.01, 1820.27, 1535.72, 3468.68, 1681.13, 3663.02, 2459.44, 3166.23, 3277.84, 4499.89, 3292.18, 3050.58, 2859.78, 4459.21, 3184.12, 2081.39, 3265.46, 3908.5, 4529.9, 3367.48, 2357.94, 1647.05, 4214.77, 2932.92, 2627.27, 2033.92, 3721.46, 2146.68, 2662.05, 2709.68, 4941.65, 1932.41, 2675.52, 3678.56, 2095.73, 1913.22, 3940.42]
[0.91, 0.28, 0.5, 0.85, 0.6, 0.32, 0.64, 0.31, 0.67, 0.65, 0.37, 0.84, 0.5, 0.23, 0.49, 0.73, 0.59, 0.34, 0.7, 0.57, 0.62, 0.43, 0.79, 0.65, 0.42, 0.88, 0.35, 0.28, 0.33, 0.53, 0.6, 0.73, 0.81, 0.6, 0.66, 0.37, 0.42, 0.61, 0.34, 0.45, 0.8, 0.61, 0.51, 0.44, 0.27, 0.33, 0.9, 0.79, 0.5, 0.79, 0.59, 0.54, 0.81, 0.41, 0.57, 0.37, 0.58, 0.68, 0.39, 0.62, 0.6, 0.78, 0.53, 0.44, 0.61, 0.61, 0.43, 0.6, 0.45, 0.43, 0.33, 0.87, 0.97, 0.38, 0.25, 0.65, 0.55, 0.42, 0.62, 0.57, 0.45, 0.48, 0.61, 0.38, 0.6, 0.51, 0.45, 0.23, 0.62, 0.46, 0.83, 0.65, 0.57, 0.97, 0.8, 0.31, 0.51, 0.35, 0.81, 0.5]
[0.52, 0.56, 0.56, 1.05, 0.67, 0.73, 0.99, 0.5, 1.0, 0.53, 0.92, 0.57, 1.1, 0.66, 1.05, 1.05, 0.77, 1.02, 1.08, 0.81, 0.63, 0.8, 1.09, 0.86, 0.66, 0.85, 0.94, 0.94, 0.51, 0.57, 0.5, 0.56, 0.62, 0.68, 0.55, 0.89, 0.78, 1.05, 0.78, 0.79, 0.74, 0.52, 1.05, 0.53, 1.1, 0.95, 0.69, 0.74, 0.54, 0.9, 0.84, 1.07, 1.04, 1.08, 0.57, 0.65, 0.53, 1.03, 1.05, 0.53, 0.75, 0.9, 0.87, 0.58, 1.05, 0.57, 0.7, 0.95, 0.56, 0.95, 1.05, 0.68, 1.08, 1.04, 0.98, 0.74, 0.98, 0.56, 0.83, 0.68, 0.81, 0.82, 1.03, 0.5, 0.89, 0.83, 0.75, 0.66, 0.74, 0.73, 0.5, 1.06, 0.88, 0.58, 0.94, 1.01, 0.51, 0.77, 0.69, 0.95]
[0.67, 0.85, 1.03, 0.82, 0.91, 0.52, 1.04, 0.54, 0.92, 0.63, 0.63, 0.94, 0.78, 1.07, 0.78, 0.55, 0.65, 0.57, 0.93, 0.77, 0.66, 1.04, 0.51, 1.06, 0.82, 0.68, 0.87, 0.58, 1.07, 0.6, 1.04, 1.02, 0.61, 0.82, 0.9, 0.56, 1.03, 0.65, 0.89, 0.58, 0.73, 0.95, 0.64, 0.68, 0.99, 0.7, 0.86, 0.96, 0.9, 1.02, 0.59, 0.98, 0.5, 0.93, 0.53, 1.01, 1.03, 0.76, 0.64, 1.05, 0.58, 0.93, 0.77, 0.99, 0.66, 0.68, 1.07, 0.86, 0.54, 0.58, 0.76, 0.5, 0.75, 0.99, 0.58, 1.09, 0.62, 0.91, 0.52, 0.86, 1.08, 1.04, 0.88, 0.92, 0.54, 1.1, 0.88, 0.96, 0.65, 0.67, 0.97, 0.54, 0.62, 0.98, 0.99, 0.58, 0.71, 0.55, 0.55, 0.73]
[1.02, 0.99, 0.78, 0.99, 0.66, 0.78, 0.81, 0.83, 0.75, 0.78, 0.52, 0.61, 0.81, 0.91, 0.83, 0.87, 0.61, 0.98, 1.03, 0.72, 0.81, 0.62, 0.9, 0.69, 0.81, 0.76, 0.79, 0.61, 0.56, 0.57, 0.63, 1.06, 0.96, 1.09, 0.52, 1.05, 0.57, 1.01, 0.85, 0.83, 0.87, 0.58, 0.62, 0.75, 1.03, 0.75, 0.53, 0.81, 0.64, 0.63, 0.92, 1.03, 0.6, 1.04, 0.73, 1.07, 0.85, 0.62, 0.51, 0.79, 0.91, 0.51, 0.7, 0.58, 0.71, 0.92, 0.54, 1.06, 0.95, 0.66, 0.76, 1.07, 0.62, 0.51, 0.95, 0.77, 0.91, 0.56, 1.02, 1.01, 0.52, 0.83, 1.07, 0.79, 0.91, 0.54, 0.92, 0.67, 0.63, 0.6, 0.93, 0.51, 0.96, 0.68, 0.62, 0.63, 0.78, 0.73, 0.8, 1.06]
[0.67, 0.85, 0.92, 0.99, 0.5, 0.63, 0.86, 1.01, 0.78, 0.51, 0.96, 0.92, 0.96, 0.6, 0.62, 0.63, 0.84, 0.74, 0.6, 0.71, 0.62, 0.84, 0.63, 0.74, 0.83, 0.9, 0.66, 1.02, 1.05, 0.84, 0.93, 0.82, 0.62, 0.53, 1.0, 1.04, 1.02, 0.89, 0.81, 0.9, 0.66, 0.94, 0.61, 0.73, 0.76, 1.08, 0.73, 0.97, 0.85, 0.64, 0.79, 0.81, 0.99, 0.52, 0.56, 0.92, 1.0, 0.79, 0.65, 0.54, 0.8, 0.96, 0.54, 0.68, 0.95, 0.91, 0.88, 0.63, 0.52, 0.73, 0.57, 0.85, 0.84, 0.91, 0.84, 0.64, 0.75, 1.05, 1.04, 0.62, 0.93, 0.99, 0.87, 0.65, 0.83, 0.62, 0.97, 0.55, 0.72, 0.58, 0.81, 0.78, 0.96, 1.01, 0.92, 0.81, 0.74, 1.09, 0.99, 0.99]
[0.61, 0.89, 0.54, 0.78, 0.73, 1.01, 1.05, 0.88, 0.98, 0.99, 0.5, 1.04, 0.7, 0.93, 0.59, 0.92, 0.79, 1.03, 0.82, 0.85, 0.53, 0.71, 1.05, 0.99, 0.57, 1.08, 0.84, 1.02, 0.93, 1.07, 0.52, 0.86, 0.55, 0.83, 1.01, 0.68, 0.54, 0.94, 0.76, 0.53, 0.69, 0.85, 1.04, 0.61, 0.63, 0.72, 0.75, 1.04, 0.88, 0.88, 0.94, 0.69, 0.67, 0.84, 0.52, 0.66, 0.6, 1.01, 0.94, 0.76, 1.07, 0.72, 0.76, 0.59, 0.97, 0.72, 0.81, 0.68, 1.01, 0.71, 0.68, 0.93, 0.72, 1.02, 0.92, 1.1, 0.51, 0.77, 0.7, 1.04, 0.65, 0.7, 0.96, 1.05, 0.63, 0.56, 0.57, 0.96, 0.7, 1.05, 0.77, 0.79, 1.03, 1.04, 0.9, 0.99, 1.1, 0.53, 0.83, 0.68]
[0.14, 0.36, 0.22, 0.65, 0.15, 0.18, 0.75, 0.2, 0.53, 0.13, 0.15, 0.31, 0.46, 0.36, 0.25, 0.29, 0.2, 0.44, 0.51, 0.27, 0.11, 0.31, 0.33, 0.46, 0.21, 0.43, 0.36, 0.35, 0.3, 0.18, 0.16, 0.43, 0.13, 0.27, 0.26, 0.37, 0.25, 0.58, 0.36, 0.18, 0.22, 0.23, 0.26, 0.12, 0.54, 0.38, 0.17, 0.58, 0.23, 0.32, 0.34, 0.61, 0.21, 0.46, 0.06, 0.43, 0.28, 0.39, 0.21, 0.18, 0.34, 0.29, 0.19, 0.13, 0.45, 0.23, 0.29, 0.37, 0.15, 0.19, 0.24, 0.29, 0.3, 0.48, 0.42, 0.43, 0.21, 0.23, 0.32, 0.38, 0.27, 0.49, 0.82, 0.25, 0.23, 0.17, 0.34, 0.22, 0.15, 0.18, 0.29, 0.18, 0.51, 0.41, 0.48, 0.29, 0.23, 0.18, 0.25, 0.49]
[619.72, 337.22, 368.16, 975.17, 160.07, 365.32, 1425.18, 434.76, 1497.19, 392.01, 1411.33, 850.33, 175.41, 402.32, 435.14, 252.47, 433.24, 45.18, 1357.87, 475.97, 1164.68, 474.12, 139.23, 1124.51, 185.02, 468.72, 557.67, 38.39, 43.98, 270.31, 1400.99, 401.63, 425.97, 1329.22, 396.43, 428.63, 205.21, 1430.41, 62.66, 222.71, 1584.94, 772.04, 366.77, 1037.18, 35.81, 43.54, 567.43, 1647.38, 391.15, 378.19, 368.37, 352.24, 449.48, 357.59, 118.09, 39.99, 474.33, 1386.9, 42.86, 923.55, 561.01, 1177.74, 275.07, 322.35, 1028.33, 1082.98, 409.51, 1100.23, 252.77, 410.39, 280.74, 450.74, 662.9, 420.48, 222.23, 713.48, 341.14, 188.42, 526.27, 448.43, 277.08, 117.13, 662.5, 520.81, 784.65, 342.27, 290.07, 347.3, 849.9, 188.44, 420.04, 357.65, 245.61, 670.41, 665.71, 142.81, 292.84, 230.08, 801.23, 590.32]
[93.59, 113.35, 78.26, 673.02, 21.11, 59.28, 1087.18, 92.03, 817.47, 43.42, 256.22, 258.68, 78.73, 145.85, 108.15, 77.44, 90.78, 20.1, 723.21, 127.47, 131.34, 140.55, 43.93, 548.72, 36.45, 190.9, 186.25, 12.88, 13.58, 46.62, 222.42, 175.61, 51.81, 370.69, 101.26, 155.69, 49.86, 816.19, 25.97, 40.93, 349.44, 193.59, 102.23, 118.68, 19.59, 16.64, 102.09, 986.74, 92.28, 129.86, 114.73, 211.12, 90.05, 169.28, 8.82, 17.04, 132.86, 562.44, 9.16, 155.46, 182.98, 347.7, 51.68, 47.21, 462.36, 242.54, 112.04, 404.95, 36.85, 73.62, 63.42, 139.97, 195.27, 208.32, 91.36, 325.38, 73.36, 45.13, 180.26, 153.89, 74.6, 60.85, 530.65, 116.86, 171.69, 61.31, 94.64, 75.48, 136.8, 34.58, 118.04, 65.9, 134.13, 276.26, 313.16, 38.5, 65.38, 43.14, 193.75, 268.66]
[2598.6, 1186.11, 1340.82, 4375.85, 300.36, 1326.58, 6625.9, 1673.79, 6985.94, 1460.05, 6556.63, 3751.63, 377.04, 1511.59, 1675.68, 762.34, 1666.2, -274.12, 6289.36, 1879.84, 5323.4, 1870.59, 196.17, 5122.55, 425.11, 1843.62, 2288.34, -308.06, -280.11, 851.56, 6504.93, 1508.13, 1629.86, 6146.12, 1482.15, 1643.16, 526.07, 6652.07, -186.69, 613.54, 7424.72, 3360.2, 1333.86, 4685.91, -320.96, -282.29, 2337.16, 7736.88, 1455.76, 1390.96, 1341.87, 1261.19, 1747.38, 1287.96, 90.45, -300.05, 1871.63, 6434.5, -285.69, 4117.74, 2305.05, 5388.68, 875.37, 1111.77, 4641.63, 4914.89, 1547.56, 5001.15, 763.87, 1551.95, 903.71, 1753.72, 2814.5, 1602.39, 611.16, 3067.38, 1205.72, 442.08, 2131.37, 1742.15, 885.4, 85.67, 2812.52, 2104.04, 3423.27, 1211.34, 950.37, 1236.51, 3749.52, 442.18, 1600.2, 1288.24, 728.03, 2852.04, 2828.56, 214.04, 964.22, 650.42, 3506.16, 2451.61]
[-32.07, 66.74, -108.68, 2865.09, -394.43, -203.59, 4935.9, -39.83, 3587.34, -282.89, 781.08, 793.42, -106.35, 229.26, 40.75, -112.79, -46.12, -399.51, 3116.07, 137.34, 156.71, 202.75, -280.37, 2243.59, -317.77, 454.52, 431.26, -435.58, -432.09, -266.92, 612.08, 378.07, -240.97, 1353.46, 6.31, 278.46, -250.7, 3580.93, -370.13, -295.36, 1247.21, 467.97, 11.17, 93.42, -402.06, -416.82, 10.45, 4433.69, -38.58, 149.28, 73.66, 555.58, -49.73, 346.41, -455.92, -414.78, 164.32, 2312.2, -454.19, 277.32, 414.91, 1238.49, -241.62, -263.95, 1811.81, 712.68, 60.21, 1524.76, -315.76, -131.91, -182.91, 199.84, 476.36, 541.62, -43.22, 1126.92, -133.2, -274.33, 401.32, 269.47, -127.02, -195.73, 2153.26, 84.31, 358.44, -193.46, -26.79, -122.62, 184.01, -327.11, 90.19, -170.5, 170.65, 881.32, 1065.78, -307.52, -173.12, -284.29, 468.73, 843.32]
[83.04, 95.97, 146.95, 104.28, 188.46, 125.22, 179.44, 153.97, 177.37, 156.19, 177.3, 147.96, 189.58, 122.36, 197.01, 168.99, 105.85, 155.26, 125.02, 140.0, 47.86, 131.82, 161.22, 95.48, 110.63, 171.27, 81.79, 93.19, 89.56, 108.67, 35.14, 72.64, 101.19, 45.74, 103.18, 116.58, 157.42, 79.95, 158.7, 150.66, 170.8, 72.18, 111.89, 128.62, 44.82, 141.41, 72.31, 165.27, 125.81, 171.57, 91.75, 134.45, 87.74, 103.08, 120.61, 62.16, 120.68, 183.8, 189.24, 63.02, 72.64, 176.99, 162.66, 96.04, 36.41, 61.43, 138.75, 67.25, 146.52, 98.38, 126.65, 98.34, 180.0, 131.69, 91.52, 114.39, 178.37, 63.68, 83.26, 130.62, 78.17, 181.2, 134.7, 94.32, 65.88, 84.3, 87.99, 105.09, 61.02, 148.86, 85.87, 106.48, 108.39, 148.25, 57.97, 107.02, 147.14, 83.83, 57.4, 157.62]
[110, 127, 220, 156, 282, 187, 269, 230, 266, 234, 265, 221, 284, 163, 295, 253, 141, 232, 166, 210, 63, 197, 241, 127, 147, 256, 109, 139, 119, 163, 35, 108, 134, 60, 154, 174, 236, 119, 238, 225, 256, 108, 167, 171, 44, 212, 108, 247, 188, 257, 122, 201, 87, 154, 160, 62, 181, 275, 283, 94, 108, 265, 243, 144, 36, 92, 208, 100, 219, 147, 189, 131, 269, 197, 122, 171, 267, 63, 124, 195, 78, 271, 202, 141, 98, 84, 117, 157, 81, 223, 128, 159, 162, 197, 77, 160, 220, 125, 76, 236]
[243, 1042, 1339, 6, 498, 1344, 631, 290, 736, 1414, 147, 1672, 471, 890, 890, 1139, 852, 684, 1409, 1384, 1284, 1259, 1361, 1292, 585, 518, 413, 1595, 606, 391, 1111, 476, 390, 958, 216, 466, 1179, 513, 1402, 1091, 602, 1538, 1674, 397, 1500, 1094, 920, 416, 675, 1482, 687, 1025, 1158, 541, 1479, 341, 1527, 1592, 646, 317, 25, 65, 593, 1168, 835, 1043, 1458, 1081, 1140, 1249, 642, 1397, 866, 10, 607, 1325, 513, 43, 954, 1377, 1212, 1579, 815, 286, 689, 46, 1068, 1018, 1150, 1619, 1099, 1053, 387, 972, 1044, 1670, 222, 460, 91, 950]
[781, 1680, 1680, 1192, 1159, 1680, 1570, 766, 1680, 1680, 1024, 1680, 1287, 1150, 1680, 1680, 1575, 1680, 1680, 1680, 1680, 1680, 1680, 1680, 1308, 1148, 797, 1680, 1236, 1299, 1680, 1261, 1680, 1680, 1186, 1467, 1593, 1236, 1680, 1680, 1680, 1680, 1680, 1680, 1680, 1680, 1680, 614, 904, 1680, 1194, 1409, 1480, 1680, 1680, 1465, 1680, 1680, 1680, 1595, 1581, 1066, 1680, 1680, 1126, 1680, 1680, 1680, 1680, 1680, 1680, 1680, 1680, 178, 1680, 1616, 1452, 673, 1430, 1680, 1680, 1680, 1680, 670, 980, 584, 1236, 1680, 1680, 1680, 1680, 1680, 616, 1680, 1680, 1680, 1038, 1680, 351, 1680]
2
[0.0, 0.0]
[10000.0, 10000.0]
[[0.0, 0.0, 102.0, 61.0, 165.0, 74.0, 118.0, 124.0, 139.0, 108.0, 94.0, 128.0, 84.0, 157.0, 110.0, 110.0, 79.0, 136.0, 137.0, 129.0, 62.0, 121.0, 71.0, 127.0, 110.0, 122.0, 66.0, 154.0, 88.0, 72.0, 90.0, 95.0, 113.0, 134.0, 67.0, 92.0, 77.0, 131.0, 104.0, 140.0, 68.0, 146.0, 118.0, 59.0, 96.0, 80.0, 64.0, 102.0, 162.0, 65.0, 167.0, 128.0, 65.0, 83.0, 109.0, 126.0, 100.0, 116.0, 121.0, 116.0, 141.0, 168.0, 160.0, 110.0, 142.0, 145.0, 107.0, 107.0, 160.0, 160.0, 86.0, 158.0, 100.0, 42.0, 107.0, 158.0, 82.0, 99.0, 126.0, 100.0, 58.0, 160.0, 119.0, 143.0, 142.0, 70.0, 80.0, 43.0, 87.0, 62.0, 86.0, 98.0, 156.0, 124.0, 157.0, 114.0, 97.0, 156.0, 148.0, 148.0, 102.0, 124.0], [0.0, 0.0, 102.0, 61.0, 165.0, 74.0, 118.0, 124.0, 139.0, 108.0, 94.0, 128.0, 84.0, 157.0, 110.0, 110.0, 79.0, 136.0, 137.0, 129.0, 62.0, 121.0, 71.0, 127.0, 110.0, 122.0, 66.0, 154.0, 88.0, 72.0, 90.0, 95.0, 113.0, 134.0, 67.0, 92.0, 77.0, 131.0, 104.0, 140.0, 68.0, 146.0, 118.0, 59.0, 96.0, 80.0, 64.0, 102.0, 162.0, 65.0, 167.0, 128.0, 65.0, 83.0, 109.0, 126.0, 100.0, 116.0, 121.0, 116.0, 141.0, 168.0, 160.0, 110.0, 142.0, 145.0, 107.0, 107.0, 160.0, 160.0, 86.0, 158.0, 100.0, 42.0, 107.0, 158.0, 82.0, 99.0, 126.0, 100.0, 58.0, 160.0, 119.0, 143.0, 142.0, 70.0, 80.0, 43.0, 87.0, 62.0, 86.0, 98.0, 156.0, 124.0, 157.0, 114.0, 97.0, 156.0, 148.0, 148.0, 102.0, 124.0], [102.0, 102.0, 0.0, 41.0, 112.0, 76.0, 38.0, 37.0, 125.0, 30.0, 102.0, 51.0, 45.0, 114.0, 121.0, 65.0, 68.0, 127.0, 69.0, 97.0, 41.0, 52.0, 32.0, 52.0, 52.0, 68.0, 37.0, 111.0, 85.0, 79.0, 85.0, 53.0, 17.0, 125.0, 36.0, 10.0, 46.0, 121.0, 50.0, 138.0, 83.0, 132.0, 81.0, 72.0, 50.0, 94.0, 44.0, 94.0, 129.0, 85.0, 127.0, 80.0, 38.0, 68.0, 16.0, 97.0, 76.0, 21.0, 81.0, 89.0, 145.0, 133.0, 114.0, 94.0, 81.0, 99.0, 16.0, 50.0, 134.0, 116.0, 62.0, 134.0, 100.0, 61.0, 55.0, 139.0, 99.0, 103.0, 46.0, 16.0, 66.0, 127.0, 21.0, 134.0, 114.0, 73.0, 43.0, 67.0, 84.0, 62.0, 92.0, 101.0, 127.0, 101.0, 139.0, 71.0, 75.0, 114.0, 99.0, 138.0, 78.0, 52.0], [61.0, 61.0, 41.0, 0.0, 124.0, 53.0, 61.0, 66.0, 118.0, 50.0, 83.0, 73.0, 37.0, 121.0, 103.0, 68.0, 50.0, 118.0, 87.0, 97.0, 0.0, 69.0, 10.0, 73.0, 61.0, 77.0, 6.0, 118.0, 68.0, 55.0, 69.0, 50.0, 52.0, 116.0, 6.0, 31.0, 31.0, 112.0, 55.0, 127.0, 57.0, 126.0, 81.0, 42.0, 50.0, 71.0, 14.0, 81.0, 132.0, 57.0, 133.0, 87.0, 6.0, 53.0, 48.0, 95.0, 68.0, 55.0, 83.0, 85.0, 132.0, 137.0, 122.0, 85.0, 95.0, 106.0, 47.0, 58.0, 134.0, 124.0, 50.0, 133.0, 84.0, 20.0, 61.0, 136.0, 76.0, 86.0, 70.0, 40.0, 35.0, 130.0, 58.0, 126.0, 113.0, 49.0, 32.0, 29.0, 66.0, 34.0, 72.0, 84.0, 128.0, 96.0, 135.0, 73.0, 66.0, 121.0, 108.0, 131.0, 70.0, 71.0], [165.0, 165.0, 112.0, 124.0, 0.0, 92.0, 75.0, 77.0, 54.0, 83.0, 84.0, 61.0, 88.0, 15.0, 84.0, 57.0, 86.0, 61.0, 44.0, 39.0, 124.0, 60.0, 122.0, 61.0, 64.0, 47.0, 125.0, 16.0, 80.0, 95.0, 79.0, 74.0, 96.0, 60.0, 119.0, 114.0, 94.0, 60.0, 69.0, 72.0, 100.0, 56.0, 47.0, 107.0, 74.0, 92.0, 112.0, 69.0, 30.0, 103.0, 22.0, 38.0, 118.0, 82.0, 97.0, 42.0, 66.0, 93.0, 44.0, 51.0, 81.0, 30.0, 10.0, 61.0, 32.0, 20.0, 96.0, 67.0, 43.0, 14.0, 80.0, 43.0, 75.0, 136.0, 64.0, 52.0, 94.0, 79.0, 67.0, 98.0, 108.0, 31.0, 96.0, 62.0, 36.0, 95.0, 93.0, 124.0, 81.0, 104.0, 86.0, 79.0, 36.0, 48.0, 53.0, 52.0, 68.0, 17.0, 17.0, 63.0, 63.0, 61.0], [74.0, 74.0, 76.0, 53.0, 92.0, 0.0, 65.0, 73.0, 69.0, 59.0, 30.0, 68.0, 31.0, 83.0, 50.0, 41.0, 9.0, 67.0, 71.0, 55.0, 53.0, 60.0, 58.0, 67.0, 47.0, 53.0, 58.0, 80.0, 16.0, 4.0, 17.0, 32.0, 74.0, 66.0, 51.0, 68.0, 29.0, 62.0, 42.0, 75.0, 10.0, 76.0, 45.0, 16.0, 35.0, 18.0, 39.0, 30.0, 89.0, 13.0, 94.0, 56.0, 50.0, 13.0, 70.0, 53.0, 26.0, 75.0, 48.0, 43.0, 79.0, 95.0, 86.0, 37.0, 72.0, 72.0, 68.0, 45.0, 88.0, 87.0, 18.0, 86.0, 32.0, 54.0, 43.0, 87.0, 24.0, 33.0, 69.0, 62.0, 20.0, 87.0, 79.0, 75.0, 69.0, 5.0, 33.0, 36.0, 15.0, 20.0, 18.0, 31.0, 83.0, 51.0, 87.0, 43.0, 24.0, 82.0, 75.0, 80.0, 29.0, 63.0], [118.0, 118.0, 38.0, 61.0, 75.0, 65.0, 0.0, 8.0, 94.0, 11.0, 84.0, 14.0, 37.0, 77.0, 99.0, 35.0, 56.0, 98.0, 31.0, 65.0, 61.0, 15.0, 55.0, 14.0, 23.0, 34.0, 60.0, 75.0, 67.0, 69.0, 67.0, 33.0, 22.0, 96.0, 55.0, 41.0, 43.0, 92.0, 24.0, 110.0, 75.0, 101.0, 51.0, 70.0, 30.0, 80.0, 55.0, 71.0, 93.0, 78.0, 91.0, 46.0, 56.0, 53.0, 22.0, 65.0, 53.0, 19.0, 49.0, 60.0, 118.0, 97.0, 77.0, 68.0, 43.0, 63.0, 22.0, 23.0, 101.0, 80.0, 47.0, 100.0, 79.0, 79.0, 27.0, 106.0, 85.0, 83.0, 9.0, 25.0, 66.0, 92.0, 22.0, 104.0, 81.0, 65.0, 39.0, 76.0, 67.0, 61.0, 75.0, 81.0, 93.0, 71.0, 107.0, 41.0, 53.0, 78.0, 62.0, 108.0, 53.0, 14.0], [124.0, 124.0, 37.0, 66.0, 77.0, 73.0, 8.0, 0.0, 100.0, 17.0, 91.0, 16.0, 44.0, 81.0, 107.0, 42.0, 63.0, 104.0, 33.0, 70.0, 66.0, 20.0, 59.0, 16.0, 30.0, 39.0, 64.0, 79.0, 75.0, 77.0, 75.0, 41.0, 20.0, 102.0, 60.0, 43.0, 50.0, 98.0, 32.0, 116.0, 82.0, 107.0, 57.0, 77.0, 38.0, 87.0, 60.0, 78.0, 97.0, 86.0, 94.0, 51.0, 60.0, 61.0, 22.0, 71.0, 60.0, 17.0, 55.0, 66.0, 125.0, 101.0, 80.0, 75.0, 46.0, 67.0, 22.0, 30.0, 105.0, 83.0, 55.0, 105.0, 86.0, 84.0, 34.0, 111.0, 92.0, 90.0, 10.0, 27.0, 73.0, 96.0, 19.0, 110.0, 86.0, 72.0, 46.0, 83.0, 74.0, 68.0, 83.0, 89.0, 97.0, 77.0, 112.0, 47.0, 61.0, 82.0, 66.0, 114.0, 60.0, 18.0], [139.0, 139.0, 125.0, 118.0, 54.0, 69.0, 94.0, 100.0, 0.0, 96.0, 45.0, 86.0, 84.0, 39.0, 35.0, 60.0, 69.0, 7.0, 74.0, 30.0, 118.0, 80.0, 120.0, 85.0, 73.0, 61.0, 122.0, 38.0, 53.0, 69.0, 52.0, 73.0, 114.0, 7.0, 115.0, 122.0, 88.0, 9.0, 75.0, 19.0, 72.0, 8.0, 44.0, 85.0, 75.0, 59.0, 104.0, 38.0, 30.0, 74.0, 40.0, 49.0, 114.0, 66.0, 112.0, 29.0, 51.0, 112.0, 45.0, 36.0, 28.0, 35.0, 44.0, 33.0, 63.0, 42.0, 111.0, 75.0, 22.0, 41.0, 68.0, 20.0, 39.0, 123.0, 70.0, 19.0, 57.0, 40.0, 91.0, 109.0, 89.0, 28.0, 116.0, 10.0, 18.0, 73.0, 89.0, 105.0, 54.0, 88.0, 54.0, 41.0, 22.0, 24.0, 18.0, 54.0, 53.0, 37.0, 46.0, 14.0, 49.0, 82.0], [108.0, 108.0, 30.0, 50.0, 83.0, 59.0, 11.0, 17.0, 96.0, 0.0, 81.0, 24.0, 29.0, 84.0, 97.0, 36.0, 50.0, 99.0, 40.0, 68.0, 50.0, 22.0, 44.0, 24.0, 23.0, 38.0, 49.0, 81.0, 63.0, 63.0, 63.0, 28.0, 18.0, 97.0, 44.0, 31.0, 34.0, 93.0, 22.0, 111.0, 68.0, 104.0, 52.0, 61.0, 26.0, 75.0, 44.0, 69.0, 99.0, 71.0, 97.0, 51.0, 45.0, 48.0, 16.0, 68.0, 51.0, 17.0, 52.0, 61.0, 119.0, 103.0, 84.0, 68.0, 51.0, 69.0, 15.0, 22.0, 105.0, 87.0, 42.0, 104.0, 76.0, 68.0, 27.0, 110.0, 80.0, 80.0, 20.0, 15.0, 57.0, 97.0, 21.0, 106.0, 84.0, 57.0, 30.0, 66.0, 63.0, 52.0, 71.0, 78.0, 97.0, 72.0, 110.0, 42.0, 51.0, 84.0, 69.0, 110.0, 52.0, 23.0], [94.0, 94.0, 102.0, 83.0, 84.0, 30.0, 84.0, 91.0, 45.0, 81.0, 0.0, 82.0, 57.0, 72.0, 20.0, 51.0, 35.0, 42.0, 79.0, 45.0, 83.0, 74.0, 88.0, 81.0, 62.0, 60.0, 88.0, 69.0, 18.0, 28.0, 17.0, 52.0, 97.0, 40.0, 81.0, 96.0, 57.0, 37.0, 60.0, 47.0, 29.0, 52.0, 44.0, 44.0, 55.0, 14.0, 69.0, 16.0, 72.0, 30.0, 79.0, 56.0, 80.0, 35.0, 94.0, 42.0, 31.0, 97.0, 48.0, 36.0, 50.0, 77.0, 76.0, 24.0, 75.0, 65.0, 93.0, 61.0, 67.0, 75.0, 40.0, 65.0, 9.0, 83.0, 57.0, 64.0, 12.0, 6.0, 85.0, 88.0, 49.0, 69.0, 102.0, 50.0, 52.0, 34.0, 60.0, 64.0, 19.0, 50.0, 12.0, 5.0, 65.0, 37.0, 63.0, 48.0, 31.0, 70.0, 69.0, 54.0, 32.0, 77.0], [128.0, 128.0, 51.0, 73.0, 61.0, 68.0, 14.0, 16.0, 86.0, 24.0, 82.0, 0.0, 44.0, 65.0, 96.0, 31.0, 59.0, 90.0, 17.0, 56.0, 73.0, 9.0, 68.0, 1.0, 22.0, 25.0, 73.0, 63.0, 67.0, 72.0, 67.0, 36.0, 35.0, 88.0, 67.0, 55.0, 51.0, 85.0, 26.0, 103.0, 78.0, 93.0, 44.0, 75.0, 34.0, 81.0, 65.0, 68.0, 82.0, 82.0, 78.0, 37.0, 68.0, 55.0, 36.0, 57.0, 51.0, 32.0, 42.0, 54.0, 112.0, 85.0, 64.0, 64.0, 30.0, 51.0, 36.0, 24.0, 90.0, 68.0, 50.0, 90.0, 76.0, 90.0, 26.0, 96.0, 85.0, 80.0, 6.0, 39.0, 73.0, 81.0, 34.0, 96.0, 71.0, 69.0, 48.0, 85.0, 67.0, 68.0, 75.0, 79.0, 82.0, 63.0, 97.0, 35.0, 52.0, 66.0, 50.0, 100.0, 50.0, 5.0], [84.0, 84.0, 45.0, 37.0, 88.0, 31.0, 37.0, 44.0, 84.0, 29.0, 57.0, 44.0, 0.0, 84.0, 76.0, 31.0, 23.0, 85.0, 54.0, 60.0, 36.0, 38.0, 36.0, 44.0, 26.0, 41.0, 39.0, 81.0, 40.0, 35.0, 40.0, 14.0, 42.0, 83.0, 32.0, 39.0, 7.0, 79.0, 20.0, 96.0, 40.0, 92.0, 45.0, 33.0, 14.0, 49.0, 24.0, 50.0, 95.0, 43.0, 97.0, 50.0, 31.0, 23.0, 39.0, 59.0, 34.0, 43.0, 47.0, 50.0, 102.0, 100.0, 86.0, 52.0, 60.0, 70.0, 37.0, 23.0, 98.0, 87.0, 17.0, 97.0, 55.0, 49.0, 25.0, 101.0, 54.0, 58.0, 44.0, 31.0, 29.0, 94.0, 48.0, 93.0, 77.0, 29.0, 5.0, 41.0, 39.0, 24.0, 46.0, 56.0, 92.0, 61.0, 101.0, 37.0, 32.0, 84.0, 72.0, 98.0, 36.0, 40.0], [157.0, 157.0, 114.0, 121.0, 15.0, 83.0, 77.0, 81.0, 39.0, 84.0, 72.0, 65.0, 84.0, 0.0, 70.0, 53.0, 79.0, 46.0, 49.0, 28.0, 121.0, 62.0, 119.0, 64.0, 63.0, 46.0, 123.0, 3.0, 70.0, 86.0, 69.0, 70.0, 99.0, 45.0, 116.0, 114.0, 90.0, 45.0, 67.0, 57.0, 90.0, 41.0, 40.0, 99.0, 71.0, 81.0, 108.0, 58.0, 18.0, 93.0, 13.0, 34.0, 115.0, 74.0, 99.0, 31.0, 58.0, 96.0, 38.0, 41.0, 67.0, 20.0, 5.0, 49.0, 36.0, 15.0, 98.0, 65.0, 29.0, 3.0, 74.0, 30.0, 63.0, 131.0, 61.0, 38.0, 82.0, 67.0, 71.0, 99.0, 101.0, 18.0, 99.0, 47.0, 22.0, 87.0, 89.0, 117.0, 71.0, 98.0, 75.0, 67.0, 21.0, 35.0, 39.0, 47.0, 60.0, 2.0, 15.0, 48.0, 55.0, 63.0], [110.0, 110.0, 121.0, 103.0, 84.0, 50.0, 99.0, 107.0, 35.0, 97.0, 20.0, 96.0, 76.0, 70.0, 0.0, 65.0, 54.0, 30.0, 89.0, 48.0, 103.0, 88.0, 108.0, 95.0, 77.0, 72.0, 108.0, 68.0, 37.0, 48.0, 36.0, 69.0, 115.0, 29.0, 101.0, 115.0, 77.0, 27.0, 76.0, 30.0, 48.0, 40.0, 53.0, 63.0, 72.0, 33.0, 89.0, 28.0, 65.0, 49.0, 74.0, 64.0, 100.0, 54.0, 112.0, 46.0, 47.0, 114.0, 57.0, 43.0, 31.0, 71.0, 75.0, 32.0, 82.0, 68.0, 110.0, 77.0, 57.0, 73.0, 59.0, 56.0, 21.0, 103.0, 72.0, 52.0, 29.0, 18.0, 99.0, 106.0, 69.0, 63.0, 118.0, 36.0, 49.0, 54.0, 80.0, 83.0, 38.0, 70.0, 32.0, 20.0, 57.0, 39.0, 51.0, 61.0, 47.0, 68.0, 72.0, 39.0, 46.0, 91.0], [110.0, 110.0, 65.0, 68.0, 57.0, 41.0, 35.0, 42.0, 60.0, 36.0, 51.0, 31.0, 31.0, 53.0, 65.0, 0.0, 33.0, 63.0, 30.0, 32.0, 68.0, 23.0, 66.0, 30.0, 13.0, 12.0, 70.0, 50.0, 37.0, 45.0, 36.0, 17.0, 54.0, 61.0, 63.0, 63.0, 38.0, 57.0, 15.0, 75.0, 51.0, 68.0, 16.0, 53.0, 18.0, 51.0, 55.0, 37.0, 65.0, 55.0, 66.0, 19.0, 62.0, 29.0, 52.0, 32.0, 20.0, 52.0, 17.0, 25.0, 83.0, 70.0, 54.0, 33.0, 31.0, 39.0, 51.0, 14.0, 70.0, 56.0, 25.0, 69.0, 45.0, 80.0, 10.0, 74.0, 55.0, 49.0, 35.0, 49.0, 53.0, 64.0, 56.0, 70.0, 49.0, 43.0, 36.0, 68.0, 37.0, 49.0, 45.0, 48.0, 63.0, 36.0, 74.0, 6.0, 21.0, 53.0, 40.0, 74.0, 19.0, 27.0], [79.0, 79.0, 68.0, 50.0, 86.0, 9.0, 56.0, 63.0, 69.0, 50.0, 35.0, 59.0, 23.0, 79.0, 54.0, 33.0, 0.0, 68.0, 63.0, 51.0, 50.0, 51.0, 54.0, 58.0, 38.0, 45.0, 54.0, 75.0, 18.0, 13.0, 19.0, 23.0, 65.0, 66.0, 48.0, 61.0, 23.0, 62.0, 33.0, 77.0, 19.0, 76.0, 39.0, 20.0, 26.0, 26.0, 36.0, 31.0, 86.0, 23.0, 90.0, 49.0, 46.0, 4.0, 62.0, 49.0, 21.0, 66.0, 42.0, 39.0, 82.0, 92.0, 81.0, 36.0, 64.0, 66.0, 60.0, 35.0, 86.0, 82.0, 9.0, 85.0, 34.0, 55.0, 34.0, 87.0, 31.0, 37.0, 60.0, 54.0, 22.0, 84.0, 70.0, 76.0, 66.0, 10.0, 26.0, 39.0, 17.0, 20.0, 23.0, 35.0, 81.0, 48.0, 86.0, 35.0, 18.0, 78.0, 69.0, 81.0, 24.0, 54.0], [136.0, 136.0, 127.0, 118.0, 61.0, 67.0, 98.0, 104.0, 7.0, 99.0, 42.0, 90.0, 85.0, 46.0, 30.0, 63.0, 68.0, 0.0, 79.0, 34.0, 118.0, 83.0, 120.0, 89.0, 76.0, 65.0, 122.0, 44.0, 52.0, 67.0, 50.0, 74.0, 117.0, 2.0, 115.0, 123.0, 88.0, 6.0, 77.0, 13.0, 69.0, 10.0, 47.0, 83.0, 77.0, 56.0, 104.0, 37.0, 37.0, 71.0, 46.0, 54.0, 114.0, 66.0, 115.0, 33.0, 52.0, 115.0, 49.0, 38.0, 22.0, 42.0, 51.0, 33.0, 68.0, 48.0, 113.0, 77.0, 28.0, 48.0, 69.0, 26.0, 36.0, 122.0, 72.0, 23.0, 54.0, 37.0, 95.0, 111.0, 88.0, 35.0, 119.0, 8.0, 25.0, 72.0, 90.0, 104.0, 53.0, 87.0, 51.0, 38.0, 29.0, 27.0, 21.0, 57.0, 53.0, 44.0, 52.0, 13.0, 50.0, 86.0], [137.0, 137.0, 69.0, 87.0, 44.0, 71.0, 31.0, 33.0, 74.0, 40.0, 79.0, 17.0, 54.0, 49.0, 89.0, 30.0, 63.0, 79.0, 0.0, 45.0, 87.0, 18.0, 82.0, 17.0, 28.0, 19.0, 87.0, 47.0, 66.0, 75.0, 66.0, 42.0, 52.0, 77.0, 81.0, 71.0, 61.0, 74.0, 34.0, 92.0, 81.0, 80.0, 36.0, 82.0, 41.0, 80.0, 77.0, 63.0, 66.0, 85.0, 62.0, 25.0, 81.0, 59.0, 53.0, 46.0, 49.0, 49.0, 33.0, 46.0, 101.0, 69.0, 47.0, 57.0, 13.0, 35.0, 53.0, 31.0, 75.0, 51.0, 54.0, 75.0, 71.0, 102.0, 30.0, 82.0, 84.0, 76.0, 23.0, 55.0, 80.0, 65.0, 52.0, 84.0, 57.0, 73.0, 58.0, 94.0, 66.0, 76.0, 74.0, 75.0, 67.0, 53.0, 83.0, 31.0, 51.0, 50.0, 34.0, 87.0, 47.0, 17.0], [129.0, 129.0, 97.0, 97.0, 39.0, 55.0, 65.0, 70.0, 30.0, 68.0, 45.0, 56.0, 60.0, 28.0, 48.0, 32.0, 51.0, 34.0, 45.0, 0.0, 96.0, 50.0, 97.0, 55.0, 45.0, 31.0, 99.0, 25.0, 41.0, 57.0, 40.0, 47.0, 85.0, 33.0, 92.0, 95.0, 65.0, 30.0, 47.0, 47.0, 62.0, 37.0, 16.0, 71.0, 49.0, 53.0, 83.0, 30.0, 35.0, 65.0, 39.0, 20.0, 91.0, 47.0, 84.0, 3.0, 30.0, 83.0, 16.0, 13.0, 56.0, 41.0, 32.0, 21.0, 35.0, 20.0, 82.0, 46.0, 38.0, 32.0, 47.0, 37.0, 36.0, 105.0, 42.0, 42.0, 55.0, 40.0, 61.0, 81.0, 73.0, 33.0, 87.0, 40.0, 17.0, 59.0, 65.0, 90.0, 42.0, 71.0, 47.0, 40.0, 31.0, 10.0, 42.0, 26.0, 33.0, 27.0, 24.0, 44.0, 27.0, 52.0], [62.0, 62.0, 41.0, 0.0, 124.0, 53.0, 61.0, 66.0, 118.0, 50.0, 83.0, 73.0, 36.0, 121.0, 103.0, 68.0, 50.0, 118.0, 87.0, 96.0, 0.0, 69.0, 10.0, 73.0, 61.0, 77.0, 6.0, 117.0, 68.0, 55.0, 69.0, 50.0, 52.0, 116.0, 6.0, 30.0, 31.0, 112.0, 55.0, 127.0, 57.0, 126.0, 81.0, 42.0, 50.0, 71.0, 14.0, 81.0, 131.0, 57.0, 133.0, 87.0, 6.0, 52.0, 48.0, 95.0, 68.0, 55.0, 83.0, 85.0, 132.0, 137.0, 122.0, 85.0, 95.0, 106.0, 46.0, 58.0, 134.0, 124.0, 50.0, 133.0, 84.0, 20.0, 60.0, 135.0, 75.0, 86.0, 70.0, 39.0, 35.0, 130.0, 58.0, 126.0, 113.0, 49.0, 31.0, 29.0, 66.0, 34.0, 71.0, 84.0, 128.0, 96.0, 135.0, 73.0, 66.0, 120.0, 108.0, 131.0, 70.0, 70.0], [121.0, 121.0, 52.0, 69.0, 60.0, 60.0, 15.0, 20.0, 80.0, 22.0, 74.0, 9.0, 38.0, 62.0, 88.0, 23.0, 51.0, 83.0, 18.0, 50.0, 69.0, 0.0, 64.0, 7.0, 13.0, 19.0, 69.0, 60.0, 58.0, 64.0, 58.0, 28.0, 37.0, 82.0, 63.0, 54.0, 45.0, 78.0, 18.0, 96.0, 70.0, 87.0, 36.0, 68.0, 26.0, 72.0, 59.0, 60.0, 78.0, 73.0, 75.0, 31.0, 63.0, 47.0, 37.0, 51.0, 42.0, 34.0, 35.0, 46.0, 105.0, 82.0, 62.0, 56.0, 29.0, 48.0, 36.0, 16.0, 85.0, 65.0, 42.0, 85.0, 68.0, 85.0, 17.0, 91.0, 77.0, 72.0, 12.0, 38.0, 65.0, 77.0, 38.0, 90.0, 65.0, 60.0, 41.0, 78.0, 58.0, 61.0, 67.0, 71.0, 77.0, 56.0, 91.0, 27.0, 43.0, 63.0, 47.0, 93.0, 42.0, 4.0], [71.0, 71.0, 32.0, 10.0, 122.0, 58.0, 55.0, 59.0, 120.0, 44.0, 88.0, 68.0, 36.0, 119.0, 108.0, 66.0, 54.0, 120.0, 82.0, 97.0, 10.0, 64.0, 0.0, 68.0, 58.0, 74.0, 5.0, 116.0, 71.0, 60.0, 72.0, 49.0, 43.0, 119.0, 7.0, 21.0, 32.0, 114.0, 53.0, 130.0, 63.0, 128.0, 81.0, 48.0, 48.0, 76.0, 19.0, 84.0, 131.0, 64.0, 132.0, 85.0, 9.0, 55.0, 40.0, 95.0, 69.0, 47.0, 83.0, 86.0, 136.0, 136.0, 121.0, 87.0, 92.0, 105.0, 38.0, 55.0, 134.0, 123.0, 52.0, 133.0, 88.0, 29.0, 58.0, 137.0, 81.0, 90.0, 64.0, 32.0, 42.0, 130.0, 49.0, 128.0, 114.0, 54.0, 31.0, 38.0, 70.0, 40.0, 76.0, 88.0, 128.0, 97.0, 137.0, 72.0, 67.0, 119.0, 106.0, 133.0, 72.0, 66.0], [127.0, 127.0, 52.0, 73.0, 61.0, 67.0, 14.0, 16.0, 85.0, 24.0, 81.0, 1.0, 44.0, 64.0, 95.0, 30.0, 58.0, 89.0, 17.0, 55.0, 73.0, 7.0, 68.0, 0.0, 21.0, 24.0, 72.0, 62.0, 66.0, 71.0, 65.0, 35.0, 36.0, 87.0, 67.0, 55.0, 51.0, 84.0, 25.0, 102.0, 77.0, 92.0, 43.0, 75.0, 33.0, 80.0, 64.0, 67.0, 81.0, 81.0, 78.0, 35.0, 67.0, 54.0, 36.0, 56.0, 50.0, 32.0, 40.0, 52.0, 110.0, 84.0, 64.0, 63.0, 29.0, 50.0, 36.0, 23.0, 89.0, 67.0, 49.0, 89.0, 75.0, 90.0, 25.0, 95.0, 84.0, 79.0, 6.0, 39.0, 72.0, 80.0, 35.0, 95.0, 70.0, 68.0, 47.0, 84.0, 66.0, 68.0, 74.0, 78.0, 81.0, 62.0, 96.0, 34.0, 51.0, 65.0, 49.0, 98.0, 49.0, 4.0], [110.0, 110.0, 52.0, 61.0, 64.0, 47.0, 23.0, 30.0, 73.0, 23.0, 62.0, 22.0, 26.0, 63.0, 77.0, 13.0, 38.0, 76.0, 28.0, 45.0, 61.0, 13.0, 58.0, 21.0, 0.0, 17.0, 62.0, 60.0, 46.0, 51.0, 46.0, 15.0, 41.0, 74.0, 55.0, 52.0, 34.0, 71.0, 6.0, 88.0, 56.0, 81.0, 29.0, 55.0, 14.0, 59.0, 50.0, 49.0, 76.0, 60.0, 76.0, 28.0, 55.0, 34.0, 39.0, 45.0, 31.0, 39.0, 29.0, 38.0, 96.0, 81.0, 63.0, 46.0, 34.0, 48.0, 38.0, 3.0, 82.0, 66.0, 28.0, 81.0, 56.0, 75.0, 5.0, 87.0, 64.0, 61.0, 24.0, 37.0, 53.0, 75.0, 43.0, 83.0, 61.0, 47.0, 31.0, 67.0, 46.0, 49.0, 54.0, 59.0, 75.0, 49.0, 87.0, 19.0, 31.0, 63.0, 49.0, 87.0, 31.0, 17.0], [122.0, 122.0, 68.0, 77.0, 47.0, 53.0, 34.0, 39.0, 61.0, 38.0, 60.0, 25.0, 41.0, 46.0, 72.0, 12.0, 45.0, 65.0, 19.0, 31.0, 77.0, 19.0, 74.0, 24.0, 17.0, 0.0, 78.0, 43.0, 47.0, 57.0, 46.0, 28.0, 55.0, 63.0, 71.0, 68.0, 48.0, 60.0, 22.0, 77.0, 63.0, 68.0, 19.0, 65.0, 27.0, 61.0, 65.0, 45.0, 60.0, 66.0, 59.0, 13.0, 71.0, 41.0, 54.0, 32.0, 30.0, 52.0, 16.0, 29.0, 86.0, 65.0, 47.0, 39.0, 20.0, 31.0, 53.0, 20.0, 67.0, 49.0, 37.0, 67.0, 53.0, 90.0, 16.0, 73.0, 65.0, 57.0, 30.0, 53.0, 64.0, 59.0, 56.0, 71.0, 47.0, 55.0, 46.0, 80.0, 47.0, 60.0, 55.0, 56.0, 59.0, 38.0, 73.0, 12.0, 32.0, 46.0, 32.0, 75.0, 28.0, 21.0], [66.0, 66.0, 37.0, 6.0, 125.0, 58.0, 60.0, 64.0, 122.0, 49.0, 88.0, 73.0, 39.0, 123.0, 108.0, 70.0, 54.0, 122.0, 87.0, 99.0, 6.0, 69.0, 5.0, 72.0, 62.0, 78.0, 0.0, 120.0, 72.0, 60.0, 73.0, 52.0, 49.0, 120.0, 7.0, 26.0, 34.0, 116.0, 56.0, 131.0, 62.0, 130.0, 84.0, 47.0, 52.0, 76.0, 19.0, 85.0, 134.0, 63.0, 135.0, 88.0, 8.0, 56.0, 45.0, 98.0, 71.0, 52.0, 86.0, 88.0, 137.0, 139.0, 124.0, 89.0, 96.0, 108.0, 44.0, 59.0, 137.0, 126.0, 54.0, 136.0, 89.0, 24.0, 62.0, 139.0, 81.0, 91.0, 69.0, 37.0, 41.0, 132.0, 55.0, 130.0, 116.0, 54.0, 34.0, 35.0, 71.0, 39.0, 76.0, 89.0, 131.0, 99.0, 139.0, 75.0, 69.0, 123.0, 110.0, 135.0, 74.0, 70.0], [154.0, 154.0, 111.0, 118.0, 16.0, 80.0, 75.0, 79.0, 38.0, 81.0, 69.0, 63.0, 81.0, 3.0, 68.0, 50.0, 75.0, 44.0, 47.0, 25.0, 117.0, 60.0, 116.0, 62.0, 60.0, 43.0, 120.0, 0.0, 67.0, 82.0, 65.0, 67.0, 97.0, 44.0, 113.0, 111.0, 87.0, 43.0, 64.0, 56.0, 87.0, 41.0, 37.0, 95.0, 68.0, 78.0, 104.0, 55.0, 19.0, 90.0, 16.0, 31.0, 112.0, 71.0, 96.0, 28.0, 54.0, 94.0, 34.0, 38.0, 66.0, 22.0, 7.0, 46.0, 34.0, 12.0, 95.0, 62.0, 30.0, 7.0, 70.0, 30.0, 60.0, 128.0, 58.0, 38.0, 79.0, 64.0, 69.0, 96.0, 97.0, 19.0, 97.0, 46.0, 20.0, 84.0, 86.0, 114.0, 68.0, 94.0, 72.0, 64.0, 22.0, 32.0, 39.0, 44.0, 57.0, 3.0, 13.0, 47.0, 51.0, 61.0], [88.0, 88.0, 85.0, 68.0, 80.0, 16.0, 67.0, 75.0, 53.0, 63.0, 18.0, 67.0, 40.0, 70.0, 37.0, 37.0, 18.0, 52.0, 66.0, 41.0, 68.0, 58.0, 71.0, 66.0, 46.0, 47.0, 72.0, 67.0, 0.0, 17.0, 1.0, 35.0, 80.0, 50.0, 65.0, 79.0, 40.0, 46.0, 43.0, 59.0, 20.0, 60.0, 34.0, 32.0, 38.0, 14.0, 54.0, 14.0, 74.0, 24.0, 79.0, 46.0, 64.0, 17.0, 77.0, 39.0, 17.0, 80.0, 38.0, 29.0, 64.0, 80.0, 73.0, 22.0, 64.0, 60.0, 75.0, 45.0, 72.0, 73.0, 23.0, 71.0, 16.0, 70.0, 41.0, 71.0, 18.0, 19.0, 69.0, 70.0, 36.0, 72.0, 84.0, 60.0, 54.0, 21.0, 43.0, 52.0, 1.0, 35.0, 8.0, 17.0, 68.0, 36.0, 71.0, 35.0, 15.0, 69.0, 63.0, 64.0, 19.0, 62.0], [72.0, 72.0, 79.0, 55.0, 95.0, 4.0, 69.0, 77.0, 69.0, 63.0, 28.0, 72.0, 35.0, 86.0, 48.0, 45.0, 13.0, 67.0, 75.0, 57.0, 55.0, 64.0, 60.0, 71.0, 51.0, 57.0, 60.0, 82.0, 17.0, 0.0, 18.0, 36.0, 78.0, 66.0, 54.0, 71.0, 33.0, 62.0, 46.0, 74.0, 6.0, 77.0, 48.0, 16.0, 39.0, 16.0, 42.0, 31.0, 91.0, 10.0, 95.0, 59.0, 52.0, 17.0, 74.0, 55.0, 29.0, 78.0, 51.0, 45.0, 78.0, 96.0, 89.0, 38.0, 76.0, 75.0, 72.0, 49.0, 89.0, 89.0, 22.0, 87.0, 31.0, 55.0, 47.0, 88.0, 21.0, 32.0, 74.0, 66.0, 21.0, 88.0, 83.0, 75.0, 70.0, 6.0, 37.0, 36.0, 15.0, 21.0, 17.0, 30.0, 84.0, 52.0, 87.0, 46.0, 27.0, 84.0, 78.0, 80.0, 32.0, 68.0], [90.0, 90.0, 85.0, 69.0, 79.0, 17.0, 67.0, 75.0, 52.0, 63.0, 17.0, 67.0, 40.0, 69.0, 36.0, 36.0, 19.0, 50.0, 66.0, 40.0, 69.0, 58.0, 72.0, 65.0, 46.0, 46.0, 73.0, 65.0, 1.0, 18.0, 0.0, 35.0, 80.0, 48.0, 66.0, 79.0, 41.0, 45.0, 43.0, 58.0, 22.0, 59.0, 33.0, 33.0, 38.0, 15.0, 55.0, 13.0, 73.0, 25.0, 78.0, 45.0, 65.0, 18.0, 77.0, 38.0, 17.0, 80.0, 37.0, 28.0, 63.0, 78.0, 72.0, 20.0, 63.0, 59.0, 75.0, 45.0, 71.0, 72.0, 23.0, 69.0, 16.0, 71.0, 41.0, 70.0, 19.0, 18.0, 69.0, 71.0, 37.0, 70.0, 84.0, 58.0, 53.0, 22.0, 44.0, 54.0, 3.0, 36.0, 9.0, 16.0, 67.0, 35.0, 70.0, 35.0, 15.0, 67.0, 62.0, 63.0, 18.0, 62.0], [95.0, 95.0, 53.0, 50.0, 74.0, 32.0, 33.0, 41.0, 73.0, 28.0, 52.0, 36.0, 14.0, 70.0, 69.0, 17.0, 23.0, 74.0, 42.0, 47.0, 50.0, 28.0, 49.0, 35.0, 15.0, 28.0, 52.0, 67.0, 35.0, 36.0, 35.0, 0.0, 45.0, 73.0, 45.0, 49.0, 20.0, 68.0, 10.0, 86.0, 42.0, 81.0, 32.0, 40.0, 3.0, 47.0, 38.0, 41.0, 82.0, 46.0, 83.0, 36.0, 45.0, 20.0, 43.0, 46.0, 24.0, 45.0, 33.0, 37.0, 93.0, 87.0, 72.0, 42.0, 47.0, 56.0, 41.0, 13.0, 85.0, 74.0, 14.0, 84.0, 48.0, 62.0, 12.0, 89.0, 52.0, 52.0, 37.0, 37.0, 38.0, 80.0, 49.0, 82.0, 64.0, 32.0, 19.0, 52.0, 34.0, 34.0, 43.0, 50.0, 79.0, 49.0, 88.0, 23.0, 23.0, 70.0, 58.0, 86.0, 25.0, 32.0], [113.0, 113.0, 17.0, 52.0, 96.0, 74.0, 22.0, 20.0, 114.0, 18.0, 97.0, 35.0, 42.0, 99.0, 115.0, 54.0, 65.0, 117.0, 52.0, 85.0, 52.0, 37.0, 43.0, 36.0, 41.0, 55.0, 49.0, 97.0, 80.0, 78.0, 80.0, 45.0, 0.0, 115.0, 46.0, 24.0, 46.0, 111.0, 40.0, 129.0, 82.0, 121.0, 70.0, 73.0, 43.0, 91.0, 50.0, 87.0, 115.0, 85.0, 112.0, 67.0, 47.0, 64.0, 4.0, 85.0, 68.0, 4.0, 69.0, 79.0, 137.0, 119.0, 99.0, 86.0, 65.0, 85.0, 6.0, 40.0, 122.0, 102.0, 58.0, 121.0, 93.0, 71.0, 44.0, 127.0, 96.0, 97.0, 30.0, 13.0, 68.0, 114.0, 6.0, 124.0, 101.0, 72.0, 42.0, 74.0, 79.0, 64.0, 88.0, 96.0, 114.0, 90.0, 127.0, 60.0, 68.0, 100.0, 84.0, 128.0, 69.0, 36.0], [134.0, 134.0, 125.0, 116.0, 60.0, 66.0, 96.0, 102.0, 7.0, 97.0, 40.0, 88.0, 83.0, 45.0, 29.0, 61.0, 66.0, 2.0, 77.0, 33.0, 116.0, 82.0, 119.0, 87.0, 74.0, 63.0, 120.0, 44.0, 50.0, 66.0, 48.0, 73.0, 115.0, 0.0, 113.0, 121.0, 86.0, 4.0, 75.0, 14.0, 68.0, 11.0, 45.0, 81.0, 75.0, 54.0, 102.0, 35.0, 37.0, 70.0, 47.0, 52.0, 112.0, 64.0, 113.0, 31.0, 50.0, 113.0, 47.0, 36.0, 24.0, 42.0, 50.0, 31.0, 67.0, 47.0, 112.0, 75.0, 29.0, 47.0, 67.0, 27.0, 35.0, 120.0, 70.0, 24.0, 52.0, 35.0, 93.0, 109.0, 86.0, 35.0, 117.0, 10.0, 24.0, 70.0, 88.0, 102.0, 51.0, 85.0, 49.0, 37.0, 29.0, 25.0, 23.0, 55.0, 51.0, 43.0, 51.0, 15.0, 48.0, 85.0], [67.0, 67.0, 36.0, 6.0, 119.0, 51.0, 55.0, 60.0, 115.0, 44.0, 81.0, 67.0, 32.0, 116.0, 101.0, 63.0, 48.0, 115.0, 81.0, 92.0, 6.0, 63.0, 7.0, 67.0, 55.0, 71.0, 7.0, 113.0, 65.0, 54.0, 66.0, 45.0, 46.0, 113.0, 0.0, 26.0, 27.0, 109.0, 50.0, 124.0, 56.0, 122.0, 77.0, 42.0, 45.0, 70.0, 12.0, 78.0, 127.0, 57.0, 128.0, 81.0, 2.0, 49.0, 42.0, 91.0, 64.0, 49.0, 79.0, 81.0, 130.0, 132.0, 117.0, 82.0, 89.0, 101.0, 40.0, 52.0, 130.0, 119.0, 46.0, 129.0, 82.0, 26.0, 55.0, 132.0, 74.0, 84.0, 64.0, 33.0, 35.0, 125.0, 52.0, 123.0, 109.0, 47.0, 27.0, 32.0, 64.0, 33.0, 70.0, 82.0, 123.0, 92.0, 131.0, 68.0, 62.0, 116.0, 103.0, 127.0, 66.0, 64.0], [92.0, 92.0, 10.0, 31.0, 114.0, 68.0, 41.0, 43.0, 122.0, 31.0, 96.0, 55.0, 39.0, 114.0, 115.0, 63.0, 61.0, 123.0, 71.0, 95.0, 30.0, 54.0, 21.0, 55.0, 52.0, 68.0, 26.0, 111.0, 79.0, 71.0, 79.0, 49.0, 24.0, 121.0, 26.0, 0.0, 39.0, 117.0, 48.0, 134.0, 75.0, 129.0, 79.0, 63.0, 47.0, 87.0, 34.0, 89.0, 128.0, 77.0, 127.0, 80.0, 27.0, 62.0, 21.0, 95.0, 72.0, 28.0, 80.0, 86.0, 141.0, 133.0, 114.0, 90.0, 82.0, 99.0, 20.0, 49.0, 133.0, 117.0, 57.0, 132.0, 94.0, 50.0, 54.0, 137.0, 92.0, 98.0, 50.0, 16.0, 56.0, 127.0, 29.0, 131.0, 112.0, 65.0, 36.0, 57.0, 78.0, 53.0, 85.0, 96.0, 126.0, 98.0, 137.0, 69.0, 71.0, 114.0, 100.0, 135.0, 74.0, 54.0], [77.0, 77.0, 46.0, 31.0, 94.0, 29.0, 43.0, 50.0, 88.0, 34.0, 57.0, 51.0, 7.0, 90.0, 77.0, 38.0, 23.0, 88.0, 61.0, 65.0, 31.0, 45.0, 32.0, 51.0, 34.0, 48.0, 34.0, 87.0, 40.0, 33.0, 41.0, 20.0, 46.0, 86.0, 27.0, 39.0, 0.0, 82.0, 27.0, 98.0, 37.0, 96.0, 50.0, 27.0, 21.0, 47.0, 18.0, 52.0, 100.0, 39.0, 102.0, 56.0, 26.0, 23.0, 43.0, 64.0, 37.0, 48.0, 52.0, 54.0, 104.0, 106.0, 92.0, 55.0, 67.0, 76.0, 41.0, 30.0, 103.0, 93.0, 19.0, 102.0, 56.0, 42.0, 32.0, 105.0, 53.0, 59.0, 50.0, 34.0, 23.0, 99.0, 52.0, 96.0, 82.0, 26.0, 5.0, 34.0, 39.0, 18.0, 46.0, 57.0, 97.0, 65.0, 104.0, 43.0, 35.0, 90.0, 78.0, 101.0, 39.0, 47.0], [131.0, 131.0, 121.0, 112.0, 60.0, 62.0, 92.0, 98.0, 9.0, 93.0, 37.0, 85.0, 79.0, 45.0, 27.0, 57.0, 62.0, 6.0, 74.0, 30.0, 112.0, 78.0, 114.0, 84.0, 71.0, 60.0, 116.0, 43.0, 46.0, 62.0, 45.0, 68.0, 111.0, 4.0, 109.0, 117.0, 82.0, 0.0, 71.0, 18.0, 64.0, 15.0, 42.0, 77.0, 71.0, 50.0, 98.0, 31.0, 38.0, 66.0, 47.0, 49.0, 108.0, 60.0, 109.0, 28.0, 46.0, 110.0, 44.0, 33.0, 27.0, 44.0, 50.0, 27.0, 65.0, 46.0, 108.0, 72.0, 31.0, 47.0, 63.0, 29.0, 31.0, 116.0, 67.0, 27.0, 49.0, 32.0, 90.0, 105.0, 82.0, 36.0, 114.0, 14.0, 23.0, 66.0, 84.0, 98.0, 47.0, 81.0, 46.0, 33.0, 30.0, 22.0, 26.0, 52.0, 47.0, 43.0, 50.0, 19.0, 44.0, 81.0], [104.0, 104.0, 50.0, 55.0, 69.0, 42.0, 24.0, 32.0, 75.0, 22.0, 60.0, 26.0, 20.0, 67.0, 76.0, 15.0, 33.0, 77.0, 34.0, 47.0, 55.0, 18.0, 53.0, 25.0, 6.0, 22.0, 56.0, 64.0, 43.0, 46.0, 43.0, 10.0, 40.0, 75.0, 50.0, 48.0, 27.0, 71.0, 0.0, 89.0, 52.0, 82.0, 31.0, 49.0, 8.0, 56.0, 44.0, 47.0, 80.0, 55.0, 80.0, 33.0, 49.0, 29.0, 38.0, 47.0, 29.0, 39.0, 32.0, 39.0, 97.0, 85.0, 68.0, 46.0, 40.0, 52.0, 36.0, 3.0, 85.0, 70.0, 24.0, 84.0, 55.0, 69.0, 6.0, 89.0, 60.0, 59.0, 28.0, 34.0, 47.0, 79.0, 43.0, 84.0, 64.0, 42.0, 25.0, 61.0, 42.0, 43.0, 51.0, 57.0, 78.0, 51.0, 89.0, 21.0, 29.0, 67.0, 54.0, 89.0, 30.0, 22.0], [140.0, 140.0, 138.0, 127.0, 72.0, 75.0, 110.0, 116.0, 19.0, 111.0, 47.0, 103.0, 96.0, 57.0, 30.0, 75.0, 77.0, 13.0, 92.0, 47.0, 127.0, 96.0, 130.0, 102.0, 88.0, 77.0, 131.0, 56.0, 59.0, 74.0, 58.0, 86.0, 129.0, 14.0, 124.0, 134.0, 98.0, 18.0, 89.0, 0.0, 75.0, 16.0, 59.0, 90.0, 88.0, 61.0, 113.0, 46.0, 46.0, 77.0, 55.0, 67.0, 123.0, 75.0, 127.0, 46.0, 62.0, 127.0, 61.0, 50.0, 10.0, 49.0, 62.0, 44.0, 81.0, 61.0, 125.0, 89.0, 34.0, 58.0, 79.0, 32.0, 43.0, 129.0, 84.0, 26.0, 58.0, 42.0, 107.0, 122.0, 95.0, 43.0, 131.0, 10.0, 37.0, 80.0, 100.0, 111.0, 61.0, 95.0, 57.0, 44.0, 38.0, 40.0, 24.0, 69.0, 64.0, 55.0, 65.0, 12.0, 61.0, 99.0], [68.0, 68.0, 83.0, 57.0, 100.0, 10.0, 75.0, 82.0, 72.0, 68.0, 29.0, 78.0, 40.0, 90.0, 48.0, 51.0, 19.0, 69.0, 81.0, 62.0, 57.0, 70.0, 63.0, 77.0, 56.0, 63.0, 62.0, 87.0, 20.0, 6.0, 22.0, 42.0, 82.0, 68.0, 56.0, 75.0, 37.0, 64.0, 52.0, 75.0, 0.0, 79.0, 53.0, 15.0, 45.0, 15.0, 44.0, 34.0, 94.0, 4.0, 100.0, 64.0, 54.0, 23.0, 79.0, 59.0, 34.0, 83.0, 57.0, 49.0, 79.0, 100.0, 93.0, 42.0, 81.0, 79.0, 77.0, 54.0, 92.0, 93.0, 28.0, 90.0, 33.0, 55.0, 52.0, 90.0, 19.0, 33.0, 79.0, 71.0, 22.0, 92.0, 88.0, 77.0, 74.0, 11.0, 41.0, 35.0, 19.0, 23.0, 18.0, 31.0, 88.0, 56.0, 90.0, 52.0, 32.0, 89.0, 83.0, 82.0, 37.0, 73.0], [146.0, 146.0, 132.0, 126.0, 56.0, 76.0, 101.0, 107.0, 8.0, 104.0, 52.0, 93.0, 92.0, 41.0, 40.0, 68.0, 76.0, 10.0, 80.0, 37.0, 126.0, 87.0, 128.0, 92.0, 81.0, 68.0, 130.0, 41.0, 60.0, 77.0, 59.0, 81.0, 121.0, 11.0, 122.0, 129.0, 96.0, 15.0, 82.0, 16.0, 79.0, 0.0, 51.0, 92.0, 83.0, 65.0, 112.0, 46.0, 30.0, 81.0, 40.0, 56.0, 121.0, 74.0, 120.0, 36.0, 59.0, 120.0, 52.0, 43.0, 25.0, 34.0, 46.0, 41.0, 69.0, 47.0, 118.0, 82.0, 19.0, 43.0, 76.0, 17.0, 46.0, 131.0, 77.0, 13.0, 64.0, 46.0, 98.0, 116.0, 97.0, 28.0, 123.0, 6.0, 23.0, 81.0, 97.0, 113.0, 62.0, 95.0, 61.0, 48.0, 22.0, 32.0, 11.0, 61.0, 60.0, 39.0, 51.0, 7.0, 56.0, 89.0], [118.0, 118.0, 81.0, 81.0, 47.0, 45.0, 51.0, 57.0, 44.0, 52.0, 44.0, 44.0, 45.0, 40.0, 53.0, 16.0, 39.0, 47.0, 36.0, 16.0, 81.0, 36.0, 81.0, 43.0, 29.0, 19.0, 84.0, 37.0, 34.0, 48.0, 33.0, 32.0, 70.0, 45.0, 77.0, 79.0, 50.0, 42.0, 31.0, 59.0, 53.0, 51.0, 0.0, 59.0, 33.0, 48.0, 68.0, 28.0, 50.0, 56.0, 52.0, 12.0, 76.0, 35.0, 68.0, 15.0, 18.0, 68.0, 4.0, 10.0, 68.0, 55.0, 43.0, 21.0, 31.0, 27.0, 67.0, 31.0, 54.0, 44.0, 34.0, 53.0, 36.0, 91.0, 26.0, 58.0, 51.0, 40.0, 48.0, 65.0, 61.0, 49.0, 72.0, 54.0, 33.0, 48.0, 50.0, 77.0, 35.0, 58.0, 41.0, 39.0, 47.0, 20.0, 58.0, 10.0, 21.0, 40.0, 30.0, 58.0, 16.0, 40.0], [59.0, 59.0, 72.0, 42.0, 107.0, 16.0, 70.0, 77.0, 85.0, 61.0, 44.0, 75.0, 33.0, 99.0, 63.0, 53.0, 20.0, 83.0, 82.0, 71.0, 42.0, 68.0, 48.0, 75.0, 55.0, 65.0, 47.0, 95.0, 32.0, 16.0, 33.0, 40.0, 73.0, 81.0, 42.0, 63.0, 27.0, 77.0, 49.0, 90.0, 15.0, 92.0, 59.0, 0.0, 42.0, 30.0, 30.0, 46.0, 105.0, 16.0, 109.0, 69.0, 40.0, 25.0, 70.0, 68.0, 41.0, 75.0, 63.0, 58.0, 94.0, 111.0, 101.0, 53.0, 84.0, 87.0, 68.0, 52.0, 104.0, 102.0, 28.0, 102.0, 47.0, 39.0, 52.0, 103.0, 34.0, 48.0, 76.0, 61.0, 7.0, 103.0, 79.0, 91.0, 85.0, 12.0, 32.0, 21.0, 31.0, 10.0, 33.0, 46.0, 99.0, 67.0, 103.0, 55.0, 38.0, 98.0, 90.0, 96.0, 44.0, 71.0], [96.0, 96.0, 50.0, 50.0, 74.0, 35.0, 30.0, 38.0, 75.0, 26.0, 55.0, 34.0, 14.0, 71.0, 72.0, 18.0, 26.0, 77.0, 41.0, 49.0, 50.0, 26.0, 48.0, 33.0, 14.0, 27.0, 52.0, 68.0, 38.0, 39.0, 38.0, 3.0, 43.0, 75.0, 45.0, 47.0, 21.0, 71.0, 8.0, 88.0, 45.0, 83.0, 33.0, 42.0, 0.0, 50.0, 38.0, 44.0, 83.0, 48.0, 84.0, 37.0, 44.0, 23.0, 40.0, 48.0, 26.0, 42.0, 34.0, 39.0, 95.0, 88.0, 72.0, 44.0, 47.0, 57.0, 38.0, 11.0, 87.0, 74.0, 17.0, 86.0, 51.0, 63.0, 11.0, 90.0, 55.0, 55.0, 35.0, 35.0, 40.0, 81.0, 47.0, 84.0, 66.0, 35.0, 18.0, 53.0, 37.0, 35.0, 46.0, 53.0, 80.0, 51.0, 90.0, 24.0, 25.0, 71.0, 58.0, 88.0, 27.0, 29.0], [80.0, 80.0, 94.0, 71.0, 92.0, 18.0, 80.0, 87.0, 59.0, 75.0, 14.0, 81.0, 49.0, 81.0, 33.0, 51.0, 26.0, 56.0, 80.0, 53.0, 71.0, 72.0, 76.0, 80.0, 59.0, 61.0, 76.0, 78.0, 14.0, 16.0, 15.0, 47.0, 91.0, 54.0, 70.0, 87.0, 47.0, 50.0, 56.0, 61.0, 15.0, 65.0, 48.0, 30.0, 50.0, 0.0, 57.0, 23.0, 83.0, 16.0, 90.0, 60.0, 68.0, 27.0, 88.0, 50.0, 31.0, 91.0, 52.0, 42.0, 64.0, 89.0, 85.0, 32.0, 78.0, 72.0, 86.0, 58.0, 79.0, 84.0, 33.0, 78.0, 20.0, 69.0, 55.0, 77.0, 5.0, 19.0, 83.0, 80.0, 36.0, 81.0, 95.0, 63.0, 63.0, 22.0, 51.0, 50.0, 14.0, 37.0, 7.0, 17.0, 76.0, 46.0, 76.0, 50.0, 30.0, 80.0, 76.0, 68.0, 33.0, 76.0], [64.0, 64.0, 44.0, 14.0, 112.0, 39.0, 55.0, 60.0, 104.0, 44.0, 69.0, 65.0, 24.0, 108.0, 89.0, 55.0, 36.0, 104.0, 77.0, 83.0, 14.0, 59.0, 19.0, 64.0, 50.0, 65.0, 19.0, 104.0, 54.0, 42.0, 55.0, 38.0, 50.0, 102.0, 12.0, 34.0, 18.0, 98.0, 44.0, 113.0, 44.0, 112.0, 68.0, 30.0, 38.0, 57.0, 0.0, 67.0, 118.0, 45.0, 120.0, 74.0, 10.0, 38.0, 46.0, 81.0, 54.0, 53.0, 70.0, 71.0, 118.0, 123.0, 109.0, 71.0, 84.0, 94.0, 44.0, 47.0, 120.0, 111.0, 36.0, 119.0, 70.0, 25.0, 49.0, 122.0, 62.0, 72.0, 63.0, 37.0, 23.0, 116.0, 56.0, 112.0, 99.0, 35.0, 19.0, 24.0, 52.0, 21.0, 58.0, 70.0, 114.0, 82.0, 121.0, 60.0, 52.0, 107.0, 96.0, 117.0, 56.0, 62.0], [102.0, 102.0, 94.0, 81.0, 69.0, 30.0, 71.0, 78.0, 38.0, 69.0, 16.0, 68.0, 50.0, 58.0, 28.0, 37.0, 31.0, 37.0, 63.0, 30.0, 81.0, 60.0, 84.0, 67.0, 49.0, 45.0, 85.0, 55.0, 14.0, 31.0, 13.0, 41.0, 87.0, 35.0, 78.0, 89.0, 52.0, 31.0, 47.0, 46.0, 34.0, 46.0, 28.0, 46.0, 44.0, 23.0, 67.0, 0.0, 60.0, 37.0, 66.0, 40.0, 77.0, 29.0, 84.0, 27.0, 18.0, 86.0, 32.0, 20.0, 52.0, 66.0, 62.0, 9.0, 59.0, 50.0, 82.0, 48.0, 58.0, 61.0, 33.0, 56.0, 8.0, 85.0, 44.0, 57.0, 25.0, 13.0, 71.0, 78.0, 51.0, 58.0, 90.0, 45.0, 40.0, 35.0, 54.0, 67.0, 16.0, 49.0, 17.0, 12.0, 54.0, 23.0, 56.0, 33.0, 19.0, 56.0, 54.0, 50.0, 18.0, 63.0], [162.0, 162.0, 129.0, 132.0, 30.0, 89.0, 93.0, 97.0, 30.0, 99.0, 72.0, 82.0, 95.0, 18.0, 65.0, 65.0, 86.0, 37.0, 66.0, 35.0, 131.0, 78.0, 131.0, 81.0, 76.0, 60.0, 134.0, 19.0, 74.0, 91.0, 73.0, 82.0, 115.0, 37.0, 127.0, 128.0, 100.0, 38.0, 80.0, 46.0, 94.0, 30.0, 50.0, 105.0, 83.0, 83.0, 118.0, 60.0, 0.0, 97.0, 10.0, 48.0, 126.0, 82.0, 114.0, 37.0, 65.0, 112.0, 49.0, 47.0, 55.0, 6.0, 21.0, 52.0, 53.0, 30.0, 113.0, 79.0, 13.0, 17.0, 83.0, 14.0, 64.0, 140.0, 74.0, 22.0, 83.0, 66.0, 87.0, 113.0, 108.0, 3.0, 115.0, 35.0, 20.0, 93.0, 100.0, 125.0, 75.0, 106.0, 77.0, 67.0, 8.0, 38.0, 24.0, 59.0, 68.0, 16.0, 32.0, 35.0, 62.0, 79.0], [65.0, 65.0, 85.0, 57.0, 103.0, 13.0, 78.0, 86.0, 74.0, 71.0, 30.0, 82.0, 43.0, 93.0, 49.0, 55.0, 23.0, 71.0, 85.0, 65.0, 57.0, 73.0, 64.0, 81.0, 60.0, 66.0, 63.0, 90.0, 24.0, 10.0, 25.0, 46.0, 85.0, 70.0, 57.0, 77.0, 39.0, 66.0, 55.0, 77.0, 4.0, 81.0, 56.0, 16.0, 48.0, 16.0, 45.0, 37.0, 97.0, 0.0, 103.0, 68.0, 55.0, 26.0, 82.0, 62.0, 38.0, 86.0, 60.0, 53.0, 80.0, 103.0, 97.0, 45.0, 85.0, 83.0, 80.0, 58.0, 94.0, 97.0, 32.0, 93.0, 35.0, 54.0, 56.0, 93.0, 20.0, 35.0, 83.0, 73.0, 22.0, 95.0, 90.0, 79.0, 77.0, 14.0, 44.0, 34.0, 23.0, 24.0, 21.0, 33.0, 91.0, 59.0, 92.0, 55.0, 36.0, 92.0, 87.0, 84.0, 41.0, 77.0], [167.0, 167.0, 127.0, 133.0, 22.0, 94.0, 91.0, 94.0, 40.0, 97.0, 79.0, 78.0, 97.0, 13.0, 74.0, 66.0, 90.0, 46.0, 62.0, 39.0, 133.0, 75.0, 132.0, 78.0, 76.0, 59.0, 135.0, 16.0, 79.0, 95.0, 78.0, 83.0, 112.0, 47.0, 128.0, 127.0, 102.0, 47.0, 80.0, 55.0, 100.0, 40.0, 52.0, 109.0, 84.0, 90.0, 120.0, 66.0, 10.0, 103.0, 0.0, 47.0, 128.0, 86.0, 112.0, 41.0, 69.0, 110.0, 50.0, 51.0, 65.0, 9.0, 14.0, 58.0, 49.0, 28.0, 111.0, 78.0, 23.0, 11.0, 85.0, 24.0, 70.0, 143.0, 74.0, 32.0, 90.0, 73.0, 84.0, 112.0, 112.0, 12.0, 112.0, 45.0, 26.0, 97.0, 102.0, 129.0, 80.0, 109.0, 83.0, 74.0, 18.0, 43.0, 34.0, 60.0, 71.0, 13.0, 28.0, 45.0, 66.0, 77.0], [128.0, 128.0, 80.0, 87.0, 38.0, 56.0, 46.0, 51.0, 49.0, 51.0, 56.0, 37.0, 50.0, 34.0, 64.0, 19.0, 49.0, 54.0, 25.0, 20.0, 87.0, 31.0, 85.0, 35.0, 28.0, 13.0, 88.0, 31.0, 46.0, 59.0, 45.0, 36.0, 67.0, 52.0, 81.0, 80.0, 56.0, 49.0, 33.0, 67.0, 64.0, 56.0, 12.0, 69.0, 37.0, 60.0, 74.0, 40.0, 48.0, 68.0, 47.0, 0.0, 81.0, 44.0, 66.0, 21.0, 30.0, 65.0, 8.0, 21.0, 76.0, 52.0, 36.0, 33.0, 19.0, 20.0, 65.0, 31.0, 54.0, 38.0, 42.0, 54.0, 48.0, 98.0, 27.0, 60.0, 63.0, 52.0, 42.0, 65.0, 70.0, 47.0, 68.0, 59.0, 35.0, 58.0, 55.0, 86.0, 47.0, 66.0, 54.0, 52.0, 47.0, 28.0, 61.0, 14.0, 32.0, 35.0, 22.0, 63.0, 27.0, 33.0], [65.0, 65.0, 38.0, 6.0, 118.0, 50.0, 56.0, 60.0, 114.0, 45.0, 80.0, 68.0, 31.0, 115.0, 100.0, 62.0, 46.0, 114.0, 81.0, 91.0, 6.0, 63.0, 9.0, 67.0, 55.0, 71.0, 8.0, 112.0, 64.0, 52.0, 65.0, 45.0, 47.0, 112.0, 2.0, 27.0, 26.0, 108.0, 49.0, 123.0, 54.0, 121.0, 76.0, 40.0, 44.0, 68.0, 10.0, 77.0, 126.0, 55.0, 128.0, 81.0, 0.0, 48.0, 43.0, 90.0, 63.0, 51.0, 78.0, 80.0, 128.0, 132.0, 117.0, 81.0, 89.0, 101.0, 42.0, 52.0, 129.0, 118.0, 45.0, 128.0, 80.0, 24.0, 55.0, 131.0, 73.0, 83.0, 65.0, 35.0, 33.0, 125.0, 53.0, 122.0, 108.0, 46.0, 26.0, 30.0, 63.0, 31.0, 68.0, 80.0, 123.0, 91.0, 130.0, 68.0, 61.0, 115.0, 103.0, 126.0, 66.0, 65.0], [83.0, 83.0, 68.0, 53.0, 82.0, 13.0, 53.0, 61.0, 66.0, 48.0, 35.0, 55.0, 23.0, 74.0, 54.0, 29.0, 4.0, 66.0, 59.0, 47.0, 52.0, 47.0, 55.0, 54.0, 34.0, 41.0, 56.0, 71.0, 17.0, 17.0, 18.0, 20.0, 64.0, 64.0, 49.0, 62.0, 23.0, 60.0, 29.0, 75.0, 23.0, 74.0, 35.0, 25.0, 23.0, 27.0, 38.0, 29.0, 82.0, 26.0, 86.0, 44.0, 48.0, 0.0, 60.0, 45.0, 17.0, 64.0, 38.0, 35.0, 81.0, 88.0, 77.0, 33.0, 60.0, 62.0, 58.0, 32.0, 83.0, 78.0, 6.0, 81.0, 33.0, 58.0, 30.0, 84.0, 32.0, 36.0, 57.0, 53.0, 26.0, 80.0, 68.0, 74.0, 63.0, 14.0, 26.0, 43.0, 16.0, 23.0, 24.0, 34.0, 77.0, 45.0, 83.0, 31.0, 14.0, 74.0, 65.0, 78.0, 20.0, 51.0], [109.0, 109.0, 16.0, 48.0, 97.0, 70.0, 22.0, 22.0, 112.0, 16.0, 94.0, 36.0, 39.0, 99.0, 112.0, 52.0, 62.0, 115.0, 53.0, 84.0, 48.0, 37.0, 40.0, 36.0, 39.0, 54.0, 45.0, 96.0, 77.0, 74.0, 77.0, 43.0, 4.0, 113.0, 42.0, 21.0, 43.0, 109.0, 38.0, 127.0, 79.0, 120.0, 68.0, 70.0, 40.0, 88.0, 46.0, 84.0, 114.0, 82.0, 112.0, 66.0, 43.0, 60.0, 0.0, 84.0, 66.0, 7.0, 68.0, 77.0, 134.0, 118.0, 99.0, 83.0, 65.0, 84.0, 2.0, 38.0, 121.0, 102.0, 55.0, 120.0, 91.0, 68.0, 43.0, 126.0, 93.0, 95.0, 31.0, 9.0, 64.0, 113.0, 10.0, 122.0, 100.0, 68.0, 38.0, 70.0, 76.0, 60.0, 84.0, 93.0, 113.0, 88.0, 126.0, 58.0, 65.0, 100.0, 84.0, 126.0, 67.0, 36.0], [126.0, 126.0, 97.0, 95.0, 42.0, 53.0, 65.0, 71.0, 29.0, 68.0, 42.0, 57.0, 59.0, 31.0, 46.0, 32.0, 49.0, 33.0, 46.0, 3.0, 95.0, 51.0, 95.0, 56.0, 45.0, 32.0, 98.0, 28.0, 39.0, 55.0, 38.0, 46.0, 85.0, 31.0, 91.0, 95.0, 64.0, 28.0, 47.0, 46.0, 59.0, 36.0, 15.0, 68.0, 48.0, 50.0, 81.0, 27.0, 37.0, 62.0, 41.0, 21.0, 90.0, 45.0, 84.0, 0.0, 28.0, 83.0, 16.0, 10.0, 55.0, 43.0, 35.0, 18.0, 38.0, 23.0, 82.0, 46.0, 39.0, 34.0, 46.0, 38.0, 33.0, 103.0, 41.0, 42.0, 52.0, 37.0, 62.0, 81.0, 71.0, 35.0, 87.0, 39.0, 18.0, 57.0, 64.0, 88.0, 40.0, 69.0, 44.0, 37.0, 33.0, 7.0, 42.0, 26.0, 31.0, 30.0, 27.0, 43.0, 25.0, 53.0], [100.0, 100.0, 76.0, 68.0, 66.0, 26.0, 53.0, 60.0, 51.0, 51.0, 31.0, 51.0, 34.0, 58.0, 47.0, 20.0, 21.0, 52.0, 49.0, 30.0, 68.0, 42.0, 69.0, 50.0, 31.0, 30.0, 71.0, 54.0, 17.0, 29.0, 17.0, 24.0, 68.0, 50.0, 64.0, 72.0, 37.0, 46.0, 29.0, 62.0, 34.0, 59.0, 18.0, 41.0, 26.0, 31.0, 54.0, 18.0, 65.0, 38.0, 69.0, 30.0, 63.0, 17.0, 66.0, 28.0, 0.0, 68.0, 22.0, 18.0, 69.0, 71.0, 60.0, 18.0, 47.0, 46.0, 64.0, 30.0, 66.0, 61.0, 18.0, 65.0, 26.0, 75.0, 26.0, 68.0, 35.0, 30.0, 54.0, 61.0, 43.0, 63.0, 72.0, 59.0, 46.0, 30.0, 38.0, 60.0, 17.0, 40.0, 25.0, 28.0, 60.0, 28.0, 67.0, 18.0, 3.0, 57.0, 49.0, 64.0, 3.0, 46.0], [116.0, 116.0, 21.0, 55.0, 93.0, 75.0, 19.0, 17.0, 112.0, 17.0, 97.0, 32.0, 43.0, 96.0, 114.0, 52.0, 66.0, 115.0, 49.0, 83.0, 55.0, 34.0, 47.0, 32.0, 39.0, 52.0, 52.0, 94.0, 80.0, 78.0, 80.0, 45.0, 4.0, 113.0, 49.0, 28.0, 48.0, 110.0, 39.0, 127.0, 83.0, 120.0, 68.0, 75.0, 42.0, 91.0, 53.0, 86.0, 112.0, 86.0, 110.0, 65.0, 51.0, 64.0, 7.0, 83.0, 68.0, 0.0, 67.0, 77.0, 135.0, 116.0, 96.0, 85.0, 62.0, 82.0, 9.0, 38.0, 119.0, 99.0, 58.0, 119.0, 93.0, 75.0, 43.0, 125.0, 96.0, 97.0, 26.0, 16.0, 70.0, 111.0, 4.0, 122.0, 99.0, 73.0, 43.0, 77.0, 79.0, 66.0, 88.0, 95.0, 112.0, 88.0, 125.0, 58.0, 68.0, 97.0, 81.0, 126.0, 68.0, 33.0], [121.0, 121.0, 81.0, 83.0, 44.0, 48.0, 49.0, 55.0, 45.0, 52.0, 48.0, 42.0, 47.0, 38.0, 57.0, 17.0, 42.0, 49.0, 33.0, 16.0, 83.0, 35.0, 83.0, 40.0, 29.0, 16.0, 86.0, 34.0, 38.0, 51.0, 37.0, 33.0, 69.0, 47.0, 79.0, 80.0, 52.0, 44.0, 32.0, 61.0, 57.0, 52.0, 4.0, 63.0, 34.0, 52.0, 70.0, 32.0, 49.0, 60.0, 50.0, 8.0, 78.0, 38.0, 68.0, 16.0, 22.0, 67.0, 0.0, 13.0, 70.0, 54.0, 40.0, 25.0, 27.0, 24.0, 67.0, 31.0, 53.0, 41.0, 36.0, 53.0, 39.0, 94.0, 26.0, 58.0, 55.0, 44.0, 46.0, 65.0, 64.0, 47.0, 71.0, 55.0, 32.0, 52.0, 52.0, 80.0, 39.0, 61.0, 45.0, 43.0, 46.0, 22.0, 58.0, 11.0, 25.0, 37.0, 27.0, 59.0, 20.0, 38.0], [116.0, 116.0, 89.0, 85.0, 51.0, 43.0, 60.0, 66.0, 36.0, 61.0, 36.0, 54.0, 50.0, 41.0, 43.0, 25.0, 39.0, 38.0, 46.0, 13.0, 85.0, 46.0, 86.0, 52.0, 38.0, 29.0, 88.0, 38.0, 29.0, 45.0, 28.0, 37.0, 79.0, 36.0, 81.0, 86.0, 54.0, 33.0, 39.0, 50.0, 49.0, 43.0, 10.0, 58.0, 39.0, 42.0, 71.0, 20.0, 47.0, 53.0, 51.0, 21.0, 80.0, 35.0, 77.0, 10.0, 18.0, 77.0, 13.0, 0.0, 59.0, 53.0, 44.0, 12.0, 40.0, 31.0, 75.0, 39.0, 49.0, 44.0, 35.0, 48.0, 27.0, 93.0, 34.0, 51.0, 44.0, 31.0, 58.0, 73.0, 61.0, 45.0, 81.0, 45.0, 28.0, 46.0, 54.0, 77.0, 30.0, 58.0, 35.0, 31.0, 43.0, 12.0, 51.0, 19.0, 20.0, 40.0, 34.0, 49.0, 15.0, 49.0], [141.0, 141.0, 145.0, 132.0, 81.0, 79.0, 118.0, 125.0, 28.0, 119.0, 50.0, 112.0, 102.0, 67.0, 31.0, 83.0, 82.0, 22.0, 101.0, 56.0, 132.0, 105.0, 136.0, 110.0, 96.0, 86.0, 137.0, 66.0, 64.0, 78.0, 63.0, 93.0, 137.0, 24.0, 130.0, 141.0, 104.0, 27.0, 97.0, 10.0, 79.0, 25.0, 68.0, 94.0, 95.0, 64.0, 118.0, 52.0, 55.0, 80.0, 65.0, 76.0, 128.0, 81.0, 134.0, 55.0, 69.0, 135.0, 70.0, 59.0, 0.0, 58.0, 71.0, 51.0, 91.0, 71.0, 133.0, 97.0, 43.0, 68.0, 85.0, 41.0, 48.0, 133.0, 92.0, 34.0, 60.0, 46.0, 116.0, 130.0, 99.0, 53.0, 139.0, 20.0, 47.0, 84.0, 106.0, 114.0, 66.0, 99.0, 61.0, 48.0, 47.0, 48.0, 32.0, 78.0, 70.0, 64.0, 74.0, 20.0, 68.0, 108.0], [168.0, 168.0, 133.0, 137.0, 30.0, 95.0, 97.0, 101.0, 35.0, 103.0, 77.0, 85.0, 100.0, 20.0, 71.0, 70.0, 92.0, 42.0, 69.0, 41.0, 137.0, 82.0, 136.0, 84.0, 81.0, 65.0, 139.0, 22.0, 80.0, 96.0, 78.0, 87.0, 119.0, 42.0, 132.0, 133.0, 106.0, 44.0, 85.0, 49.0, 100.0, 34.0, 55.0, 111.0, 88.0, 89.0, 123.0, 66.0, 6.0, 103.0, 9.0, 52.0, 132.0, 88.0, 118.0, 43.0, 71.0, 116.0, 54.0, 53.0, 58.0, 0.0, 22.0, 58.0, 56.0, 34.0, 117.0, 83.0, 16.0, 18.0, 88.0, 17.0, 69.0, 146.0, 79.0, 25.0, 89.0, 72.0, 91.0, 117.0, 114.0, 8.0, 119.0, 39.0, 26.0, 99.0, 105.0, 130.0, 81.0, 111.0, 83.0, 73.0, 13.0, 44.0, 26.0, 64.0, 73.0, 19.0, 35.0, 38.0, 68.0, 83.0], [160.0, 160.0, 114.0, 122.0, 10.0, 86.0, 77.0, 80.0, 44.0, 84.0, 76.0, 64.0, 86.0, 5.0, 75.0, 54.0, 81.0, 51.0, 47.0, 32.0, 122.0, 62.0, 121.0, 64.0, 63.0, 47.0, 124.0, 7.0, 73.0, 89.0, 72.0, 72.0, 99.0, 50.0, 117.0, 114.0, 92.0, 50.0, 68.0, 62.0, 93.0, 46.0, 43.0, 101.0, 72.0, 85.0, 109.0, 62.0, 21.0, 97.0, 14.0, 36.0, 117.0, 77.0, 99.0, 35.0, 60.0, 96.0, 40.0, 44.0, 71.0, 22.0, 0.0, 53.0, 34.0, 16.0, 98.0, 66.0, 33.0, 4.0, 76.0, 34.0, 67.0, 133.0, 62.0, 42.0, 86.0, 71.0, 70.0, 99.0, 103.0, 21.0, 98.0, 51.0, 26.0, 90.0, 91.0, 120.0, 74.0, 100.0, 79.0, 71.0, 26.0, 39.0, 43.0, 49.0, 63.0, 7.0, 15.0, 53.0, 58.0, 63.0], [110.0, 110.0, 94.0, 85.0, 61.0, 37.0, 68.0, 75.0, 33.0, 68.0, 24.0, 64.0, 52.0, 49.0, 32.0, 33.0, 36.0, 33.0, 57.0, 21.0, 85.0, 56.0, 87.0, 63.0, 46.0, 39.0, 89.0, 46.0, 22.0, 38.0, 20.0, 42.0, 86.0, 31.0, 82.0, 90.0, 55.0, 27.0, 46.0, 44.0, 42.0, 41.0, 21.0, 53.0, 44.0, 32.0, 71.0, 9.0, 52.0, 45.0, 58.0, 33.0, 81.0, 33.0, 83.0, 18.0, 18.0, 85.0, 25.0, 12.0, 51.0, 58.0, 53.0, 0.0, 51.0, 41.0, 82.0, 46.0, 51.0, 52.0, 35.0, 49.0, 15.0, 90.0, 42.0, 51.0, 33.0, 20.0, 68.0, 79.0, 57.0, 50.0, 89.0, 41.0, 32.0, 41.0, 56.0, 73.0, 23.0, 55.0, 26.0, 19.0, 46.0, 14.0, 50.0, 29.0, 20.0, 48.0, 45.0, 46.0, 17.0, 59.0], [142.0, 142.0, 81.0, 95.0, 32.0, 72.0, 43.0, 46.0, 63.0, 51.0, 75.0, 30.0, 60.0, 36.0, 82.0, 31.0, 64.0, 68.0, 13.0, 35.0, 95.0, 29.0, 92.0, 29.0, 34.0, 20.0, 96.0, 34.0, 64.0, 76.0, 63.0, 47.0, 65.0, 67.0, 89.0, 82.0, 67.0, 65.0, 40.0, 81.0, 81.0, 69.0, 31.0, 84.0, 47.0, 78.0, 84.0, 59.0, 53.0, 85.0, 49.0, 19.0, 89.0, 60.0, 65.0, 38.0, 47.0, 62.0, 27.0, 40.0, 91.0, 56.0, 34.0, 51.0, 0.0, 23.0, 65.0, 37.0, 62.0, 38.0, 57.0, 62.0, 66.0, 109.0, 35.0, 70.0, 81.0, 71.0, 36.0, 66.0, 84.0, 52.0, 64.0, 73.0, 46.0, 74.0, 65.0, 99.0, 65.0, 80.0, 72.0, 70.0, 54.0, 44.0, 71.0, 30.0, 50.0, 37.0, 21.0, 76.0, 45.0, 29.0], [145.0, 145.0, 99.0, 106.0, 20.0, 72.0, 63.0, 67.0, 42.0, 69.0, 65.0, 51.0, 70.0, 15.0, 68.0, 39.0, 66.0, 48.0, 35.0, 20.0, 106.0, 48.0, 105.0, 50.0, 48.0, 31.0, 108.0, 12.0, 60.0, 75.0, 59.0, 56.0, 85.0, 47.0, 101.0, 99.0, 76.0, 46.0, 52.0, 61.0, 79.0, 47.0, 27.0, 87.0, 57.0, 72.0, 94.0, 50.0, 30.0, 83.0, 28.0, 20.0, 101.0, 62.0, 84.0, 23.0, 46.0, 82.0, 24.0, 31.0, 71.0, 34.0, 16.0, 41.0, 23.0, 0.0, 83.0, 51.0, 40.0, 18.0, 61.0, 40.0, 56.0, 118.0, 47.0, 47.0, 74.0, 60.0, 57.0, 84.0, 88.0, 30.0, 85.0, 52.0, 24.0, 75.0, 75.0, 105.0, 61.0, 85.0, 66.0, 60.0, 31.0, 29.0, 48.0, 33.0, 48.0, 15.0, 4.0, 54.0, 43.0, 49.0], [107.0, 107.0, 16.0, 47.0, 96.0, 68.0, 22.0, 22.0, 111.0, 15.0, 93.0, 36.0, 37.0, 98.0, 110.0, 51.0, 60.0, 113.0, 53.0, 82.0, 46.0, 36.0, 38.0, 36.0, 38.0, 53.0, 44.0, 95.0, 75.0, 72.0, 75.0, 41.0, 6.0, 112.0, 40.0, 20.0, 41.0, 108.0, 36.0, 125.0, 77.0, 118.0, 67.0, 68.0, 38.0, 86.0, 44.0, 82.0, 113.0, 80.0, 111.0, 65.0, 42.0, 58.0, 2.0, 82.0, 64.0, 9.0, 67.0, 75.0, 133.0, 117.0, 98.0, 82.0, 65.0, 83.0, 0.0, 36.0, 120.0, 101.0, 53.0, 119.0, 89.0, 66.0, 41.0, 124.0, 91.0, 93.0, 31.0, 7.0, 62.0, 112.0, 12.0, 120.0, 99.0, 66.0, 36.0, 68.0, 74.0, 58.0, 83.0, 91.0, 112.0, 87.0, 125.0, 57.0, 64.0, 99.0, 83.0, 125.0, 65.0, 36.0], [107.0, 107.0, 50.0, 58.0, 67.0, 45.0, 23.0, 30.0, 75.0, 22.0, 61.0, 24.0, 23.0, 65.0, 77.0, 14.0, 35.0, 77.0, 31.0, 46.0, 58.0, 16.0, 55.0, 23.0, 3.0, 20.0, 59.0, 62.0, 45.0, 49.0, 45.0, 13.0, 40.0, 75.0, 52.0, 49.0, 30.0, 72.0, 3.0, 89.0, 54.0, 82.0, 31.0, 52.0, 11.0, 58.0, 47.0, 48.0, 79.0, 58.0, 78.0, 31.0, 52.0, 32.0, 38.0, 46.0, 30.0, 38.0, 31.0, 39.0, 97.0, 83.0, 66.0, 46.0, 37.0, 51.0, 36.0, 0.0, 84.0, 68.0, 26.0, 83.0, 56.0, 72.0, 5.0, 88.0, 62.0, 60.0, 25.0, 35.0, 50.0, 77.0, 42.0, 84.0, 63.0, 45.0, 28.0, 64.0, 44.0, 46.0, 53.0, 59.0, 77.0, 50.0, 89.0, 21.0, 31.0, 66.0, 52.0, 88.0, 30.0, 19.0], [160.0, 160.0, 134.0, 134.0, 43.0, 88.0, 101.0, 105.0, 22.0, 105.0, 67.0, 90.0, 98.0, 29.0, 57.0, 70.0, 86.0, 28.0, 75.0, 38.0, 134.0, 85.0, 134.0, 89.0, 82.0, 67.0, 137.0, 30.0, 72.0, 89.0, 71.0, 85.0, 122.0, 29.0, 130.0, 133.0, 103.0, 31.0, 85.0, 34.0, 92.0, 19.0, 54.0, 104.0, 87.0, 79.0, 120.0, 58.0, 13.0, 94.0, 23.0, 54.0, 129.0, 83.0, 121.0, 39.0, 66.0, 119.0, 53.0, 49.0, 43.0, 16.0, 33.0, 51.0, 62.0, 40.0, 120.0, 84.0, 0.0, 29.0, 84.0, 2.0, 60.0, 141.0, 79.0, 9.0, 79.0, 61.0, 95.0, 119.0, 108.0, 12.0, 123.0, 24.0, 21.0, 92.0, 103.0, 124.0, 73.0, 106.0, 74.0, 62.0, 8.0, 38.0, 11.0, 64.0, 68.0, 27.0, 42.0, 23.0, 63.0, 87.0], [160.0, 160.0, 116.0, 124.0, 14.0, 87.0, 80.0, 83.0, 41.0, 87.0, 75.0, 68.0, 87.0, 3.0, 73.0, 56.0, 82.0, 48.0, 51.0, 32.0, 124.0, 65.0, 123.0, 67.0, 66.0, 49.0, 126.0, 7.0, 73.0, 89.0, 72.0, 74.0, 102.0, 47.0, 119.0, 117.0, 93.0, 47.0, 70.0, 58.0, 93.0, 43.0, 44.0, 102.0, 74.0, 84.0, 111.0, 61.0, 17.0, 97.0, 11.0, 38.0, 118.0, 78.0, 102.0, 34.0, 61.0, 99.0, 41.0, 44.0, 68.0, 18.0, 4.0, 52.0, 38.0, 18.0, 101.0, 68.0, 29.0, 0.0, 77.0, 30.0, 66.0, 135.0, 64.0, 38.0, 85.0, 70.0, 73.0, 101.0, 104.0, 17.0, 102.0, 48.0, 24.0, 90.0, 92.0, 121.0, 74.0, 101.0, 78.0, 70.0, 22.0, 38.0, 39.0, 51.0, 64.0, 5.0, 17.0, 49.0, 58.0, 66.0], [86.0, 86.0, 62.0, 50.0, 80.0, 18.0, 47.0, 55.0, 68.0, 42.0, 40.0, 50.0, 17.0, 74.0, 59.0, 25.0, 9.0, 69.0, 54.0, 47.0, 50.0, 42.0, 52.0, 49.0, 28.0, 37.0, 54.0, 70.0, 23.0, 22.0, 23.0, 14.0, 58.0, 67.0, 46.0, 57.0, 19.0, 63.0, 24.0, 79.0, 28.0, 76.0, 34.0, 28.0, 17.0, 33.0, 36.0, 33.0, 83.0, 32.0, 85.0, 42.0, 45.0, 6.0, 55.0, 46.0, 18.0, 58.0, 36.0, 35.0, 85.0, 88.0, 76.0, 35.0, 57.0, 61.0, 53.0, 26.0, 84.0, 77.0, 0.0, 83.0, 38.0, 58.0, 25.0, 86.0, 38.0, 41.0, 51.0, 48.0, 28.0, 81.0, 62.0, 77.0, 64.0, 19.0, 21.0, 44.0, 22.0, 24.0, 30.0, 39.0, 78.0, 46.0, 85.0, 28.0, 16.0, 73.0, 63.0, 81.0, 20.0, 45.0], [158.0, 158.0, 134.0, 133.0, 43.0, 86.0, 100.0, 105.0, 20.0, 104.0, 65.0, 90.0, 97.0, 30.0, 56.0, 69.0, 85.0, 26.0, 75.0, 37.0, 133.0, 85.0, 133.0, 89.0, 81.0, 67.0, 136.0, 30.0, 71.0, 87.0, 69.0, 84.0, 121.0, 27.0, 129.0, 132.0, 102.0, 29.0, 84.0, 32.0, 90.0, 17.0, 53.0, 102.0, 86.0, 78.0, 119.0, 56.0, 14.0, 93.0, 24.0, 54.0, 128.0, 81.0, 120.0, 38.0, 65.0, 119.0, 53.0, 48.0, 41.0, 17.0, 34.0, 49.0, 62.0, 40.0, 119.0, 83.0, 2.0, 30.0, 83.0, 0.0, 58.0, 139.0, 79.0, 8.0, 77.0, 60.0, 95.0, 118.0, 106.0, 12.0, 122.0, 22.0, 20.0, 91.0, 102.0, 123.0, 72.0, 104.0, 72.0, 61.0, 8.0, 37.0, 10.0, 63.0, 67.0, 28.0, 42.0, 21.0, 62.0, 87.0], [100.0, 100.0, 100.0, 84.0, 75.0, 32.0, 79.0, 86.0, 39.0, 76.0, 9.0, 76.0, 55.0, 63.0, 21.0, 45.0, 34.0, 36.0, 71.0, 36.0, 84.0, 68.0, 88.0, 75.0, 56.0, 53.0, 89.0, 60.0, 16.0, 31.0, 16.0, 48.0, 93.0, 35.0, 82.0, 94.0, 56.0, 31.0, 55.0, 43.0, 33.0, 46.0, 36.0, 47.0, 51.0, 20.0, 70.0, 8.0, 64.0, 35.0, 70.0, 48.0, 80.0, 33.0, 91.0, 33.0, 26.0, 93.0, 39.0, 27.0, 48.0, 69.0, 67.0, 15.0, 66.0, 56.0, 89.0, 56.0, 60.0, 66.0, 38.0, 58.0, 0.0, 86.0, 52.0, 58.0, 19.0, 5.0, 79.0, 85.0, 52.0, 61.0, 97.0, 44.0, 44.0, 36.0, 59.0, 68.0, 18.0, 51.0, 15.0, 4.0, 57.0, 28.0, 57.0, 41.0, 26.0, 62.0, 60.0, 49.0, 26.0, 71.0], [42.0, 42.0, 61.0, 20.0, 136.0, 54.0, 79.0, 84.0, 123.0, 68.0, 83.0, 90.0, 49.0, 131.0, 103.0, 80.0, 55.0, 122.0, 102.0, 105.0, 20.0, 85.0, 29.0, 90.0, 75.0, 90.0, 24.0, 128.0, 70.0, 55.0, 71.0, 62.0, 71.0, 120.0, 26.0, 50.0, 42.0, 116.0, 69.0, 129.0, 55.0, 131.0, 91.0, 39.0, 63.0, 69.0, 25.0, 85.0, 140.0, 54.0, 143.0, 98.0, 24.0, 58.0, 68.0, 103.0, 75.0, 75.0, 94.0, 93.0, 133.0, 146.0, 133.0, 90.0, 109.0, 118.0, 66.0, 72.0, 141.0, 135.0, 58.0, 139.0, 86.0, 0.0, 74.0, 141.0, 73.0, 87.0, 88.0, 59.0, 34.0, 138.0, 77.0, 130.0, 121.0, 50.0, 44.0, 20.0, 69.0, 35.0, 72.0, 85.0, 135.0, 103.0, 141.0, 84.0, 73.0, 131.0, 120.0, 134.0, 78.0, 87.0], [107.0, 107.0, 55.0, 61.0, 64.0, 43.0, 27.0, 34.0, 70.0, 27.0, 57.0, 26.0, 25.0, 61.0, 72.0, 10.0, 34.0, 72.0, 30.0, 42.0, 60.0, 17.0, 58.0, 25.0, 5.0, 16.0, 62.0, 58.0, 41.0, 47.0, 41.0, 12.0, 44.0, 70.0, 55.0, 54.0, 32.0, 67.0, 6.0, 84.0, 52.0, 77.0, 26.0, 52.0, 11.0, 55.0, 49.0, 44.0, 74.0, 56.0, 74.0, 27.0, 55.0, 30.0, 43.0, 41.0, 26.0, 43.0, 26.0, 34.0, 92.0, 79.0, 62.0, 42.0, 35.0, 47.0, 41.0, 5.0, 79.0, 64.0, 25.0, 79.0, 52.0, 74.0, 0.0, 84.0, 59.0, 56.0, 28.0, 39.0, 50.0, 73.0, 47.0, 79.0, 59.0, 43.0, 30.0, 65.0, 41.0, 46.0, 50.0, 54.0, 72.0, 46.0, 84.0, 16.0, 27.0, 61.0, 48.0, 84.0, 26.0, 21.0], [158.0, 158.0, 139.0, 136.0, 52.0, 87.0, 106.0, 111.0, 19.0, 110.0, 64.0, 96.0, 101.0, 38.0, 52.0, 74.0, 87.0, 23.0, 82.0, 42.0, 135.0, 91.0, 137.0, 95.0, 87.0, 73.0, 139.0, 38.0, 71.0, 88.0, 70.0, 89.0, 127.0, 24.0, 132.0, 137.0, 105.0, 27.0, 89.0, 26.0, 90.0, 13.0, 58.0, 103.0, 90.0, 77.0, 122.0, 57.0, 22.0, 93.0, 32.0, 60.0, 131.0, 84.0, 126.0, 42.0, 68.0, 125.0, 58.0, 51.0, 34.0, 25.0, 42.0, 51.0, 70.0, 47.0, 124.0, 88.0, 9.0, 38.0, 86.0, 8.0, 58.0, 141.0, 84.0, 0.0, 76.0, 59.0, 102.0, 123.0, 108.0, 21.0, 128.0, 17.0, 26.0, 92.0, 106.0, 124.0, 73.0, 106.0, 72.0, 60.0, 16.0, 40.0, 2.0, 68.0, 70.0, 36.0, 50.0, 14.0, 65.0, 93.0], [82.0, 82.0, 99.0, 76.0, 94.0, 24.0, 85.0, 92.0, 57.0, 80.0, 12.0, 85.0, 54.0, 82.0, 29.0, 55.0, 31.0, 54.0, 84.0, 55.0, 75.0, 77.0, 81.0, 84.0, 64.0, 65.0, 81.0, 79.0, 18.0, 21.0, 19.0, 52.0, 96.0, 52.0, 74.0, 92.0, 53.0, 49.0, 60.0, 58.0, 19.0, 64.0, 51.0, 34.0, 55.0, 5.0, 62.0, 25.0, 83.0, 20.0, 90.0, 63.0, 73.0, 32.0, 93.0, 52.0, 35.0, 96.0, 55.0, 44.0, 60.0, 89.0, 86.0, 33.0, 81.0, 74.0, 91.0, 62.0, 79.0, 85.0, 38.0, 77.0, 19.0, 73.0, 59.0, 76.0, 0.0, 17.0, 87.0, 85.0, 41.0, 81.0, 100.0, 61.0, 64.0, 27.0, 56.0, 54.0, 18.0, 42.0, 10.0, 16.0, 76.0, 47.0, 75.0, 53.0, 33.0, 81.0, 78.0, 66.0, 37.0, 80.0], [99.0, 99.0, 103.0, 86.0, 79.0, 33.0, 83.0, 90.0, 40.0, 80.0, 6.0, 80.0, 58.0, 67.0, 18.0, 49.0, 37.0, 37.0, 76.0, 40.0, 86.0, 72.0, 90.0, 79.0, 61.0, 57.0, 91.0, 64.0, 19.0, 32.0, 18.0, 52.0, 97.0, 35.0, 84.0, 98.0, 59.0, 32.0, 59.0, 42.0, 33.0, 46.0, 40.0, 48.0, 55.0, 19.0, 72.0, 13.0, 66.0, 35.0, 73.0, 52.0, 83.0, 36.0, 95.0, 37.0, 30.0, 97.0, 44.0, 31.0, 46.0, 72.0, 71.0, 20.0, 71.0, 60.0, 93.0, 60.0, 61.0, 70.0, 41.0, 60.0, 5.0, 87.0, 56.0, 59.0, 17.0, 0.0, 84.0, 88.0, 53.0, 64.0, 101.0, 44.0, 47.0, 38.0, 62.0, 68.0, 20.0, 53.0, 15.0, 2.0, 59.0, 31.0, 58.0, 46.0, 30.0, 65.0, 64.0, 49.0, 30.0, 76.0], [126.0, 126.0, 46.0, 70.0, 67.0, 69.0, 9.0, 10.0, 91.0, 20.0, 85.0, 6.0, 44.0, 71.0, 99.0, 35.0, 60.0, 95.0, 23.0, 61.0, 70.0, 12.0, 64.0, 6.0, 24.0, 30.0, 69.0, 69.0, 69.0, 74.0, 69.0, 37.0, 30.0, 93.0, 64.0, 50.0, 50.0, 90.0, 28.0, 107.0, 79.0, 98.0, 48.0, 76.0, 35.0, 83.0, 63.0, 71.0, 87.0, 83.0, 84.0, 42.0, 65.0, 57.0, 31.0, 62.0, 54.0, 26.0, 46.0, 58.0, 116.0, 91.0, 70.0, 68.0, 36.0, 57.0, 31.0, 25.0, 95.0, 73.0, 51.0, 95.0, 79.0, 88.0, 28.0, 102.0, 87.0, 84.0, 0.0, 34.0, 73.0, 86.0, 29.0, 101.0, 76.0, 69.0, 46.0, 84.0, 69.0, 68.0, 78.0, 82.0, 87.0, 68.0, 102.0, 39.0, 55.0, 72.0, 56.0, 105.0, 54.0, 9.0], [100.0, 100.0, 16.0, 40.0, 98.0, 62.0, 25.0, 27.0, 109.0, 15.0, 88.0, 39.0, 31.0, 99.0, 106.0, 49.0, 54.0, 111.0, 55.0, 81.0, 39.0, 38.0, 32.0, 39.0, 37.0, 53.0, 37.0, 96.0, 70.0, 66.0, 71.0, 37.0, 13.0, 109.0, 33.0, 16.0, 34.0, 105.0, 34.0, 122.0, 71.0, 116.0, 65.0, 61.0, 35.0, 80.0, 37.0, 78.0, 113.0, 73.0, 112.0, 65.0, 35.0, 53.0, 9.0, 81.0, 61.0, 16.0, 65.0, 73.0, 130.0, 117.0, 99.0, 79.0, 66.0, 84.0, 7.0, 35.0, 119.0, 101.0, 48.0, 118.0, 85.0, 59.0, 39.0, 123.0, 85.0, 88.0, 34.0, 0.0, 55.0, 112.0, 19.0, 118.0, 98.0, 60.0, 30.0, 61.0, 69.0, 51.0, 77.0, 87.0, 111.0, 85.0, 123.0, 55.0, 60.0, 99.0, 84.0, 122.0, 62.0, 38.0], [58.0, 58.0, 66.0, 35.0, 108.0, 20.0, 66.0, 73.0, 89.0, 57.0, 49.0, 73.0, 29.0, 101.0, 69.0, 53.0, 22.0, 88.0, 80.0, 73.0, 35.0, 65.0, 42.0, 72.0, 53.0, 64.0, 41.0, 97.0, 36.0, 21.0, 37.0, 38.0, 68.0, 86.0, 35.0, 56.0, 23.0, 82.0, 47.0, 95.0, 22.0, 97.0, 61.0, 7.0, 40.0, 36.0, 23.0, 51.0, 108.0, 22.0, 112.0, 70.0, 33.0, 26.0, 64.0, 71.0, 43.0, 70.0, 64.0, 61.0, 99.0, 114.0, 103.0, 57.0, 84.0, 88.0, 62.0, 50.0, 108.0, 104.0, 28.0, 106.0, 52.0, 34.0, 50.0, 108.0, 41.0, 53.0, 73.0, 55.0, 0.0, 106.0, 74.0, 96.0, 88.0, 16.0, 27.0, 17.0, 35.0, 4.0, 38.0, 51.0, 103.0, 70.0, 107.0, 56.0, 41.0, 100.0, 91.0, 100.0, 46.0, 69.0], [160.0, 160.0, 127.0, 130.0, 31.0, 87.0, 92.0, 96.0, 28.0, 97.0, 69.0, 81.0, 94.0, 18.0, 63.0, 64.0, 84.0, 35.0, 65.0, 33.0, 130.0, 77.0, 130.0, 80.0, 75.0, 59.0, 132.0, 19.0, 72.0, 88.0, 70.0, 80.0, 114.0, 35.0, 125.0, 127.0, 99.0, 36.0, 79.0, 43.0, 92.0, 28.0, 49.0, 103.0, 81.0, 81.0, 116.0, 58.0, 3.0, 95.0, 12.0, 47.0, 125.0, 80.0, 113.0, 35.0, 63.0, 111.0, 47.0, 45.0, 53.0, 8.0, 21.0, 50.0, 52.0, 30.0, 112.0, 77.0, 12.0, 17.0, 81.0, 12.0, 61.0, 138.0, 73.0, 21.0, 81.0, 64.0, 86.0, 112.0, 106.0, 0.0, 114.0, 33.0, 18.0, 91.0, 98.0, 123.0, 73.0, 103.0, 75.0, 65.0, 6.0, 36.0, 22.0, 58.0, 66.0, 16.0, 32.0, 33.0, 60.0, 78.0], [119.0, 119.0, 21.0, 58.0, 96.0, 79.0, 22.0, 19.0, 116.0, 21.0, 102.0, 34.0, 48.0, 99.0, 118.0, 56.0, 70.0, 119.0, 52.0, 87.0, 58.0, 38.0, 49.0, 35.0, 43.0, 56.0, 55.0, 97.0, 84.0, 83.0, 84.0, 49.0, 6.0, 117.0, 52.0, 29.0, 52.0, 114.0, 43.0, 131.0, 88.0, 123.0, 72.0, 79.0, 47.0, 95.0, 56.0, 90.0, 115.0, 90.0, 112.0, 68.0, 53.0, 68.0, 10.0, 87.0, 72.0, 4.0, 71.0, 81.0, 139.0, 119.0, 98.0, 89.0, 64.0, 85.0, 12.0, 42.0, 123.0, 102.0, 62.0, 122.0, 97.0, 77.0, 47.0, 128.0, 100.0, 101.0, 29.0, 19.0, 74.0, 114.0, 0.0, 126.0, 103.0, 77.0, 47.0, 80.0, 83.0, 70.0, 92.0, 99.0, 115.0, 92.0, 129.0, 62.0, 72.0, 100.0, 84.0, 130.0, 72.0, 36.0], [143.0, 143.0, 134.0, 126.0, 62.0, 75.0, 104.0, 110.0, 10.0, 106.0, 50.0, 96.0, 93.0, 47.0, 36.0, 70.0, 76.0, 8.0, 84.0, 40.0, 126.0, 90.0, 128.0, 95.0, 83.0, 71.0, 130.0, 46.0, 60.0, 75.0, 58.0, 82.0, 124.0, 10.0, 123.0, 131.0, 96.0, 14.0, 84.0, 10.0, 77.0, 6.0, 54.0, 91.0, 84.0, 63.0, 112.0, 45.0, 35.0, 79.0, 45.0, 59.0, 122.0, 74.0, 122.0, 39.0, 59.0, 122.0, 55.0, 45.0, 20.0, 39.0, 51.0, 41.0, 73.0, 52.0, 120.0, 84.0, 24.0, 48.0, 77.0, 22.0, 44.0, 130.0, 79.0, 17.0, 61.0, 44.0, 101.0, 118.0, 96.0, 33.0, 126.0, 0.0, 28.0, 80.0, 97.0, 112.0, 61.0, 95.0, 59.0, 46.0, 27.0, 34.0, 15.0, 64.0, 61.0, 45.0, 55.0, 5.0, 57.0, 92.0], [142.0, 142.0, 114.0, 113.0, 36.0, 69.0, 81.0, 86.0, 18.0, 84.0, 52.0, 71.0, 77.0, 22.0, 49.0, 49.0, 66.0, 25.0, 57.0, 17.0, 113.0, 65.0, 114.0, 70.0, 61.0, 47.0, 116.0, 20.0, 54.0, 70.0, 53.0, 64.0, 101.0, 24.0, 109.0, 112.0, 82.0, 23.0, 64.0, 37.0, 74.0, 23.0, 33.0, 85.0, 66.0, 63.0, 99.0, 40.0, 20.0, 77.0, 26.0, 35.0, 108.0, 63.0, 100.0, 18.0, 46.0, 99.0, 32.0, 28.0, 47.0, 26.0, 26.0, 32.0, 46.0, 24.0, 99.0, 63.0, 21.0, 24.0, 64.0, 20.0, 44.0, 121.0, 59.0, 26.0, 64.0, 47.0, 76.0, 98.0, 88.0, 18.0, 103.0, 28.0, 0.0, 73.0, 82.0, 105.0, 55.0, 86.0, 57.0, 48.0, 15.0, 18.0, 26.0, 43.0, 48.0, 20.0, 28.0, 30.0, 43.0, 68.0], [70.0, 70.0, 73.0, 49.0, 95.0, 5.0, 65.0, 72.0, 73.0, 57.0, 34.0, 69.0, 29.0, 87.0, 54.0, 43.0, 10.0, 72.0, 73.0, 59.0, 49.0, 60.0, 54.0, 68.0, 47.0, 55.0, 54.0, 84.0, 21.0, 6.0, 22.0, 32.0, 72.0, 70.0, 47.0, 65.0, 26.0, 66.0, 42.0, 80.0, 11.0, 81.0, 48.0, 12.0, 35.0, 22.0, 35.0, 35.0, 93.0, 14.0, 97.0, 58.0, 46.0, 14.0, 68.0, 57.0, 30.0, 73.0, 52.0, 46.0, 84.0, 99.0, 90.0, 41.0, 74.0, 75.0, 66.0, 45.0, 92.0, 90.0, 19.0, 91.0, 36.0, 50.0, 43.0, 92.0, 27.0, 38.0, 69.0, 60.0, 16.0, 91.0, 77.0, 80.0, 73.0, 0.0, 30.0, 32.0, 19.0, 15.0, 23.0, 36.0, 87.0, 55.0, 91.0, 45.0, 27.0, 86.0, 78.0, 85.0, 32.0, 64.0], [80.0, 80.0, 43.0, 32.0, 93.0, 33.0, 39.0, 46.0, 89.0, 30.0, 60.0, 48.0, 5.0, 89.0, 80.0, 36.0, 26.0, 90.0, 58.0, 65.0, 31.0, 41.0, 31.0, 47.0, 31.0, 46.0, 34.0, 86.0, 43.0, 37.0, 44.0, 19.0, 42.0, 88.0, 27.0, 36.0, 5.0, 84.0, 25.0, 100.0, 41.0, 97.0, 50.0, 32.0, 18.0, 51.0, 19.0, 54.0, 100.0, 44.0, 102.0, 55.0, 26.0, 26.0, 38.0, 64.0, 38.0, 43.0, 52.0, 54.0, 106.0, 105.0, 91.0, 56.0, 65.0, 75.0, 36.0, 28.0, 103.0, 92.0, 21.0, 102.0, 59.0, 44.0, 30.0, 106.0, 56.0, 62.0, 46.0, 30.0, 27.0, 98.0, 47.0, 97.0, 82.0, 30.0, 0.0, 38.0, 42.0, 23.0, 49.0, 60.0, 97.0, 66.0, 105.0, 42.0, 36.0, 89.0, 77.0, 102.0, 40.0, 44.0], [43.0, 43.0, 67.0, 29.0, 124.0, 36.0, 76.0, 83.0, 105.0, 66.0, 64.0, 85.0, 41.0, 117.0, 83.0, 68.0, 39.0, 104.0, 94.0, 90.0, 29.0, 78.0, 38.0, 84.0, 67.0, 80.0, 35.0, 114.0, 52.0, 36.0, 54.0, 52.0, 74.0, 102.0, 32.0, 57.0, 34.0, 98.0, 61.0, 111.0, 35.0, 113.0, 77.0, 21.0, 53.0, 50.0, 24.0, 67.0, 125.0, 34.0, 129.0, 86.0, 30.0, 43.0, 70.0, 88.0, 60.0, 77.0, 80.0, 77.0, 114.0, 130.0, 120.0, 73.0, 99.0, 105.0, 68.0, 64.0, 124.0, 121.0, 44.0, 123.0, 68.0, 20.0, 65.0, 124.0, 54.0, 68.0, 84.0, 61.0, 17.0, 123.0, 80.0, 112.0, 105.0, 32.0, 38.0, 0.0, 51.0, 20.0, 53.0, 66.0, 119.0, 87.0, 123.0, 72.0, 57.0, 117.0, 107.0, 116.0, 63.0, 81.0], [87.0, 87.0, 84.0, 66.0, 81.0, 15.0, 67.0, 74.0, 54.0, 63.0, 19.0, 67.0, 39.0, 71.0, 38.0, 37.0, 17.0, 53.0, 66.0, 42.0, 66.0, 58.0, 70.0, 66.0, 46.0, 47.0, 71.0, 68.0, 1.0, 15.0, 3.0, 34.0, 79.0, 51.0, 64.0, 78.0, 39.0, 47.0, 42.0, 61.0, 19.0, 62.0, 35.0, 31.0, 37.0, 14.0, 52.0, 16.0, 75.0, 23.0, 80.0, 47.0, 63.0, 16.0, 76.0, 40.0, 17.0, 79.0, 39.0, 30.0, 66.0, 81.0, 74.0, 23.0, 65.0, 61.0, 74.0, 44.0, 73.0, 74.0, 22.0, 72.0, 18.0, 69.0, 41.0, 73.0, 18.0, 20.0, 69.0, 69.0, 35.0, 73.0, 83.0, 61.0, 55.0, 19.0, 42.0, 51.0, 0.0, 34.0, 9.0, 18.0, 69.0, 37.0, 72.0, 36.0, 15.0, 70.0, 64.0, 66.0, 19.0, 62.0], [62.0, 62.0, 62.0, 34.0, 104.0, 20.0, 61.0, 68.0, 88.0, 52.0, 50.0, 68.0, 24.0, 98.0, 70.0, 49.0, 20.0, 87.0, 76.0, 71.0, 34.0, 61.0, 40.0, 68.0, 49.0, 60.0, 39.0, 94.0, 35.0, 21.0, 36.0, 34.0, 64.0, 85.0, 33.0, 53.0, 18.0, 81.0, 43.0, 95.0, 23.0, 95.0, 58.0, 10.0, 35.0, 37.0, 21.0, 49.0, 106.0, 24.0, 109.0, 66.0, 31.0, 23.0, 60.0, 69.0, 40.0, 66.0, 61.0, 58.0, 99.0, 111.0, 100.0, 55.0, 80.0, 85.0, 58.0, 46.0, 106.0, 101.0, 24.0, 104.0, 51.0, 35.0, 46.0, 106.0, 42.0, 53.0, 68.0, 51.0, 4.0, 103.0, 70.0, 95.0, 86.0, 15.0, 23.0, 20.0, 34.0, 0.0, 38.0, 51.0, 100.0, 68.0, 105.0, 52.0, 38.0, 97.0, 88.0, 99.0, 43.0, 64.0], [86.0, 86.0, 92.0, 72.0, 86.0, 18.0, 75.0, 83.0, 54.0, 71.0, 12.0, 75.0, 46.0, 75.0, 32.0, 45.0, 23.0, 51.0, 74.0, 47.0, 71.0, 67.0, 76.0, 74.0, 54.0, 55.0, 76.0, 72.0, 8.0, 17.0, 9.0, 43.0, 88.0, 49.0, 70.0, 85.0, 46.0, 46.0, 51.0, 57.0, 18.0, 61.0, 41.0, 33.0, 46.0, 7.0, 58.0, 17.0, 77.0, 21.0, 83.0, 54.0, 68.0, 24.0, 84.0, 44.0, 25.0, 88.0, 45.0, 35.0, 61.0, 83.0, 79.0, 26.0, 72.0, 66.0, 83.0, 53.0, 74.0, 78.0, 30.0, 72.0, 15.0, 72.0, 50.0, 72.0, 10.0, 15.0, 78.0, 77.0, 38.0, 75.0, 92.0, 59.0, 57.0, 23.0, 49.0, 53.0, 9.0, 38.0, 0.0, 13.0, 71.0, 40.0, 71.0, 43.0, 24.0, 73.0, 70.0, 64.0, 27.0, 71.0], [98.0, 98.0, 101.0, 84.0, 79.0, 31.0, 81.0, 89.0, 41.0, 78.0, 5.0, 79.0, 56.0, 67.0, 20.0, 48.0, 35.0, 38.0, 75.0, 40.0, 84.0, 71.0, 88.0, 78.0, 59.0, 56.0, 89.0, 64.0, 17.0, 30.0, 16.0, 50.0, 96.0, 37.0, 82.0, 96.0, 57.0, 33.0, 57.0, 44.0, 31.0, 48.0, 39.0, 46.0, 53.0, 17.0, 70.0, 12.0, 67.0, 33.0, 74.0, 52.0, 80.0, 34.0, 93.0, 37.0, 28.0, 95.0, 43.0, 31.0, 48.0, 73.0, 71.0, 19.0, 70.0, 60.0, 91.0, 59.0, 62.0, 70.0, 39.0, 61.0, 4.0, 85.0, 54.0, 60.0, 16.0, 2.0, 82.0, 87.0, 51.0, 65.0, 99.0, 46.0, 48.0, 36.0, 60.0, 66.0, 18.0, 51.0, 13.0, 0.0, 60.0, 32.0, 59.0, 45.0, 28.0, 65.0, 64.0, 51.0, 29.0, 74.0], [156.0, 156.0, 127.0, 128.0, 36.0, 83.0, 93.0, 97.0, 22.0, 97.0, 65.0, 82.0, 92.0, 21.0, 57.0, 63.0, 81.0, 29.0, 67.0, 31.0, 128.0, 77.0, 128.0, 81.0, 75.0, 59.0, 131.0, 22.0, 68.0, 84.0, 67.0, 79.0, 114.0, 29.0, 123.0, 126.0, 97.0, 30.0, 78.0, 38.0, 88.0, 22.0, 47.0, 99.0, 80.0, 76.0, 114.0, 54.0, 8.0, 91.0, 18.0, 47.0, 123.0, 77.0, 113.0, 33.0, 60.0, 112.0, 46.0, 43.0, 47.0, 13.0, 26.0, 46.0, 54.0, 31.0, 112.0, 77.0, 8.0, 22.0, 78.0, 8.0, 57.0, 135.0, 72.0, 16.0, 76.0, 59.0, 87.0, 111.0, 103.0, 6.0, 115.0, 27.0, 15.0, 87.0, 97.0, 119.0, 69.0, 100.0, 71.0, 60.0, 0.0, 32.0, 18.0, 57.0, 63.0, 19.0, 34.0, 28.0, 58.0, 79.0], [124.0, 124.0, 101.0, 96.0, 48.0, 51.0, 71.0, 77.0, 24.0, 72.0, 37.0, 63.0, 61.0, 35.0, 39.0, 36.0, 48.0, 27.0, 53.0, 10.0, 96.0, 56.0, 97.0, 62.0, 49.0, 38.0, 99.0, 32.0, 36.0, 52.0, 35.0, 49.0, 90.0, 25.0, 92.0, 98.0, 65.0, 22.0, 51.0, 40.0, 56.0, 32.0, 20.0, 67.0, 51.0, 46.0, 82.0, 23.0, 38.0, 59.0, 43.0, 28.0, 91.0, 45.0, 88.0, 7.0, 28.0, 88.0, 22.0, 12.0, 48.0, 44.0, 39.0, 14.0, 44.0, 29.0, 87.0, 50.0, 38.0, 38.0, 46.0, 37.0, 28.0, 103.0, 46.0, 40.0, 47.0, 31.0, 68.0, 85.0, 70.0, 36.0, 92.0, 34.0, 18.0, 55.0, 66.0, 87.0, 37.0, 68.0, 40.0, 32.0, 32.0, 0.0, 39.0, 30.0, 31.0, 34.0, 34.0, 38.0, 26.0, 59.0], [157.0, 157.0, 139.0, 135.0, 53.0, 87.0, 107.0, 112.0, 18.0, 110.0, 63.0, 97.0, 101.0, 39.0, 51.0, 74.0, 86.0, 21.0, 83.0, 42.0, 135.0, 91.0, 137.0, 96.0, 87.0, 73.0, 139.0, 39.0, 71.0, 87.0, 70.0, 88.0, 127.0, 23.0, 131.0, 137.0, 104.0, 26.0, 89.0, 24.0, 90.0, 11.0, 58.0, 103.0, 90.0, 76.0, 121.0, 56.0, 24.0, 92.0, 34.0, 61.0, 130.0, 83.0, 126.0, 42.0, 67.0, 125.0, 58.0, 51.0, 32.0, 26.0, 43.0, 50.0, 71.0, 48.0, 125.0, 89.0, 11.0, 39.0, 85.0, 10.0, 57.0, 141.0, 84.0, 2.0, 75.0, 58.0, 102.0, 123.0, 107.0, 22.0, 129.0, 15.0, 26.0, 91.0, 105.0, 123.0, 72.0, 105.0, 71.0, 59.0, 18.0, 39.0, 0.0, 68.0, 69.0, 37.0, 51.0, 13.0, 65.0, 94.0], [114.0, 114.0, 71.0, 73.0, 52.0, 43.0, 41.0, 47.0, 54.0, 42.0, 48.0, 35.0, 37.0, 47.0, 61.0, 6.0, 35.0, 57.0, 31.0, 26.0, 73.0, 27.0, 72.0, 34.0, 19.0, 12.0, 75.0, 44.0, 35.0, 46.0, 35.0, 23.0, 60.0, 55.0, 68.0, 69.0, 43.0, 52.0, 21.0, 69.0, 52.0, 61.0, 10.0, 55.0, 24.0, 50.0, 60.0, 33.0, 59.0, 55.0, 60.0, 14.0, 68.0, 31.0, 58.0, 26.0, 18.0, 58.0, 11.0, 19.0, 78.0, 64.0, 49.0, 29.0, 30.0, 33.0, 57.0, 21.0, 64.0, 51.0, 28.0, 63.0, 41.0, 84.0, 16.0, 68.0, 53.0, 46.0, 39.0, 55.0, 56.0, 58.0, 62.0, 64.0, 43.0, 45.0, 42.0, 72.0, 36.0, 52.0, 43.0, 45.0, 57.0, 30.0, 68.0, 0.0, 20.0, 47.0, 36.0, 68.0, 16.0, 31.0], [97.0, 97.0, 75.0, 66.0, 68.0, 24.0, 53.0, 61.0, 53.0, 51.0, 31.0, 52.0, 32.0, 60.0, 47.0, 21.0, 18.0, 53.0, 51.0, 33.0, 66.0, 43.0, 67.0, 51.0, 31.0, 32.0, 69.0, 57.0, 15.0, 27.0, 15.0, 23.0, 68.0, 51.0, 62.0, 71.0, 35.0, 47.0, 29.0, 64.0, 32.0, 60.0, 21.0, 38.0, 25.0, 30.0, 52.0, 19.0, 68.0, 36.0, 71.0, 32.0, 61.0, 14.0, 65.0, 31.0, 3.0, 68.0, 25.0, 20.0, 70.0, 73.0, 63.0, 20.0, 50.0, 48.0, 64.0, 31.0, 68.0, 64.0, 16.0, 67.0, 26.0, 73.0, 27.0, 70.0, 33.0, 30.0, 55.0, 60.0, 41.0, 66.0, 72.0, 61.0, 48.0, 27.0, 36.0, 57.0, 15.0, 38.0, 24.0, 28.0, 63.0, 31.0, 69.0, 20.0, 0.0, 59.0, 52.0, 66.0, 6.0, 47.0], [156.0, 156.0, 114.0, 121.0, 17.0, 82.0, 78.0, 82.0, 37.0, 84.0, 70.0, 66.0, 84.0, 2.0, 68.0, 53.0, 78.0, 44.0, 50.0, 27.0, 120.0, 63.0, 119.0, 65.0, 63.0, 46.0, 123.0, 3.0, 69.0, 84.0, 67.0, 70.0, 100.0, 43.0, 116.0, 114.0, 90.0, 43.0, 67.0, 55.0, 89.0, 39.0, 40.0, 98.0, 71.0, 80.0, 107.0, 56.0, 16.0, 92.0, 13.0, 35.0, 115.0, 74.0, 100.0, 30.0, 57.0, 97.0, 37.0, 40.0, 64.0, 19.0, 7.0, 48.0, 37.0, 15.0, 99.0, 66.0, 27.0, 5.0, 73.0, 28.0, 62.0, 131.0, 61.0, 36.0, 81.0, 65.0, 72.0, 99.0, 100.0, 16.0, 100.0, 45.0, 20.0, 86.0, 89.0, 117.0, 70.0, 97.0, 73.0, 65.0, 19.0, 34.0, 37.0, 47.0, 59.0, 0.0, 16.0, 46.0, 54.0, 64.0], [148.0, 148.0, 99.0, 108.0, 17.0, 75.0, 62.0, 66.0, 46.0, 69.0, 69.0, 50.0, 72.0, 15.0, 72.0, 40.0, 69.0, 52.0, 34.0, 24.0, 108.0, 47.0, 106.0, 49.0, 49.0, 32.0, 110.0, 13.0, 63.0, 78.0, 62.0, 58.0, 84.0, 51.0, 103.0, 100.0, 78.0, 50.0, 54.0, 65.0, 83.0, 51.0, 30.0, 90.0, 58.0, 76.0, 96.0, 54.0, 32.0, 87.0, 28.0, 22.0, 103.0, 65.0, 84.0, 27.0, 49.0, 81.0, 27.0, 34.0, 74.0, 35.0, 15.0, 45.0, 21.0, 4.0, 83.0, 52.0, 42.0, 17.0, 63.0, 42.0, 60.0, 120.0, 48.0, 50.0, 78.0, 64.0, 56.0, 84.0, 91.0, 32.0, 84.0, 55.0, 28.0, 78.0, 77.0, 107.0, 64.0, 88.0, 70.0, 64.0, 34.0, 34.0, 51.0, 36.0, 52.0, 16.0, 0.0, 58.0, 46.0, 48.0], [148.0, 148.0, 138.0, 131.0, 63.0, 80.0, 108.0, 114.0, 14.0, 110.0, 54.0, 100.0, 98.0, 48.0, 39.0, 74.0, 81.0, 13.0, 87.0, 44.0, 131.0, 93.0, 133.0, 98.0, 87.0, 75.0, 135.0, 47.0, 64.0, 80.0, 63.0, 86.0, 128.0, 15.0, 127.0, 135.0, 101.0, 19.0, 89.0, 12.0, 82.0, 7.0, 58.0, 96.0, 88.0, 68.0, 117.0, 50.0, 35.0, 84.0, 45.0, 63.0, 126.0, 78.0, 126.0, 43.0, 64.0, 126.0, 59.0, 49.0, 20.0, 38.0, 53.0, 46.0, 76.0, 54.0, 125.0, 88.0, 23.0, 49.0, 81.0, 21.0, 49.0, 134.0, 84.0, 14.0, 66.0, 49.0, 105.0, 122.0, 100.0, 33.0, 130.0, 5.0, 30.0, 85.0, 102.0, 116.0, 66.0, 99.0, 64.0, 51.0, 28.0, 38.0, 13.0, 68.0, 66.0, 46.0, 58.0, 0.0, 62.0, 96.0], [102.0, 102.0, 78.0, 70.0, 63.0, 29.0, 53.0, 60.0, 49.0, 52.0, 32.0, 50.0, 36.0, 55.0, 46.0, 19.0, 24.0, 50.0, 47.0, 27.0, 70.0, 42.0, 72.0, 49.0, 31.0, 28.0, 74.0, 51.0, 19.0, 32.0, 18.0, 25.0, 69.0, 48.0, 66.0, 74.0, 39.0, 44.0, 30.0, 61.0, 37.0, 56.0, 16.0, 44.0, 27.0, 33.0, 56.0, 18.0, 62.0, 41.0, 66.0, 27.0, 66.0, 20.0, 67.0, 25.0, 3.0, 68.0, 20.0, 15.0, 68.0, 68.0, 58.0, 17.0, 45.0, 43.0, 65.0, 30.0, 63.0, 58.0, 20.0, 62.0, 26.0, 78.0, 26.0, 65.0, 37.0, 30.0, 54.0, 62.0, 46.0, 60.0, 72.0, 57.0, 43.0, 32.0, 40.0, 63.0, 19.0, 43.0, 27.0, 29.0, 58.0, 26.0, 65.0, 16.0, 6.0, 54.0, 46.0, 62.0, 0.0, 45.0], [124.0, 124.0, 52.0, 71.0, 61.0, 63.0, 14.0, 18.0, 82.0, 23.0, 77.0, 5.0, 40.0, 63.0, 91.0, 27.0, 54.0, 86.0, 17.0, 52.0, 70.0, 4.0, 66.0, 4.0, 17.0, 21.0, 70.0, 61.0, 62.0, 68.0, 62.0, 32.0, 36.0, 85.0, 64.0, 54.0, 47.0, 81.0, 22.0, 99.0, 73.0, 89.0, 40.0, 71.0, 29.0, 76.0, 62.0, 63.0, 79.0, 77.0, 77.0, 33.0, 65.0, 51.0, 36.0, 53.0, 46.0, 33.0, 38.0, 49.0, 108.0, 83.0, 63.0, 59.0, 29.0, 49.0, 36.0, 19.0, 87.0, 66.0, 45.0, 87.0, 71.0, 87.0, 21.0, 93.0, 80.0, 76.0, 9.0, 38.0, 69.0, 78.0, 36.0, 92.0, 68.0, 64.0, 44.0, 81.0, 62.0, 64.0, 71.0, 74.0, 79.0, 59.0, 94.0, 31.0, 47.0, 64.0, 48.0, 96.0, 45.0, 0.0]]
