90 2752.4799999999996 0 1680 7 240
[87.28, 48.43, 78.33, 51.98, 47.42, 49.76, 18.17, 15.54, 75.16, 58.63, 43.64, 49.96, 75.8, 47.91, 91.55, 8.71, 92.67, 50.55, 13.32, 52.42, 74.51, 53.99, 92.39, 21.73, 92.62, 41.28, 18.2, 12.94, 88.63, 92.7, 8.34, 51.68, 16.9, 18.64, 74.13, 93.11, 54.06, 78.65, 45.56, 25.41, 25.45, 16.08, 78.86, 14.55, 9.15, 75.03, 11.61, 82.98, 25.17, 45.78, 55.24, 82.62, 23.55, 57.38, 17.87, 10.65, 20.53, 49.65, 90.99, 12.95, 76.79, 7.55, 43.93, 19.38, 14.69, 90.74, 90.86, 55.0, 74.56, 87.22, 91.87, 56.04, 43.23, 12.63, 73.34, 23.72, 91.99, 78.42, 11.78, 41.01, 48.08, 13.77, 49.88, 51.94, 55.06, 50.97, 54.6, 84.64, 56.4, 73.45]
[19.54, 21.06, 20.73, 57.59, 80.93, 49.35, 46.65, 79.25, 80.03, 21.51, 9.51, 11.05, 79.42, 19.13, 41.07, 91.54, 80.0, 76.85, 87.95, 50.29, 83.4, 42.03, 78.47, 11.67, 21.06, 43.44, 78.06, 78.7, 46.04, 20.86, 89.06, 41.04, 53.15, 14.98, 21.44, 41.44, 54.0, 91.09, 92.02, 50.76, 48.34, 6.95, 92.46, 20.38, 77.88, 53.1, 80.66, 55.26, 90.43, 88.25, 80.88, 51.24, 49.91, 23.29, 77.25, 82.79, 8.75, 86.28, 7.0, 52.76, 91.63, 88.09, 91.3, 59.74, 6.81, 51.35, 91.91, 58.34, 48.85, 20.19, 48.8, 73.43, 11.62, 23.26, 83.46, 22.36, 88.08, 26.09, 91.35, 86.86, 44.23, 22.37, 79.66, 16.22, 51.36, 93.04, 40.65, 77.33, 87.66, 25.42]
[3, 2, 3, 5, 8, 5, 4, 7, 9, 2, 2, 2, 9, 2, 6, 7, 9, 8, 7, 5, 9, 5, 9, 1, 3, 5, 7, 7, 6, 3, 7, 5, 4, 1, 3, 6, 5, 9, 8, 4, 4, 1, 9, 1, 7, 6, 7, 6, 7, 8, 8, 6, 4, 2, 7, 7, 1, 8, 3, 4, 9, 7, 8, 4, 1, 6, 9, 5, 6, 3, 6, 8, 2, 1, 9, 1, 9, 3, 7, 8, 5, 1, 8, 2, 5, 8, 5, 9, 8, 3]
[1, 2, 3, 4, 5, 6, 7, 8, 9, 10, 11, 12, 13, 14, 15, 16, 17, 18, 19, 20, 21, 22, 23, 24, 25, 26, 27, 28, 29, 30, 31, 32, 33, 34, 35, 36, 37, 38, 39, 40, 41, 42, 43, 44, 45, 46, 47, 48, 49, 50, 51, 52, 53, 54, 55, 56, 57, 58, 59, 60, 61, 62, 63, 64, 65, 66, 67, 68, 69, 70, 71, 72, 73, 74, 75, 76, 77, 78, 79, 80, 81, 82, 83, 84, 85, 86, 87, 88, 89, 90]
[3, 2, 3, 1, 2, 1, 2, 2, 2, 2, 2, 2, 2, 2, 3, 2, 2, 2, 2, 1, 2, 1, 2, 2, 3, 1, 2, 2, 3, 3, 2, 1, 2, 2, 3, 3, 1, 2, 2, 2, 2, 2, 2, 2, 2, 3, 2, 3, 2, 2, 2, 3, 2, 2, 2, 2, 2, 2, 3, 2, 2, 2, 2, 2, 2, 3, 2, 1, 3, 3, 3, 2, 2, 2, 2, 2, 2, 3, 2, 2, 1, 2, 2, 2, 1, 2, 1, 2, 2, 3]
[3, 1, 3, 3, 3, 3, 1, 2, 3, 1, 1, 1, 3, 1, 3, 2, 3, 3, 2, 3, 3, 3, 3, 2, 3, 3, 2, 2, 3, 3, 2, 3, 1, 2, 3, 3, 3, 3, 3, 1, 1, 2, 3, 2, 2, 3, 2, 3, 2, 3, 3, 3, 1, 1, 2, 2, 2, 3, 3, 1, 3, 2, 3, 1, 2, 3, 3, 3, 3, 3, 3, 3, 1, 2, 3, 2, 3, 3, 2, 3, 3, 2, 3, 1, 3, 3, 3, 3, 3, 3]
[6, 8, 1, 7, 3, 4, 6, 10, 8, 7, 3, 10, 1, 5, 4, 6, 5, 7, 5, 1, 1, 3, 3, 2, 10, 8, 10, 1, 9, 10, 2, 3, 7, 1, 2, 1, 4, 2, 2, 4, 3, 6, 2, 2, 3, 8, 9, 3, 3, 9, 8, 5, 5, 2, 7, 7, 7, 4, 3, 10, 8, 5, 4, 5, 7, 5, 8, 9, 3, 7, 7, 1, 2, 4, 6, 6, 2, 8, 10, 8, 1, 3, 2, 5, 6, 4, 5, 9, 7, 7]
[2857.45, 3283.23, 2511.65, 1899.56, 2951.37, 3174.1, 2018.32, 3354.12, 2651.93, 1744.91, 2435.41, 3349.43, 3076.31, 3396.15, 2251.55, 2600.16, 3378.59, 1927.08, 3397.06, 1670.49, 3021.89, 2450.51, 2009.42, 3816.56, 3300.05, 3549.12, 3402.01, 1775.88, 3473.82, 3460.49, 4024.26, 2060.81, 1797.65, 3383.5, 4668.28, 1428.07, 2637.04, 4645.89, 4488.69, 2364.11, 1885.39, 2519.81, 4428.58, 4124.45, 2040.59, 2732.32, 3666.03, 3270.33, 3793.44, 3620.39, 3276.06, 3426.53, 3400.46, 3920.88, 1826.36, 1755.04, 1758.33, 2951.14, 3731.71, 3350.72, 3428.97, 3534.89, 2376.01, 3376.69, 1846.65, 3492.23, 3270.37, 3480.29, 3642.65, 1684.35, 1689.5, 4021.11, 4859.36, 2691.6, 1920.42, 2449.02, 4658.54, 2941.83, 3441.28, 2658.81, 3133.63, 3788.86, 4308.89, 3289.74, 1939.71, 2144.66, 3376.58, 3605.5, 1742.68, 1668.76]
[0.77, 0.2, 0.84, 0.77, 0.14, 0.38, 0.84, 0.71, 0.21, 0.77, 0.12, 0.72, 0.79, 0.65, 0.28, 0.81, 0.32, 0.77, 0.36, 0.82, 0.88, 0.12, 0.19, 0.14, 0.65, 0.1, 0.65, 0.83, 0.41, 0.62, 0.17, 0.16, 0.77, 0.82, 0.12, 0.87, 0.3, 0.21, 0.26, 0.42, 0.15, 0.77, 0.24, 0.23, 0.12, 0.21, 0.54, 0.18, 0.12, 0.47, 0.11, 0.47, 0.67, 0.26, 0.76, 0.77, 0.77, 0.38, 0.15, 0.66, 0.21, 0.43, 0.41, 0.28, 0.77, 0.45, 0.15, 0.32, 0.13, 0.77, 0.77, 0.8, 0.13, 0.32, 0.83, 0.73, 0.26, 0.2, 0.71, 0.13, 0.8, 0.16, 0.13, 0.55, 0.82, 0.43, 0.31, 0.52, 0.76, 0.76]
[0.65, 0.71, 0.66, 0.84, 0.91, 0.92, 0.73, 0.58, 1.0, 0.84, 1.01, 0.88, 0.95, 0.84, 0.82, 0.52, 0.66, 0.63, 0.83, 0.84, 0.92, 1.03, 0.8, 0.8, 1.01, 1.0, 0.66, 1.09, 1.05, 0.92, 0.64, 0.79, 1.06, 0.79, 1.01, 0.67, 0.75, 1.07, 0.51, 0.88, 1.08, 0.6, 0.58, 0.86, 0.78, 0.91, 0.92, 0.8, 0.98, 0.96, 0.79, 0.59, 0.81, 0.61, 0.95, 0.58, 0.81, 0.66, 0.96, 0.83, 1.07, 0.77, 0.89, 0.78, 0.77, 0.94, 0.8, 1.04, 1.06, 0.55, 0.72, 0.54, 0.88, 0.54, 1.0, 0.8, 1.05, 0.65, 0.52, 0.51, 1.06, 0.5, 0.93, 0.89, 0.95, 0.94, 0.97, 0.93, 0.7, 0.61]
[0.95, 1.09, 0.54, 0.54, 1.08, 1.01, 0.84, 0.77, 0.55, 0.8, 0.94, 0.92, 1.01, 0.56, 0.51, 0.7, 0.92, 0.74, 1.04, 0.93, 0.75, 0.61, 0.54, 1.0, 1.03, 0.86, 0.91, 0.58, 0.52, 0.7, 0.55, 0.57, 0.53, 0.54, 0.89, 0.52, 0.59, 0.85, 0.61, 0.82, 0.82, 0.57, 0.52, 0.94, 0.75, 0.74, 0.66, 0.52, 0.7, 0.51, 0.71, 0.7, 0.62, 0.56, 0.58, 0.57, 0.93, 0.51, 0.77, 0.82, 1.06, 0.85, 0.93, 0.83, 0.84, 0.79, 0.68, 0.63, 1.01, 0.99, 0.56, 0.95, 1.03, 1.05, 0.6, 0.52, 0.54, 0.57, 0.77, 0.79, 0.92, 0.79, 0.66, 1.07, 0.64, 0.61, 0.79, 0.6, 0.84, 0.91]
[0.61, 0.98, 1.1, 0.72, 0.98, 1.08, 0.73, 0.5, 0.84, 0.79, 0.92, 0.53, 0.85, 0.77, 1.06, 1.02, 1.02, 1.01, 1.07, 1.04, 0.98, 0.54, 0.86, 0.94, 0.75, 0.52, 0.63, 0.62, 0.95, 1.04, 0.83, 1.06, 0.81, 0.86, 1.05, 0.81, 0.6, 0.93, 0.66, 0.88, 0.58, 0.6, 0.67, 0.65, 0.74, 1.07, 0.8, 0.91, 0.9, 0.63, 0.95, 0.87, 0.59, 0.6, 1.02, 0.94, 1.08, 0.52, 1.04, 1.03, 0.74, 0.66, 0.76, 0.75, 1.02, 0.83, 0.53, 0.77, 0.5, 0.63, 0.83, 1.09, 0.8, 0.75, 0.66, 0.8, 1.04, 0.89, 0.98, 0.99, 1.05, 0.55, 0.91, 1.06, 0.71, 0.84, 0.94, 0.76, 0.88, 1.0]
[0.74, 0.55, 0.51, 0.51, 0.9, 0.88, 0.65, 0.96, 1.01, 0.9, 1.01, 0.96, 0.85, 0.54, 0.59, 0.69, 0.81, 0.5, 0.94, 1.06, 0.89, 0.9, 1.02, 0.81, 1.0, 0.66, 0.51, 0.8, 0.99, 0.57, 0.66, 1.0, 0.66, 0.91, 0.55, 0.57, 1.03, 0.93, 0.52, 0.95, 0.59, 0.96, 0.94, 0.55, 1.03, 0.86, 0.57, 0.7, 0.77, 0.74, 0.65, 0.75, 0.8, 0.81, 0.69, 0.76, 0.57, 0.53, 0.9, 0.73, 0.53, 0.59, 0.54, 0.54, 0.62, 0.72, 0.89, 0.9, 0.73, 0.92, 0.87, 0.85, 0.74, 0.67, 0.67, 0.68, 1.0, 0.81, 1.05, 0.69, 0.97, 0.81, 0.66, 0.58, 0.98, 0.98, 1.08, 0.69, 0.87, 0.9]
[0.83, 1.04, 0.77, 0.94, 0.62, 0.76, 1.02, 0.72, 0.52, 0.79, 1.07, 0.65, 0.62, 0.78, 0.53, 0.59, 0.52, 0.97, 0.87, 1.09, 0.83, 0.98, 0.58, 0.77, 0.9, 0.74, 1.0, 0.51, 0.54, 0.6, 0.6, 0.78, 0.76, 1.02, 0.91, 0.94, 0.6, 0.63, 0.77, 0.57, 0.92, 0.74, 0.65, 0.94, 0.51, 0.75, 0.59, 0.84, 0.69, 0.92, 0.72, 0.93, 0.82, 0.63, 0.93, 0.8, 0.76, 0.55, 0.63, 0.5, 0.93, 0.98, 0.51, 1.1, 0.69, 1.08, 0.84, 0.79, 0.59, 0.93, 0.52, 0.68, 1.04, 0.75, 1.07, 0.69, 1.1, 0.58, 0.53, 0.95, 0.92, 0.71, 1.06, 0.73, 0.61, 0.81, 0.65, 0.56, 0.87, 0.89]
[0.23, 0.43, 0.16, 0.16, 0.53, 0.67, 0.3, 0.15, 0.24, 0.38, 0.94, 0.27, 0.43, 0.15, 0.14, 0.15, 0.26, 0.23, 0.75, 0.94, 0.49, 0.3, 0.22, 0.47, 0.69, 0.22, 0.19, 0.16, 0.28, 0.23, 0.12, 0.38, 0.22, 0.34, 0.47, 0.15, 0.17, 0.5, 0.08, 0.34, 0.28, 0.15, 0.12, 0.27, 0.23, 0.47, 0.16, 0.22, 0.33, 0.21, 0.26, 0.25, 0.2, 0.1, 0.36, 0.19, 0.35, 0.05, 0.43, 0.26, 0.41, 0.25, 0.17, 0.28, 0.28, 0.48, 0.22, 0.36, 0.23, 0.3, 0.15, 0.32, 0.56, 0.21, 0.28, 0.16, 0.65, 0.16, 0.22, 0.26, 0.92, 0.13, 0.39, 0.42, 0.25, 0.38, 0.5, 0.16, 0.4, 0.44]
[653.52, 65.58, 992.29, 653.83, 262.33, 837.01, 511.65, 1249.87, 87.49, 438.64, 563.03, 1272.23, 1054.47, 406.01, 386.22, 530.13, 338.14, 870.16, 118.28, 1005.91, 1137.42, 339.18, 468.66, 381.2, 1249.07, 70.12, 1421.63, 1307.95, 325.42, 1735.21, 733.52, 514.66, 368.32, 872.79, 502.69, 903.27, 517.59, 837.59, 704.16, 814.21, 385.95, 552.44, 509.99, 537.62, 209.9, 88.77, 763.11, 359.31, 410.95, 645.89, 79.45, 227.24, 375.43, 737.48, 840.03, 1071.93, 738.68, 924.74, 493.02, 2038.16, 71.21, 380.37, 911.48, 221.61, 809.46, 195.15, 75.44, 429.12, 312.37, 698.89, 697.19, 954.78, 541.16, 821.32, 703.28, 448.5, 792.06, 68.41, 2038.51, 58.45, 991.6, 198.79, 752.88, 472.91, 766.66, 630.52, 356.87, 495.71, 509.42, 733.34]
[156.99, 29.47, 147.41, 100.2, 133.46, 564.49, 152.89, 200.45, 20.05, 166.59, 527.58, 369.98, 456.51, 64.35, 52.34, 85.6, 92.05, 222.06, 89.69, 964.97, 561.82, 100.43, 105.39, 177.99, 833.23, 15.67, 250.34, 221.52, 98.26, 386.23, 72.34, 191.76, 94.42, 295.47, 247.83, 137.13, 70.16, 422.3, 56.18, 257.71, 102.99, 77.51, 71.04, 135.66, 49.07, 38.81, 118.2, 89.9, 129.11, 136.14, 21.97, 58.33, 64.93, 69.3, 306.73, 208.79, 252.73, 49.1, 207.89, 544.13, 28.14, 91.55, 156.39, 59.73, 222.77, 94.43, 15.26, 171.63, 68.37, 196.83, 94.59, 312.56, 301.14, 176.82, 200.5, 72.22, 522.38, 10.11, 447.08, 16.49, 904.01, 27.65, 266.65, 201.01, 183.65, 255.44, 183.64, 88.3, 184.51, 326.17]
[2767.62, -172.09, 4461.43, 2769.17, 811.63, 3685.06, 2058.27, 5749.36, -62.57, 1693.19, 2315.13, 5861.13, 4772.37, 1530.07, 1431.09, 2150.64, 1190.71, 3850.79, 91.42, 4529.55, 5187.11, 1195.92, 1843.28, 1405.99, 5745.37, -149.4, 6608.15, 6039.74, 1127.11, 8176.04, 3167.59, 2073.32, 1341.61, 3863.95, 2013.43, 4016.37, 2087.94, 3687.95, 3020.79, 3571.07, 1429.73, 2262.22, 2049.95, 2188.12, 549.48, -56.16, 3315.56, 1296.54, 1554.75, 2729.44, -102.74, 636.19, 1377.16, 3187.41, 3700.16, 4859.65, 3193.38, 4123.72, 1965.08, 9690.78, -143.96, 1401.87, 4057.38, 608.07, 3547.31, 475.77, -122.78, 1645.62, 1061.87, 2994.45, 2985.93, 4273.88, 2205.81, 3606.61, 3016.41, 1742.49, 3460.29, -157.94, 9692.53, -207.76, 4458.01, 493.95, 3264.38, 1864.57, 3333.3, 2652.59, 1284.33, 1978.55, 2047.09, 3166.68]
[284.93, -352.64, 237.05, 0.98, 167.3, 2322.44, 264.44, 502.27, -399.75, 332.96, 2137.88, 1349.88, 1782.53, -178.27, -238.31, -72.01, -39.73, 610.3, -51.55, 4324.84, 2309.11, 2.16, 26.94, 389.96, 3666.16, -421.66, 751.69, 607.59, -8.7, 1431.14, -138.32, 458.78, -27.88, 977.34, 739.15, 185.66, -149.18, 1611.48, -219.08, 788.55, 14.95, -112.43, -144.82, 178.28, -254.67, -305.94, 91.0, -50.52, 145.56, 180.72, -390.15, -208.37, -175.33, -153.52, 1033.66, 543.96, 763.65, -254.48, 539.45, 2220.63, -359.29, -42.26, 281.94, -201.36, 613.86, -27.87, -423.68, 358.15, -158.16, 484.15, -27.07, 1062.82, 1005.69, 384.12, 502.48, -138.92, 2111.88, -449.46, 1735.42, -417.56, 4020.05, -361.75, 833.24, 505.04, 418.26, 777.22, 418.22, -58.52, 422.53, 1130.85]
[114.3, 98.5, 100.47, 37.99, 88.54, 63.48, 60.55, 100.62, 79.56, 52.35, 73.06, 100.48, 92.29, 101.88, 90.06, 78.0, 101.36, 57.81, 101.91, 33.41, 90.66, 49.01, 60.28, 114.5, 132.0, 70.98, 102.06, 53.28, 138.95, 138.42, 120.73, 41.22, 53.93, 101.51, 186.73, 57.12, 52.74, 139.38, 134.66, 70.92, 56.56, 75.59, 132.86, 123.73, 61.22, 109.29, 109.98, 130.81, 113.8, 108.61, 98.28, 137.06, 102.01, 117.63, 54.79, 52.65, 52.75, 88.53, 149.27, 100.52, 102.87, 106.05, 71.28, 101.3, 55.4, 139.69, 98.11, 69.61, 145.71, 67.37, 67.58, 120.63, 145.78, 80.75, 57.61, 73.47, 139.76, 117.67, 103.24, 79.76, 62.67, 113.67, 129.27, 98.69, 38.79, 64.34, 67.53, 108.17, 52.28, 66.75]
[24, 18, 21, 5, 16, 9, 11, 19, 15, 9, 13, 19, 17, 19, 19, 14, 19, 11, 19, 4, 17, 7, 11, 21, 28, 10, 19, 10, 29, 29, 22, 5, 10, 19, 40, 12, 7, 26, 25, 13, 10, 14, 25, 23, 11, 23, 20, 28, 21, 20, 18, 29, 19, 22, 10, 10, 10, 16, 31, 19, 19, 20, 13, 19, 10, 29, 18, 9, 31, 14, 14, 22, 27, 15, 10, 13, 26, 25, 19, 15, 8, 21, 24, 18, 5, 12, 9, 20, 9, 14]
[167, 126, 50, 145, 185, 213, 31, 51, 201, 71, 239, 61, 59, 27, 133, 196, 64, 235, 213, 92, 103, 209, 105, 68, 160, 103, 169, 71, 146, 168, 153, 42, 117, 90, 223, 158, 135, 23, 7, 162, 186, 147, 46, 40, 91, 239, 8, 63, 14, 221, 25, 214, 159, 11, 80, 30, 143, 22, 131, 36, 88, 17, 14, 95, 207, 217, 56, 87, 90, 13, 239, 93, 133, 205, 44, 19, 163, 91, 194, 99, 221, 82, 20, 223, 231, 119, 145, 101, 22, 45]
[240, 240, 240, 240, 233, 240, 240, 99, 240, 240, 240, 109, 240, 219, 181, 240, 112, 240, 240, 140, 240, 240, 240, 164, 240, 240, 217, 215, 240, 216, 240, 186, 213, 138, 240, 240, 231, 71, 199, 240, 234, 240, 190, 136, 187, 240, 152, 240, 206, 240, 217, 240, 240, 107, 128, 240, 240, 214, 240, 228, 184, 65, 62, 191, 240, 240, 104, 183, 186, 240, 240, 240, 240, 240, 92, 67, 211, 240, 240, 240, 240, 226, 164, 240, 240, 167, 240, 197, 240, 141]
2
[0.0, 0.0]
[33.33, 33.33]
[[0, 0, 12, 7, 11, 8, 9, 7, 3, 6, 12, 8, 7, 7, 12, 7, 13, 8, 14, 9, 8, 7, 12, 7, 14, 4, 13, 6, 6, 6, 12, 13, 8, 7, 3, 3, 10, 13, 8, 13, 10, 4, 4, 4, 14, 2, 6, 11, 6, 12, 8, 10, 10, 12, 4, 8, 6, 7, 4, 10, 13, 3, 13, 7, 10, 4, 4, 13, 15, 8, 10, 12, 13, 9, 6, 2, 12, 3, 15, 11, 8, 9, 7, 2, 9, 7, 8, 11, 7, 13, 11, 10], [0, 0, 12, 7, 11, 8, 9, 7, 3, 6, 12, 8, 7, 7, 12, 7, 13, 8, 14, 9, 8, 7, 12, 7, 14, 4, 13, 6, 6, 6, 12, 13, 8, 7, 3, 3, 10, 13, 8, 13, 10, 4, 4, 4, 14, 2, 6, 11, 6, 12, 8, 10, 10, 12, 4, 8, 6, 7, 4, 10, 13, 3, 13, 7, 10, 4, 4, 13, 15, 8, 10, 12, 13, 9, 6, 2, 12, 3, 15, 11, 8, 9, 7, 2, 9, 7, 8, 11, 7, 13, 11, 10], [12, 12, 0, 5, 1, 7, 10, 6, 10, 13, 8, 4, 6, 5, 8, 5, 3, 15, 8, 9, 14, 6, 9, 5, 8, 9, 0, 7, 12, 13, 3, 0, 15, 5, 11, 9, 1, 3, 6, 10, 11, 9, 9, 10, 10, 10, 13, 5, 13, 5, 13, 11, 9, 4, 10, 4, 12, 14, 9, 10, 1, 11, 10, 15, 11, 11, 10, 4, 10, 7, 4, 0, 4, 8, 6, 10, 9, 9, 9, 1, 14, 11, 6, 10, 10, 5, 6, 11, 5, 8, 10, 2], [7, 7, 5, 0, 4, 5, 8, 4, 5, 9, 9, 1, 1, 1, 9, 0, 6, 11, 10, 7, 10, 4, 9, 3, 10, 4, 6, 3, 9, 9, 6, 6, 11, 2, 6, 4, 3, 7, 4, 10, 10, 5, 5, 5, 11, 4, 9, 5, 10, 6, 10, 9, 8, 6, 5, 1, 9, 10, 4, 9, 6, 6, 10, 11, 10, 6, 5, 7, 11, 5, 5, 5, 7, 7, 1, 5, 9, 3, 11, 4, 11, 9, 3, 4, 8, 0, 4, 10, 2, 9, 9, 3], [11, 11, 1, 4, 0, 6, 9, 5, 9, 12, 8, 2, 5, 4, 8, 4, 3, 14, 8, 8, 13, 5, 8, 4, 8, 8, 2, 6, 11, 12, 3, 2, 13, 4, 9, 8, 0, 3, 5, 10, 11, 8, 8, 9, 10, 9, 12, 4, 12, 4, 12, 10, 9, 4, 8, 3, 11, 13, 8, 10, 2, 10, 10, 13, 11, 10, 9, 4, 10, 6, 4, 1, 4, 8, 5, 9, 8, 7, 9, 0, 13, 10, 5, 9, 9, 3, 5, 11, 4, 8, 10, 0], [8, 8, 7, 5, 6, 0, 3, 1, 5, 6, 4, 5, 6, 6, 4, 5, 6, 7, 6, 2, 7, 1, 4, 2, 6, 7, 7, 2, 5, 6, 5, 7, 7, 2, 5, 7, 6, 6, 0, 6, 5, 3, 4, 8, 6, 7, 6, 3, 6, 4, 6, 4, 3, 4, 4, 4, 5, 6, 8, 4, 9, 5, 6, 7, 4, 4, 8, 5, 7, 0, 3, 7, 5, 2, 6, 7, 4, 6, 7, 5, 7, 4, 1, 7, 3, 5, 0, 5, 2, 5, 4, 5], [9, 9, 10, 8, 9, 3, 0, 4, 6, 4, 3, 8, 10, 9, 4, 8, 8, 5, 6, 0, 4, 4, 3, 5, 6, 10, 10, 5, 4, 4, 7, 10, 5, 5, 5, 10, 9, 8, 3, 4, 1, 5, 5, 11, 4, 9, 5, 5, 5, 6, 3, 1, 1, 6, 5, 8, 4, 5, 11, 0, 12, 6, 4, 5, 1, 5, 11, 7, 6, 3, 6, 10, 7, 1, 9, 9, 3, 9, 6, 8, 5, 1, 5, 9, 0, 9, 4, 1, 5, 5, 1, 8], [7, 7, 6, 4, 5, 1, 4, 0, 4, 6, 5, 4, 5, 5, 5, 4, 6, 8, 7, 3, 7, 0, 6, 1, 7, 6, 7, 1, 6, 6, 5, 7, 8, 1, 4, 6, 5, 6, 0, 7, 6, 3, 3, 7, 7, 6, 7, 3, 7, 4, 6, 5, 4, 4, 3, 3, 6, 7, 7, 5, 8, 5, 7, 8, 6, 4, 7, 5, 8, 1, 3, 6, 6, 3, 5, 6, 5, 5, 8, 5, 8, 5, 0, 6, 4, 4, 0, 6, 1, 6, 5, 4], [3, 3, 10, 5, 9, 5, 6, 4, 0, 4, 9, 6, 6, 6, 9, 5, 10, 6, 11, 6, 5, 4, 9, 5, 11, 5, 11, 3, 4, 4, 10, 11, 6, 4, 0, 4, 8, 10, 5, 10, 7, 1, 1, 5, 10, 3, 4, 8, 4, 9, 6, 7, 7, 9, 0, 6, 4, 5, 5, 7, 11, 1, 10, 6, 7, 1, 5, 10, 12, 5, 8, 10, 10, 6, 6, 3, 9, 3, 12, 9, 6, 6, 4, 3, 6, 6, 5, 8, 5, 10, 8, 8], [6, 6, 13, 9, 12, 6, 4, 6, 4, 0, 8, 10, 10, 10, 8, 9, 12, 2, 11, 5, 1, 6, 8, 7, 10, 9, 13, 6, 0, 0, 11, 13, 1, 7, 3, 9, 11, 12, 6, 9, 4, 4, 4, 10, 9, 8, 0, 9, 0, 10, 2, 4, 5, 10, 4, 9, 0, 0, 10, 4, 14, 3, 8, 1, 4, 2, 10, 11, 10, 6, 9, 13, 11, 5, 10, 8, 8, 8, 10, 11, 1, 3, 6, 8, 4, 10, 6, 5, 7, 9, 5, 11], [12, 12, 8, 9, 8, 4, 3, 5, 9, 8, 0, 8, 11, 10, 0, 9, 6, 9, 2, 3, 8, 5, 0, 6, 2, 12, 8, 7, 8, 8, 5, 8, 9, 6, 9, 12, 8, 6, 4, 1, 4, 8, 8, 13, 1, 12, 9, 3, 9, 3, 7, 4, 2, 4, 8, 8, 8, 9, 12, 3, 10, 9, 1, 9, 4, 8, 13, 4, 2, 4, 4, 8, 5, 2, 10, 12, 0, 11, 2, 7, 9, 4, 6, 12, 3, 9, 5, 3, 6, 1, 2, 7], [8, 8, 4, 1, 2, 5, 8, 4, 6, 10, 8, 0, 2, 1, 8, 1, 5, 12, 9, 7, 11, 4, 9, 3, 9, 5, 4, 3, 9, 10, 5, 4, 12, 2, 7, 5, 2, 5, 4, 10, 10, 6, 6, 6, 10, 6, 10, 5, 10, 5, 10, 9, 8, 5, 6, 0, 9, 11, 5, 9, 5, 7, 10, 11, 10, 7, 6, 6, 11, 5, 4, 4, 6, 7, 2, 6, 9, 4, 10, 2, 12, 9, 3, 6, 8, 1, 4, 10, 2, 8, 9, 2], [7, 7, 6, 1, 5, 6, 10, 5, 6, 10, 11, 2, 0, 0, 10, 1, 8, 12, 12, 9, 12, 5, 11, 4, 12, 3, 7, 4, 10, 10, 8, 7, 12, 4, 7, 3, 4, 8, 6, 12, 11, 6, 6, 3, 12, 4, 10, 7, 11, 8, 11, 11, 10, 8, 6, 2, 10, 11, 3, 11, 6, 7, 12, 12, 11, 7, 4, 9, 13, 7, 7, 6, 8, 9, 0, 4, 11, 3, 13, 5, 12, 11, 5, 4, 10, 1, 6, 11, 4, 11, 11, 4], [7, 7, 5, 1, 4, 6, 9, 5, 6, 10, 10, 1, 0, 0, 10, 1, 7, 12, 11, 9, 12, 5, 10, 4, 11, 4, 6, 4, 10, 11, 7, 6, 12, 4, 7, 4, 3, 7, 6, 12, 11, 6, 6, 4, 12, 5, 11, 6, 11, 7, 11, 11, 10, 7, 6, 2, 10, 11, 4, 10, 5, 7, 12, 12, 11, 8, 5, 8, 12, 6, 6, 5, 8, 8, 0, 5, 10, 4, 12, 4, 12, 10, 4, 5, 9, 0, 5, 11, 4, 10, 10, 3], [12, 12, 8, 9, 8, 4, 4, 5, 9, 8, 0, 8, 10, 10, 0, 9, 5, 9, 2, 3, 9, 5, 0, 6, 2, 12, 8, 7, 8, 8, 5, 8, 9, 6, 9, 12, 8, 5, 4, 1, 4, 8, 8, 13, 1, 12, 9, 3, 9, 3, 7, 4, 2, 4, 8, 8, 8, 9, 12, 3, 10, 9, 1, 9, 4, 8, 13, 4, 2, 4, 4, 8, 4, 2, 10, 12, 0, 11, 2, 7, 9, 5, 6, 12, 3, 9, 4, 4, 6, 1, 3, 7], [7, 7, 5, 0, 4, 5, 8, 4, 5, 9, 9, 1, 1, 1, 9, 0, 6, 11, 10, 8, 11, 4, 9, 3, 10, 3, 6, 3, 9, 9, 6, 6, 11, 3, 6, 4, 3, 7, 5, 11, 10, 5, 5, 4, 11, 4, 10, 6, 10, 7, 10, 9, 8, 6, 5, 1, 9, 10, 4, 9, 6, 6, 11, 11, 10, 7, 5, 7, 12, 5, 5, 5, 7, 7, 1, 5, 9, 3, 11, 4, 11, 9, 3, 4, 8, 0, 4, 10, 3, 9, 9, 3], [13, 13, 3, 6, 3, 6, 8, 6, 10, 12, 6, 5, 8, 7, 5, 6, 0, 13, 5, 7, 13, 5, 6, 5, 5, 10, 2, 7, 11, 12, 0, 2, 13, 5, 10, 11, 3, 0, 5, 7, 9, 9, 9, 11, 7, 11, 12, 2, 12, 2, 11, 9, 7, 1, 9, 5, 11, 13, 11, 8, 4, 11, 7, 13, 9, 10, 12, 1, 7, 5, 2, 3, 1, 6, 8, 11, 6, 10, 6, 2, 13, 9, 6, 11, 8, 6, 5, 9, 5, 5, 8, 3], [8, 8, 15, 11, 14, 7, 5, 8, 6, 2, 9, 12, 12, 12, 9, 11, 13, 0, 12, 6, 0, 8, 9, 9, 12, 11, 15, 8, 2, 1, 13, 15, 0, 9, 5, 11, 13, 14, 8, 9, 5, 6, 6, 12, 10, 10, 1, 10, 1, 11, 2, 5, 6, 12, 6, 11, 2, 1, 11, 5, 16, 5, 9, 0, 5, 4, 12, 13, 11, 8, 11, 15, 13, 7, 12, 9, 9, 10, 11, 13, 0, 4, 8, 9, 6, 12, 8, 6, 9, 11, 6, 13], [14, 14, 8, 10, 8, 6, 6, 7, 11, 11, 2, 9, 12, 11, 2, 10, 5, 12, 0, 6, 11, 7, 2, 7, 0, 14, 8, 9, 10, 11, 4, 8, 12, 8, 11, 14, 8, 5, 6, 2, 6, 10, 10, 15, 2, 14, 11, 4, 11, 3, 9, 6, 5, 4, 10, 9, 10, 11, 14, 6, 10, 12, 2, 12, 7, 10, 15, 4, 1, 6, 5, 8, 4, 5, 12, 14, 2, 12, 1, 7, 11, 7, 8, 13, 6, 10, 6, 6, 7, 1, 5, 8], [9, 9, 9, 7, 8, 2, 0, 3, 6, 5, 3, 7, 9, 9, 3, 8, 7, 6, 6, 0, 5, 3, 3, 4, 5, 10, 9, 4, 4, 5, 6, 10, 6, 5, 5, 9, 8, 7, 3, 4, 2, 5, 5, 11, 4, 9, 5, 4, 5, 5, 4, 1, 0, 5, 5, 7, 4, 5, 10, 1, 11, 6, 4, 6, 2, 5, 11, 6, 6, 2, 5, 9, 7, 0, 9, 9, 3, 8, 6, 8, 5, 1, 4, 9, 0, 8, 3, 2, 5, 4, 1, 8], [8, 8, 14, 10, 13, 7, 4, 7, 5, 1, 8, 11, 12, 12, 9, 11, 13, 0, 11, 5, 0, 7, 8, 8, 11, 10, 14, 7, 1, 1, 12, 14, 0, 8, 4, 10, 12, 13, 7, 9, 4, 5, 5, 11, 9, 9, 1, 10, 1, 10, 1, 4, 6, 11, 5, 11, 1, 0, 11, 5, 16, 5, 9, 0, 4, 4, 11, 12, 11, 7, 10, 14, 12, 6, 11, 9, 8, 9, 11, 12, 0, 3, 7, 9, 5, 11, 7, 5, 8, 10, 6, 12], [7, 7, 6, 4, 5, 1, 4, 0, 4, 6, 5, 4, 5, 5, 5, 4, 5, 8, 7, 3, 7, 0, 5, 1, 6, 7, 7, 1, 6, 6, 5, 7, 8, 1, 5, 6, 5, 5, 0, 6, 6, 3, 3, 8, 7, 6, 7, 3, 7, 4, 6, 5, 4, 4, 4, 3, 6, 7, 7, 5, 8, 5, 6, 8, 5, 4, 8, 5, 8, 1, 3, 6, 5, 3, 5, 6, 5, 5, 7, 5, 8, 5, 1, 6, 4, 4, 0, 6, 1, 6, 5, 4], [12, 12, 9, 9, 8, 4, 3, 6, 9, 8, 0, 9, 11, 10, 0, 9, 6, 9, 2, 3, 8, 5, 0, 6, 2, 12, 9, 7, 8, 8, 5, 9, 9, 6, 9, 12, 8, 6, 5, 1, 4, 8, 8, 13, 1, 12, 9, 4, 8, 4, 7, 4, 2, 4, 8, 8, 8, 9, 13, 3, 11, 9, 1, 9, 4, 8, 13, 5, 2, 4, 4, 9, 5, 2, 11, 12, 0, 11, 2, 8, 9, 4, 6, 12, 3, 10, 5, 3, 6, 1, 2, 8], [7, 7, 5, 3, 4, 2, 5, 1, 5, 7, 6, 3, 4, 4, 6, 3, 5, 9, 7, 4, 8, 1, 6, 0, 7, 6, 6, 1, 7, 7, 4, 6, 9, 0, 5, 6, 4, 5, 1, 7, 7, 4, 4, 7, 8, 6, 8, 3, 8, 4, 8, 6, 5, 4, 4, 2, 7, 8, 6, 6, 7, 6, 7, 9, 7, 5, 7, 5, 8, 2, 3, 5, 5, 4, 4, 6, 6, 5, 8, 4, 9, 6, 0, 6, 5, 3, 1, 7, 0, 6, 6, 3], [14, 14, 8, 10, 8, 6, 6, 7, 11, 10, 2, 9, 12, 11, 2, 10, 5, 12, 0, 5, 11, 6, 2, 7, 0, 13, 8, 8, 10, 11, 4, 8, 12, 7, 11, 13, 8, 5, 6, 2, 6, 10, 10, 14, 2, 13, 11, 4, 11, 3, 9, 6, 5, 4, 10, 9, 10, 11, 14, 6, 10, 11, 2, 12, 7, 10, 15, 3, 1, 6, 4, 8, 4, 5, 11, 13, 2, 12, 1, 7, 11, 7, 7, 13, 6, 10, 6, 6, 7, 1, 5, 8], [4, 4, 9, 4, 8, 7, 10, 6, 5, 9, 12, 5, 3, 4, 12, 3, 10, 11, 14, 10, 10, 7, 12, 6, 13, 0, 10, 5, 9, 9, 10, 10, 11, 5, 5, 0, 7, 11, 7, 13, 11, 5, 5, 1, 14, 1, 9, 9, 9, 10, 11, 11, 10, 10, 5, 5, 9, 10, 0, 11, 9, 6, 13, 11, 11, 6, 1, 11, 15, 8, 9, 9, 11, 10, 3, 2, 12, 1, 14, 8, 11, 11, 5, 1, 10, 4, 7, 12, 6, 12, 11, 7], [13, 13, 0, 6, 2, 7, 10, 7, 11, 13, 8, 4, 7, 6, 8, 6, 2, 15, 8, 9, 14, 7, 9, 6, 8, 10, 0, 8, 13, 14, 3, 0, 15, 6, 11, 10, 2, 2, 7, 10, 12, 10, 10, 11, 10, 11, 14, 5, 14, 5, 13, 11, 10, 4, 10, 5, 13, 14, 10, 11, 2, 12, 10, 15, 12, 11, 11, 4, 10, 7, 4, 0, 3, 9, 7, 11, 9, 9, 9, 2, 15, 11, 7, 11, 10, 5, 6, 11, 6, 8, 10, 2], [6, 6, 7, 3, 6, 2, 5, 1, 3, 6, 7, 3, 4, 4, 7, 3, 7, 8, 9, 4, 7, 1, 7, 1, 8, 5, 8, 0, 5, 6, 6, 8, 8, 1, 3, 5, 5, 7, 2, 8, 6, 2, 2, 6, 8, 5, 6, 5, 6, 6, 7, 6, 5, 6, 2, 3, 5, 7, 5, 6, 8, 4, 8, 7, 6, 3, 6, 7, 9, 2, 4, 7, 7, 4, 4, 5, 7, 3, 9, 5, 8, 6, 0, 4, 5, 4, 2, 7, 1, 7, 6, 5], [6, 6, 12, 9, 11, 5, 4, 6, 4, 0, 8, 9, 10, 10, 8, 9, 11, 2, 10, 4, 1, 6, 8, 7, 10, 9, 13, 5, 0, 0, 11, 13, 2, 7, 3, 9, 11, 11, 6, 8, 4, 4, 4, 10, 8, 8, 1, 8, 1, 9, 2, 4, 5, 9, 4, 9, 0, 1, 9, 4, 14, 3, 8, 2, 4, 2, 10, 11, 10, 5, 9, 12, 11, 5, 10, 7, 7, 7, 10, 11, 2, 3, 6, 7, 4, 10, 6, 5, 7, 9, 5, 10], [6, 6, 13, 9, 12, 6, 4, 6, 4, 0, 8, 10, 10, 11, 8, 9, 12, 1, 11, 5, 1, 6, 8, 7, 11, 9, 14, 6, 0, 0, 11, 14, 1, 7, 3, 9, 11, 12, 6, 9, 5, 4, 4, 10, 9, 8, 0, 9, 0, 10, 2, 4, 6, 10, 4, 10, 0, 0, 10, 5, 15, 3, 9, 1, 4, 2, 10, 11, 11, 6, 9, 13, 12, 6, 10, 7, 8, 8, 11, 11, 1, 4, 7, 8, 5, 10, 7, 5, 8, 10, 6, 11], [12, 12, 3, 6, 3, 5, 7, 5, 10, 11, 5, 5, 8, 7, 5, 6, 0, 13, 4, 6, 12, 5, 5, 4, 4, 10, 3, 6, 11, 11, 0, 3, 13, 5, 10, 10, 4, 0, 5, 6, 9, 9, 9, 11, 6, 11, 12, 2, 12, 1, 11, 8, 6, 1, 9, 5, 11, 12, 11, 8, 5, 10, 6, 13, 9, 10, 11, 0, 6, 5, 2, 3, 0, 6, 8, 11, 5, 9, 6, 3, 12, 8, 5, 11, 7, 6, 4, 8, 4, 4, 7, 3], [13, 13, 0, 6, 2, 7, 10, 7, 11, 13, 8, 4, 7, 6, 8, 6, 2, 15, 8, 10, 14, 7, 9, 6, 8, 10, 0, 8, 13, 14, 3, 0, 15, 6, 11, 10, 2, 2, 7, 10, 12, 10, 10, 11, 10, 11, 14, 5, 14, 5, 13, 11, 10, 4, 10, 5, 13, 14, 10, 11, 1, 12, 10, 15, 12, 11, 11, 4, 10, 7, 4, 0, 3, 9, 7, 11, 9, 9, 9, 2, 15, 11, 7, 11, 10, 5, 6, 11, 6, 8, 10, 2], [8, 8, 15, 11, 13, 7, 5, 8, 6, 1, 9, 12, 12, 12, 9, 11, 13, 0, 12, 6, 0, 8, 9, 9, 12, 11, 15, 8, 2, 1, 13, 15, 0, 9, 5, 10, 13, 13, 8, 10, 5, 5, 6, 11, 10, 9, 1, 10, 1, 11, 2, 5, 6, 11, 6, 11, 2, 0, 11, 5, 16, 5, 9, 0, 5, 4, 11, 12, 11, 7, 11, 14, 13, 7, 12, 9, 9, 9, 11, 13, 0, 4, 8, 9, 6, 12, 8, 6, 9, 11, 6, 13], [7, 7, 5, 2, 4, 2, 5, 1, 4, 7, 6, 2, 4, 4, 6, 3, 5, 9, 8, 5, 8, 1, 6, 0, 7, 5, 6, 1, 7, 7, 5, 6, 9, 0, 5, 6, 4, 5, 1, 8, 7, 4, 3, 7, 8, 6, 8, 3, 8, 4, 8, 6, 5, 4, 4, 2, 7, 8, 6, 6, 7, 5, 8, 9, 7, 5, 7, 5, 9, 2, 3, 5, 5, 4, 4, 6, 6, 4, 8, 4, 9, 6, 0, 6, 5, 3, 1, 7, 0, 7, 6, 3], [3, 3, 11, 6, 9, 5, 5, 4, 0, 3, 9, 7, 7, 7, 9, 6, 10, 5, 11, 5, 4, 5, 9, 5, 11, 5, 11, 3, 3, 3, 10, 11, 5, 5, 0, 5, 9, 11, 5, 10, 6, 1, 1, 6, 10, 4, 3, 8, 4, 9, 5, 6, 6, 9, 1, 7, 3, 4, 6, 6, 12, 0, 10, 5, 6, 1, 6, 10, 11, 5, 8, 11, 10, 6, 7, 4, 9, 4, 11, 9, 5, 5, 4, 4, 6, 7, 5, 7, 5, 10, 7, 8], [3, 3, 9, 4, 8, 7, 10, 6, 4, 9, 12, 5, 3, 4, 12, 4, 11, 11, 14, 9, 10, 6, 12, 6, 13, 0, 10, 5, 9, 9, 10, 10, 10, 6, 5, 0, 7, 11, 7, 13, 11, 5, 4, 1, 14, 0, 9, 9, 9, 10, 10, 11, 10, 10, 5, 5, 8, 9, 0, 11, 10, 5, 13, 10, 11, 6, 1, 11, 15, 8, 9, 9, 11, 9, 3, 1, 12, 1, 14, 8, 10, 10, 5, 1, 10, 4, 7, 12, 6, 12, 11, 7], [10, 10, 1, 3, 0, 6, 9, 5, 8, 11, 8, 2, 4, 3, 8, 3, 3, 13, 8, 8, 12, 5, 8, 4, 8, 7, 2, 5, 11, 11, 4, 2, 13, 4, 9, 7, 0, 3, 5, 9, 10, 8, 7, 8, 10, 8, 12, 4, 12, 4, 12, 10, 8, 4, 8, 2, 11, 12, 7, 9, 3, 9, 10, 13, 10, 9, 8, 4, 10, 5, 3, 1, 4, 7, 4, 8, 8, 7, 9, 0, 13, 10, 4, 8, 9, 3, 5, 10, 3, 8, 9, 0], [13, 13, 3, 7, 3, 6, 8, 6, 10, 12, 6, 5, 8, 7, 5, 7, 0, 14, 5, 7, 13, 5, 6, 5, 5, 11, 2, 7, 11, 12, 0, 2, 13, 5, 11, 11, 3, 0, 5, 7, 9, 9, 9, 12, 7, 11, 13, 3, 12, 2, 11, 9, 7, 2, 10, 5, 11, 13, 11, 8, 4, 11, 7, 13, 10, 10, 12, 1, 7, 5, 2, 3, 1, 6, 8, 11, 6, 10, 6, 3, 13, 9, 6, 11, 8, 6, 5, 9, 5, 5, 8, 3], [8, 8, 6, 4, 5, 0, 3, 0, 5, 6, 4, 4, 6, 6, 4, 5, 5, 8, 6, 3, 7, 0, 5, 1, 6, 7, 7, 2, 6, 6, 5, 7, 8, 1, 5, 7, 5, 5, 0, 6, 5, 4, 4, 8, 6, 7, 7, 2, 7, 4, 6, 5, 3, 4, 4, 4, 6, 7, 8, 4, 8, 5, 6, 8, 5, 5, 8, 5, 7, 0, 3, 6, 5, 2, 6, 7, 5, 6, 7, 5, 8, 5, 1, 7, 3, 5, 0, 5, 1, 5, 4, 4], [13, 13, 10, 10, 10, 6, 4, 7, 10, 9, 1, 10, 12, 12, 1, 11, 7, 9, 2, 4, 9, 6, 1, 7, 2, 13, 10, 8, 8, 9, 6, 10, 10, 8, 10, 13, 9, 7, 6, 0, 4, 9, 9, 14, 0, 13, 10, 5, 9, 5, 7, 4, 3, 5, 9, 10, 8, 9, 14, 4, 12, 10, 0, 10, 4, 9, 15, 5, 1, 5, 6, 10, 6, 4, 12, 13, 1, 12, 1, 9, 9, 5, 7, 13, 4, 11, 6, 3, 7, 2, 3, 9], [10, 10, 11, 10, 11, 5, 1, 6, 7, 4, 4, 10, 11, 11, 4, 10, 9, 5, 6, 2, 4, 6, 4, 7, 6, 11, 12, 6, 4, 5, 9, 12, 5, 7, 6, 11, 10, 9, 5, 4, 0, 6, 6, 12, 4, 11, 5, 6, 5, 7, 2, 0, 2, 7, 6, 9, 4, 5, 12, 1, 13, 7, 4, 5, 0, 5, 12, 8, 6, 4, 7, 11, 9, 3, 11, 10, 4, 10, 6, 10, 4, 0, 6, 10, 1, 10, 5, 0, 7, 5, 1, 10], [4, 4, 9, 5, 8, 3, 5, 3, 1, 4, 8, 6, 6, 6, 8, 5, 9, 6, 10, 5, 5, 3, 8, 4, 10, 5, 10, 2, 4, 4, 9, 10, 5, 4, 1, 5, 8, 9, 4, 9, 6, 0, 0, 6, 9, 4, 4, 7, 4, 8, 5, 6, 6, 8, 0, 6, 3, 5, 6, 6, 11, 1, 9, 5, 6, 1, 6, 9, 11, 4, 7, 9, 9, 5, 6, 4, 8, 4, 10, 8, 6, 5, 3, 4, 5, 6, 4, 7, 4, 9, 6, 7], [4, 4, 9, 5, 8, 4, 5, 3, 1, 4, 8, 6, 6, 6, 8, 5, 9, 6, 10, 5, 5, 3, 8, 4, 10, 5, 10, 2, 4, 4, 9, 10, 6, 3, 1, 4, 7, 9, 4, 9, 6, 0, 0, 6, 9, 4, 4, 7, 5, 8, 6, 6, 6, 8, 0, 5, 4, 5, 5, 6, 11, 1, 9, 6, 6, 1, 6, 9, 11, 4, 7, 9, 9, 5, 5, 4, 8, 3, 11, 8, 6, 5, 3, 4, 5, 5, 4, 7, 4, 9, 7, 7], [4, 4, 10, 5, 9, 8, 11, 7, 5, 10, 13, 6, 3, 4, 13, 4, 11, 12, 15, 11, 11, 8, 13, 7, 14, 1, 11, 6, 10, 10, 11, 11, 11, 7, 6, 1, 8, 12, 8, 14, 12, 6, 6, 0, 15, 1, 10, 10, 10, 11, 11, 12, 11, 11, 6, 6, 10, 10, 0, 12, 10, 6, 14, 11, 12, 7, 0, 12, 16, 9, 10, 10, 12, 11, 3, 2, 13, 2, 15, 9, 12, 11, 7, 2, 11, 5, 8, 13, 7, 14, 12, 8], [14, 14, 10, 11, 10, 6, 4, 7, 10, 9, 1, 10, 12, 12, 1, 11, 7, 10, 2, 4, 9, 7, 1, 8, 2, 14, 10, 8, 8, 9, 6, 10, 10, 8, 10, 14, 10, 7, 6, 0, 4, 9, 9, 15, 0, 13, 10, 5, 9, 5, 7, 4, 3, 5, 9, 10, 8, 9, 14, 4, 12, 10, 0, 10, 4, 9, 15, 6, 1, 5, 6, 10, 6, 4, 12, 13, 1, 12, 1, 9, 9, 5, 8, 13, 4, 11, 6, 3, 8, 2, 3, 9], [2, 2, 10, 4, 9, 7, 9, 6, 3, 8, 12, 6, 4, 5, 12, 4, 11, 10, 14, 9, 9, 6, 12, 6, 13, 1, 11, 5, 8, 8, 11, 11, 9, 6, 4, 0, 8, 11, 7, 13, 11, 4, 4, 1, 13, 0, 8, 9, 8, 10, 10, 10, 10, 10, 4, 6, 8, 8, 1, 10, 11, 4, 13, 9, 10, 5, 1, 11, 14, 7, 9, 10, 11, 9, 4, 0, 12, 1, 14, 9, 10, 10, 5, 0, 9, 5, 7, 11, 6, 12, 11, 8], [6, 6, 13, 9, 12, 6, 5, 7, 4, 0, 9, 10, 10, 11, 9, 10, 12, 1, 11, 5, 1, 7, 9, 8, 11, 9, 14, 6, 1, 0, 12, 14, 1, 8, 3, 9, 12, 13, 7, 10, 5, 4, 4, 10, 10, 8, 0, 10, 0, 11, 2, 5, 6, 11, 4, 10, 1, 0, 10, 5, 15, 3, 9, 1, 5, 2, 10, 12, 11, 7, 10, 13, 12, 6, 10, 7, 9, 8, 11, 12, 1, 4, 7, 7, 5, 10, 7, 6, 8, 10, 6, 11], [11, 11, 5, 5, 4, 3, 5, 3, 8, 9, 3, 5, 7, 6, 3, 6, 2, 10, 4, 4, 10, 3, 4, 3, 4, 9, 5, 5, 8, 9, 2, 5, 10, 3, 8, 9, 4, 3, 2, 5, 6, 7, 7, 10, 5, 9, 10, 0, 9, 1, 8, 6, 4, 1, 7, 4, 8, 10, 10, 5, 6, 8, 5, 10, 7, 8, 10, 2, 5, 2, 0, 5, 2, 3, 7, 9, 4, 8, 5, 3, 10, 6, 4, 9, 5, 6, 2, 6, 3, 3, 5, 3], [6, 6, 13, 10, 12, 6, 5, 7, 4, 0, 9, 10, 11, 11, 9, 10, 12, 1, 11, 5, 1, 7, 8, 8, 11, 9, 14, 6, 1, 0, 12, 14, 1, 8, 4, 9, 12, 12, 7, 9, 5, 4, 5, 10, 9, 8, 0, 9, 0, 10, 2, 4, 6, 10, 4, 10, 1, 0, 10, 5, 15, 3, 9, 1, 4, 3, 10, 12, 11, 6, 10, 13, 12, 6, 10, 8, 8, 8, 11, 12, 1, 4, 7, 8, 5, 10, 7, 5, 8, 10, 6, 11], [12, 12, 5, 6, 4, 4, 6, 4, 9, 10, 3, 5, 8, 7, 3, 7, 2, 11, 3, 5, 10, 4, 4, 4, 3, 10, 5, 6, 9, 10, 1, 5, 11, 4, 9, 10, 4, 2, 4, 5, 7, 8, 8, 11, 5, 10, 11, 1, 10, 0, 9, 7, 5, 0, 8, 5, 9, 11, 11, 6, 6, 10, 5, 11, 7, 9, 11, 1, 5, 4, 1, 5, 1, 4, 8, 11, 4, 9, 4, 4, 11, 7, 5, 10, 5, 7, 4, 7, 4, 3, 5, 4], [8, 8, 13, 10, 12, 6, 3, 6, 6, 2, 7, 10, 11, 11, 7, 10, 11, 2, 9, 4, 1, 6, 7, 8, 9, 11, 13, 7, 2, 2, 11, 13, 2, 8, 5, 10, 12, 11, 6, 7, 2, 5, 6, 11, 7, 10, 2, 8, 2, 9, 0, 2, 4, 9, 5, 10, 2, 2, 11, 3, 15, 5, 7, 2, 2, 4, 12, 10, 9, 6, 9, 13, 11, 5, 11, 9, 6, 9, 9, 11, 1, 2, 7, 9, 3, 11, 7, 3, 8, 8, 4, 11], [10, 10, 11, 9, 10, 4, 1, 5, 7, 4, 4, 9, 11, 11, 4, 9, 9, 5, 6, 1, 4, 5, 4, 6, 6, 11, 11, 6, 4, 4, 8, 11, 5, 6, 6, 11, 10, 9, 5, 4, 0, 6, 6, 12, 4, 10, 5, 6, 4, 7, 2, 0, 1, 7, 6, 9, 4, 5, 11, 0, 13, 6, 4, 5, 0, 5, 12, 8, 6, 4, 6, 11, 8, 2, 10, 10, 3, 9, 6, 10, 4, 0, 6, 10, 1, 10, 5, 1, 6, 5, 1, 9], [10, 10, 9, 8, 9, 3, 1, 4, 7, 5, 2, 8, 10, 10, 2, 8, 7, 6, 5, 0, 6, 4, 2, 5, 5, 10, 10, 5, 5, 6, 6, 10, 6, 5, 6, 10, 8, 7, 3, 3, 2, 6, 6, 11, 3, 10, 6, 4, 6, 5, 4, 1, 0, 5, 6, 8, 5, 6, 11, 1, 11, 7, 3, 6, 2, 5, 12, 6, 5, 3, 5, 9, 6, 1, 10, 10, 2, 9, 5, 8, 6, 2, 5, 10, 0, 9, 4, 1, 5, 4, 0, 8], [12, 12, 4, 6, 4, 4, 6, 4, 9, 10, 4, 5, 8, 7, 4, 6, 1, 12, 4, 5, 11, 4, 4, 4, 4, 10, 4, 6, 9, 10, 1, 4, 11, 4, 9, 10, 4, 2, 4, 5, 7, 8, 8, 11, 5, 10, 11, 1, 10, 0, 9, 7, 5, 0, 8, 5, 9, 11, 10, 6, 6, 9, 5, 11, 7, 9, 11, 1, 5, 4, 1, 4, 1, 4, 7, 10, 4, 9, 5, 3, 11, 7, 5, 10, 6, 6, 3, 7, 4, 3, 6, 3], [4, 4, 10, 5, 8, 4, 5, 3, 0, 4, 8, 6, 6, 6, 8, 5, 9, 6, 10, 5, 5, 4, 8, 4, 10, 5, 10, 2, 4, 4, 9, 10, 6, 4, 1, 5, 8, 10, 4, 9, 6, 0, 0, 6, 9, 4, 4, 7, 4, 8, 5, 6, 6, 8, 0, 6, 3, 5, 5, 6, 11, 1, 9, 5, 6, 1, 6, 9, 11, 4, 7, 10, 9, 5, 6, 4, 8, 3, 11, 8, 6, 5, 3, 4, 5, 6, 4, 7, 4, 9, 7, 7], [8, 8, 4, 1, 3, 4, 8, 3, 6, 9, 8, 0, 2, 2, 8, 1, 5, 11, 9, 7, 11, 3, 8, 2, 9, 5, 5, 3, 9, 10, 5, 5, 11, 2, 7, 5, 2, 5, 4, 10, 9, 6, 5, 6, 10, 6, 10, 4, 10, 5, 10, 9, 8, 5, 6, 0, 9, 10, 5, 9, 5, 7, 10, 11, 9, 7, 6, 6, 10, 5, 4, 4, 6, 7, 2, 6, 8, 4, 10, 3, 11, 9, 3, 6, 8, 1, 4, 10, 2, 8, 9, 2], [6, 6, 12, 9, 11, 5, 4, 6, 4, 0, 8, 9, 10, 10, 8, 9, 11, 2, 10, 4, 1, 6, 8, 7, 10, 9, 13, 5, 0, 0, 11, 13, 2, 7, 3, 8, 11, 11, 6, 8, 4, 3, 4, 10, 8, 8, 1, 8, 1, 9, 2, 4, 5, 9, 3, 9, 0, 1, 9, 4, 14, 3, 8, 2, 4, 2, 10, 11, 10, 5, 9, 12, 11, 5, 10, 7, 7, 7, 10, 11, 2, 3, 6, 7, 4, 9, 6, 5, 7, 9, 5, 10], [7, 7, 14, 10, 13, 6, 5, 7, 5, 0, 9, 11, 11, 11, 9, 10, 13, 1, 11, 5, 0, 7, 9, 8, 11, 10, 14, 7, 1, 0, 12, 14, 0, 8, 4, 9, 12, 13, 7, 9, 5, 5, 5, 10, 9, 8, 0, 10, 0, 11, 2, 5, 6, 11, 5, 10, 1, 0, 10, 5, 15, 4, 9, 0, 4, 3, 10, 12, 11, 7, 10, 14, 12, 6, 11, 8, 8, 8, 11, 12, 1, 4, 7, 8, 5, 11, 7, 5, 8, 10, 6, 12], [4, 4, 9, 4, 8, 8, 11, 7, 5, 10, 12, 5, 3, 4, 12, 4, 11, 11, 14, 10, 11, 7, 13, 6, 14, 0, 10, 5, 9, 10, 11, 10, 11, 6, 6, 0, 7, 11, 8, 14, 12, 6, 5, 0, 14, 1, 10, 10, 10, 11, 11, 11, 11, 10, 5, 5, 9, 10, 0, 11, 10, 6, 14, 11, 12, 7, 0, 11, 15, 8, 9, 9, 11, 10, 3, 2, 13, 1, 15, 8, 11, 11, 6, 2, 10, 4, 7, 12, 6, 13, 12, 7], [10, 10, 10, 9, 10, 4, 0, 5, 7, 4, 3, 9, 11, 10, 3, 9, 8, 5, 6, 1, 5, 5, 3, 6, 6, 11, 11, 6, 4, 5, 8, 11, 5, 6, 6, 11, 9, 8, 4, 4, 1, 6, 6, 12, 4, 10, 5, 5, 5, 6, 3, 0, 1, 6, 6, 9, 4, 5, 11, 0, 12, 7, 3, 6, 1, 5, 12, 7, 5, 4, 6, 10, 8, 2, 10, 10, 3, 9, 6, 9, 5, 1, 6, 10, 0, 10, 5, 0, 6, 5, 0, 9], [13, 13, 1, 6, 2, 9, 12, 8, 11, 14, 10, 5, 6, 5, 10, 6, 4, 16, 10, 11, 16, 8, 11, 7, 10, 9, 2, 8, 14, 15, 5, 1, 16, 7, 12, 10, 3, 4, 8, 12, 13, 11, 11, 10, 12, 11, 15, 6, 15, 6, 15, 13, 11, 6, 11, 5, 14, 15, 10, 12, 0, 12, 12, 16, 13, 12, 10, 6, 12, 8, 6, 1, 5, 10, 6, 11, 11, 9, 11, 3, 16, 13, 8, 11, 11, 5, 8, 13, 7, 10, 12, 3], [3, 3, 11, 6, 10, 5, 6, 5, 1, 3, 9, 7, 7, 7, 9, 6, 11, 5, 12, 6, 5, 5, 9, 6, 11, 6, 12, 4, 3, 3, 10, 12, 5, 5, 0, 5, 9, 11, 5, 10, 7, 1, 1, 6, 10, 4, 3, 8, 3, 10, 5, 6, 7, 9, 1, 7, 3, 4, 6, 7, 12, 0, 10, 5, 7, 1, 6, 11, 12, 6, 8, 11, 11, 6, 7, 4, 9, 4, 12, 10, 5, 6, 5, 4, 6, 7, 6, 7, 6, 10, 7, 9], [13, 13, 10, 10, 10, 6, 4, 7, 10, 8, 1, 10, 12, 12, 1, 11, 7, 9, 2, 4, 9, 6, 1, 7, 2, 13, 10, 8, 8, 9, 6, 10, 9, 8, 10, 13, 10, 7, 6, 0, 4, 9, 9, 14, 0, 13, 9, 5, 9, 5, 7, 4, 3, 5, 9, 10, 8, 9, 14, 3, 12, 10, 0, 9, 4, 9, 15, 6, 2, 5, 6, 10, 6, 3, 12, 13, 1, 12, 2, 9, 9, 5, 7, 13, 4, 11, 6, 3, 7, 2, 2, 9], [7, 7, 15, 11, 13, 7, 5, 8, 6, 1, 9, 11, 12, 12, 9, 11, 13, 0, 12, 6, 0, 8, 9, 9, 12, 11, 15, 7, 2, 1, 13, 15, 0, 9, 5, 10, 13, 13, 8, 10, 5, 5, 6, 11, 10, 9, 1, 10, 1, 11, 2, 5, 6, 11, 5, 11, 2, 0, 11, 6, 16, 5, 9, 0, 5, 4, 11, 12, 11, 8, 11, 14, 13, 7, 12, 9, 9, 9, 12, 13, 0, 4, 8, 9, 6, 12, 8, 6, 9, 11, 6, 12], [10, 10, 11, 10, 11, 4, 1, 6, 7, 4, 4, 10, 11, 11, 4, 10, 9, 5, 7, 2, 4, 5, 4, 7, 7, 11, 12, 6, 4, 4, 9, 12, 5, 7, 6, 11, 10, 10, 5, 4, 0, 6, 6, 12, 4, 10, 5, 7, 4, 7, 2, 0, 2, 7, 6, 9, 4, 4, 12, 1, 13, 7, 4, 5, 0, 5, 12, 8, 6, 4, 7, 11, 9, 3, 11, 10, 4, 10, 6, 10, 4, 0, 6, 10, 1, 10, 5, 1, 7, 6, 1, 10], [4, 4, 11, 6, 10, 4, 5, 4, 1, 2, 8, 7, 7, 8, 8, 7, 10, 4, 10, 5, 4, 4, 8, 5, 10, 6, 11, 3, 2, 2, 10, 11, 4, 5, 1, 6, 9, 10, 5, 9, 5, 1, 1, 7, 9, 5, 2, 8, 3, 9, 4, 5, 5, 9, 1, 7, 2, 3, 7, 5, 12, 1, 9, 4, 5, 0, 7, 10, 11, 5, 8, 11, 10, 5, 7, 5, 8, 5, 11, 9, 4, 4, 4, 5, 5, 7, 5, 6, 5, 9, 6, 9], [4, 4, 10, 5, 9, 8, 11, 7, 5, 10, 13, 6, 4, 5, 13, 5, 12, 12, 15, 11, 11, 8, 13, 7, 15, 1, 11, 6, 10, 10, 11, 11, 11, 7, 6, 1, 8, 12, 8, 15, 12, 6, 6, 0, 15, 1, 10, 10, 10, 11, 12, 12, 12, 11, 6, 6, 10, 10, 0, 12, 10, 6, 15, 11, 12, 7, 0, 12, 16, 9, 10, 10, 12, 11, 4, 2, 13, 2, 16, 9, 12, 12, 7, 2, 11, 5, 8, 13, 7, 14, 12, 8], [13, 13, 4, 7, 4, 5, 7, 5, 10, 11, 4, 6, 9, 8, 4, 7, 1, 13, 4, 6, 12, 5, 5, 5, 3, 11, 4, 7, 11, 11, 0, 4, 12, 5, 10, 11, 4, 1, 5, 5, 8, 9, 9, 12, 6, 11, 12, 2, 12, 1, 10, 8, 6, 1, 9, 6, 11, 12, 11, 7, 6, 11, 6, 12, 8, 10, 12, 0, 5, 5, 2, 4, 0, 5, 8, 11, 5, 10, 5, 4, 12, 8, 6, 11, 7, 7, 5, 8, 5, 3, 7, 4], [15, 15, 10, 11, 10, 7, 6, 8, 12, 10, 2, 11, 13, 12, 2, 12, 7, 11, 1, 6, 11, 8, 2, 8, 1, 15, 10, 9, 10, 11, 6, 10, 11, 9, 11, 15, 10, 7, 7, 1, 6, 11, 11, 16, 1, 14, 11, 5, 11, 5, 9, 6, 5, 5, 11, 10, 10, 11, 15, 5, 12, 12, 2, 11, 6, 11, 16, 5, 0, 7, 6, 10, 6, 5, 13, 14, 2, 13, 0, 9, 11, 7, 9, 14, 6, 12, 7, 5, 8, 2, 4, 9], [8, 8, 7, 5, 6, 0, 3, 1, 5, 6, 4, 5, 7, 6, 4, 5, 5, 8, 6, 2, 7, 1, 4, 2, 6, 8, 7, 2, 5, 6, 5, 7, 7, 2, 5, 8, 5, 5, 0, 5, 4, 4, 4, 9, 5, 7, 7, 2, 6, 4, 6, 4, 3, 4, 4, 5, 5, 7, 8, 4, 8, 6, 5, 8, 4, 5, 9, 5, 7, 0, 3, 7, 5, 2, 6, 7, 4, 6, 6, 5, 7, 4, 2, 7, 3, 6, 0, 4, 2, 5, 4, 5], [10, 10, 4, 5, 4, 3, 6, 3, 8, 9, 4, 4, 7, 6, 4, 5, 2, 11, 5, 5, 10, 3, 4, 3, 4, 9, 4, 4, 9, 9, 2, 4, 11, 3, 8, 9, 3, 2, 3, 6, 7, 7, 7, 10, 6, 9, 10, 0, 10, 1, 9, 6, 5, 1, 7, 4, 9, 10, 9, 6, 6, 8, 6, 11, 7, 8, 10, 2, 6, 3, 0, 4, 2, 4, 6, 9, 4, 8, 6, 3, 10, 7, 3, 9, 5, 5, 2, 7, 3, 4, 6, 3], [12, 12, 0, 5, 1, 7, 10, 6, 10, 13, 8, 4, 6, 5, 8, 5, 3, 15, 8, 9, 14, 6, 9, 5, 8, 9, 0, 7, 12, 13, 3, 0, 14, 5, 11, 9, 1, 3, 6, 10, 11, 9, 9, 10, 10, 10, 13, 5, 13, 5, 13, 11, 9, 4, 10, 4, 12, 14, 9, 10, 1, 11, 10, 14, 11, 11, 10, 4, 10, 7, 4, 0, 4, 8, 6, 10, 9, 9, 9, 1, 14, 11, 6, 10, 10, 5, 6, 11, 5, 8, 10, 2], [13, 13, 4, 7, 4, 5, 7, 6, 10, 11, 5, 6, 8, 8, 4, 7, 1, 13, 4, 7, 12, 5, 5, 5, 4, 11, 3, 7, 11, 12, 0, 3, 13, 5, 10, 11, 4, 1, 5, 6, 9, 9, 9, 12, 6, 11, 12, 2, 12, 1, 11, 8, 6, 1, 9, 6, 11, 12, 11, 8, 5, 11, 6, 13, 9, 10, 12, 0, 6, 5, 2, 4, 0, 6, 8, 11, 5, 10, 5, 3, 12, 9, 6, 11, 7, 7, 5, 8, 5, 4, 7, 4], [9, 9, 8, 7, 8, 2, 1, 3, 6, 5, 2, 7, 9, 8, 2, 7, 6, 7, 5, 0, 6, 3, 2, 4, 5, 10, 9, 4, 5, 6, 6, 9, 7, 4, 6, 9, 7, 6, 2, 4, 3, 5, 5, 11, 4, 9, 6, 3, 6, 4, 5, 2, 1, 4, 5, 7, 5, 6, 10, 2, 10, 6, 3, 7, 3, 5, 11, 5, 5, 2, 4, 8, 6, 0, 9, 9, 2, 8, 5, 7, 6, 2, 4, 9, 1, 8, 3, 2, 4, 4, 2, 7], [6, 6, 6, 1, 5, 6, 9, 5, 6, 10, 10, 2, 0, 0, 10, 1, 8, 12, 12, 9, 11, 5, 11, 4, 11, 3, 7, 4, 10, 10, 8, 7, 12, 4, 7, 3, 4, 8, 6, 12, 11, 6, 5, 3, 12, 4, 10, 7, 10, 8, 11, 10, 10, 7, 6, 2, 10, 11, 3, 10, 6, 7, 12, 12, 11, 7, 4, 8, 13, 6, 6, 6, 8, 9, 0, 4, 11, 3, 12, 5, 12, 10, 4, 4, 9, 1, 5, 11, 4, 11, 11, 4], [2, 2, 10, 5, 9, 7, 9, 6, 3, 8, 12, 6, 4, 5, 12, 5, 11, 9, 14, 9, 9, 6, 12, 6, 13, 2, 11, 5, 7, 7, 11, 11, 9, 6, 4, 1, 8, 11, 7, 13, 10, 4, 4, 2, 13, 0, 7, 9, 8, 11, 9, 10, 10, 10, 4, 6, 7, 8, 2, 10, 11, 4, 13, 9, 10, 5, 2, 11, 14, 7, 9, 10, 11, 9, 4, 0, 12, 1, 14, 9, 9, 9, 5, 0, 9, 5, 7, 11, 6, 12, 11, 8], [12, 12, 9, 9, 8, 4, 3, 5, 9, 8, 0, 9, 11, 10, 0, 9, 6, 9, 2, 3, 8, 5, 0, 6, 2, 12, 9, 7, 7, 8, 5, 9, 9, 6, 9, 12, 8, 6, 5, 1, 4, 8, 8, 13, 1, 12, 9, 4, 8, 4, 6, 3, 2, 4, 8, 8, 7, 8, 13, 3, 11, 9, 1, 9, 4, 8, 13, 5, 2, 4, 4, 9, 5, 2, 11, 12, 0, 11, 2, 8, 8, 4, 6, 12, 3, 10, 5, 3, 6, 1, 2, 8], [3, 3, 9, 3, 7, 6, 9, 5, 3, 8, 11, 4, 3, 4, 11, 3, 10, 10, 12, 8, 9, 5, 11, 5, 12, 1, 9, 3, 7, 8, 9, 9, 9, 4, 4, 1, 7, 10, 6, 12, 10, 4, 3, 2, 12, 1, 8, 8, 8, 9, 9, 9, 9, 9, 3, 4, 7, 8, 1, 9, 9, 4, 12, 9, 10, 5, 2, 10, 13, 6, 8, 9, 10, 8, 3, 1, 11, 0, 13, 7, 10, 9, 4, 1, 8, 4, 6, 10, 5, 11, 10, 7], [15, 15, 9, 11, 9, 7, 6, 8, 12, 10, 2, 10, 13, 12, 2, 11, 6, 11, 1, 6, 11, 7, 2, 8, 1, 14, 9, 9, 10, 11, 6, 9, 11, 8, 11, 14, 9, 6, 7, 1, 6, 10, 11, 15, 1, 14, 11, 5, 11, 4, 9, 6, 5, 5, 11, 10, 10, 11, 15, 6, 11, 12, 2, 12, 6, 11, 16, 5, 0, 6, 6, 9, 5, 5, 12, 14, 2, 13, 0, 9, 11, 7, 8, 14, 6, 11, 7, 5, 8, 1, 5, 9], [11, 11, 1, 4, 0, 5, 8, 5, 9, 11, 7, 2, 5, 4, 7, 4, 2, 13, 7, 8, 12, 5, 8, 4, 7, 8, 2, 5, 11, 11, 3, 2, 13, 4, 9, 8, 0, 3, 5, 9, 10, 8, 8, 9, 9, 9, 12, 3, 12, 4, 11, 10, 8, 3, 8, 3, 11, 12, 8, 9, 3, 10, 9, 13, 10, 9, 9, 4, 9, 5, 3, 1, 3, 7, 5, 9, 8, 7, 9, 0, 13, 10, 5, 9, 8, 4, 4, 10, 3, 7, 9, 0], [8, 8, 14, 11, 13, 7, 5, 8, 6, 1, 9, 12, 12, 12, 9, 11, 13, 0, 11, 5, 0, 8, 9, 9, 11, 11, 15, 8, 2, 1, 12, 15, 0, 9, 5, 10, 13, 13, 8, 9, 4, 6, 6, 12, 9, 10, 1, 10, 1, 11, 1, 4, 6, 11, 6, 11, 2, 1, 11, 5, 16, 5, 9, 0, 4, 4, 12, 12, 11, 7, 10, 14, 12, 6, 12, 9, 8, 10, 11, 13, 0, 4, 8, 9, 5, 12, 8, 5, 9, 10, 6, 12], [9, 9, 11, 9, 10, 4, 1, 5, 6, 3, 4, 9, 11, 10, 5, 9, 9, 4, 7, 1, 3, 5, 4, 6, 7, 11, 11, 6, 3, 4, 8, 11, 4, 6, 5, 10, 10, 9, 5, 5, 0, 5, 5, 11, 5, 10, 4, 6, 4, 7, 2, 0, 2, 7, 5, 9, 3, 4, 11, 1, 13, 6, 5, 4, 0, 4, 12, 8, 7, 4, 7, 11, 9, 2, 10, 9, 4, 9, 7, 10, 4, 0, 6, 10, 1, 10, 5, 1, 6, 6, 2, 9], [7, 7, 6, 3, 5, 1, 5, 0, 4, 6, 6, 3, 5, 4, 6, 3, 6, 8, 8, 4, 7, 1, 6, 0, 7, 5, 7, 0, 6, 7, 5, 7, 8, 0, 4, 5, 4, 6, 1, 7, 6, 3, 3, 7, 8, 5, 7, 4, 7, 5, 7, 6, 5, 5, 3, 3, 6, 7, 6, 6, 8, 5, 7, 8, 6, 4, 7, 6, 9, 2, 3, 6, 6, 4, 4, 5, 6, 4, 8, 5, 8, 6, 0, 5, 5, 4, 1, 6, 1, 7, 6, 4], [2, 2, 10, 4, 9, 7, 9, 6, 3, 8, 12, 6, 4, 5, 12, 4, 11, 9, 13, 9, 9, 6, 12, 6, 13, 1, 11, 4, 7, 8, 11, 11, 9, 6, 4, 1, 8, 11, 7, 13, 10, 4, 4, 2, 13, 0, 7, 9, 8, 10, 9, 10, 10, 10, 4, 6, 7, 8, 2, 10, 11, 4, 13, 9, 10, 5, 2, 11, 14, 7, 9, 10, 11, 9, 4, 0, 12, 1, 14, 9, 9, 10, 5, 0, 9, 5, 7, 11, 6, 12, 11, 8], [9, 9, 10, 8, 9, 3, 0, 4, 6, 4, 3, 8, 10, 9, 3, 8, 8, 6, 6, 0, 5, 4, 3, 5, 6, 10, 10, 5, 4, 5, 7, 10, 6, 5, 6, 10, 9, 8, 3, 4, 1, 5, 5, 11, 4, 9, 5, 5, 5, 5, 3, 1, 0, 6, 5, 8, 4, 5, 10, 0, 11, 6, 4, 6, 1, 5, 11, 7, 6, 3, 5, 10, 7, 1, 9, 9, 3, 8, 6, 8, 5, 1, 5, 9, 0, 9, 4, 1, 5, 4, 1, 8], [7, 7, 5, 0, 3, 5, 9, 4, 6, 10, 9, 1, 1, 0, 9, 0, 6, 12, 10, 8, 11, 4, 10, 3, 10, 4, 5, 4, 10, 10, 6, 5, 12, 3, 7, 4, 3, 6, 5, 11, 10, 6, 5, 5, 11, 5, 10, 6, 10, 7, 11, 10, 9, 6, 6, 1, 9, 11, 4, 10, 5, 7, 11, 12, 10, 7, 5, 7, 12, 6, 5, 5, 7, 8, 1, 5, 10, 4, 11, 4, 12, 10, 4, 5, 9, 0, 5, 10, 3, 9, 10, 3], [8, 8, 6, 4, 5, 0, 4, 0, 5, 6, 5, 4, 6, 5, 4, 4, 5, 8, 6, 3, 7, 0, 5, 1, 6, 7, 6, 2, 6, 7, 4, 6, 8, 1, 5, 7, 5, 5, 0, 6, 5, 4, 4, 8, 6, 7, 7, 2, 7, 4, 7, 5, 4, 3, 4, 4, 6, 7, 7, 5, 8, 6, 6, 8, 5, 5, 8, 5, 7, 0, 2, 6, 5, 3, 5, 7, 5, 6, 7, 4, 8, 5, 1, 7, 4, 5, 0, 5, 1, 5, 5, 4], [11, 11, 11, 10, 11, 5, 1, 6, 8, 5, 3, 10, 11, 11, 4, 10, 9, 6, 6, 2, 5, 6, 3, 7, 6, 12, 11, 7, 5, 5, 8, 11, 6, 7, 7, 12, 10, 9, 5, 3, 0, 7, 7, 13, 3, 11, 6, 6, 5, 7, 3, 1, 1, 7, 7, 10, 5, 5, 12, 0, 13, 7, 3, 6, 1, 6, 13, 8, 5, 4, 7, 11, 8, 2, 11, 11, 3, 10, 5, 10, 5, 1, 6, 11, 1, 10, 5, 0, 7, 5, 1, 10], [7, 7, 5, 2, 4, 2, 5, 1, 5, 7, 6, 2, 4, 4, 6, 3, 5, 9, 7, 5, 8, 1, 6, 0, 7, 6, 6, 1, 7, 8, 4, 6, 9, 0, 5, 6, 3, 5, 1, 7, 7, 4, 4, 7, 8, 6, 8, 3, 8, 4, 8, 6, 5, 4, 4, 2, 7, 8, 6, 6, 7, 6, 7, 9, 7, 5, 7, 5, 8, 2, 3, 5, 5, 4, 4, 6, 6, 5, 8, 3, 9, 6, 1, 6, 5, 3, 1, 7, 0, 6, 6, 3], [13, 13, 8, 9, 8, 5, 5, 6, 10, 9, 1, 8, 11, 10, 1, 9, 5, 11, 1, 4, 10, 6, 1, 6, 1, 12, 8, 7, 9, 10, 4, 8, 11, 7, 10, 12, 8, 5, 5, 2, 5, 9, 9, 14, 2, 12, 10, 3, 10, 3, 8, 5, 4, 3, 9, 8, 9, 10, 13, 5, 10, 10, 2, 11, 6, 9, 14, 3, 2, 5, 4, 8, 4, 4, 11, 12, 1, 11, 1, 7, 10, 6, 7, 12, 4, 9, 5, 5, 6, 0, 4, 7], [11, 11, 10, 9, 10, 4, 1, 5, 8, 5, 2, 9, 11, 10, 3, 9, 8, 6, 5, 1, 6, 5, 2, 6, 5, 11, 10, 6, 5, 6, 7, 10, 6, 6, 7, 11, 9, 8, 4, 3, 1, 6, 7, 12, 3, 11, 6, 5, 6, 5, 4, 1, 0, 6, 7, 9, 5, 6, 12, 0, 12, 7, 2, 6, 1, 6, 12, 7, 4, 4, 6, 10, 7, 2, 11, 11, 2, 10, 5, 9, 6, 2, 6, 11, 1, 10, 5, 1, 6, 4, 0, 9], [10, 10, 2, 3, 0, 5, 8, 4, 8, 11, 7, 2, 4, 3, 7, 3, 3, 13, 8, 8, 12, 4, 8, 3, 8, 7, 2, 5, 10, 11, 3, 2, 13, 3, 8, 7, 0, 3, 4, 9, 10, 7, 7, 8, 9, 8, 11, 3, 11, 4, 11, 9, 8, 3, 7, 2, 10, 12, 7, 9, 3, 9, 9, 12, 10, 9, 8, 4, 9, 5, 3, 2, 4, 7, 4, 8, 8, 7, 9, 0, 12, 9, 4, 8, 8, 3, 4, 10, 3, 7, 9, 0]]
