40 692.62 0 1680 1 1680
[529.63, 9242.9, 5250.3, 575.25, 2949.46, 5170.01, 9491.95, 7428.31, 1631.87, 4966.9, 2923.35, 627.78, 7151.49, 562.54, 559.35, 6056.92, 5287.47, 8560.62, 7083.1, 2602.17, 6387.96, 6392.72, 6153.41, 6289.75, 4893.3, 4183.18, 4918.69, 6059.96, 4052.03, 2781.23, 9698.08, 1919.72, 9613.32, 1615.35, 4923.41, 7113.19, 6194.1, 1364.31, 5092.92, 372.5]
[3240.9, 2932.83, 3330.79, 2440.09, 7727.6, 6309.48, 5691.81, 4085.1, 7295.04, 3133.16, 5579.13, 6284.07, 2027.38, 6157.52, 7670.04, 2506.82, 4108.84, 7057.97, 3241.07, 7947.15, 2669.81, 6493.73, 6111.1, 5326.33, 2947.02, 7121.05, 7834.2, 4452.93, 4225.66, 5135.11, 6034.6, 3579.04, 6016.49, 2121.32, 2052.9, 4979.35, 6376.02, 5056.97, 2352.39, 4106.71]
[1, 9, 5, 1, 3, 5, 9, 7, 2, 5, 3, 1, 7, 1, 1, 6, 5, 8, 7, 3, 6, 6, 6, 6, 5, 4, 5, 6, 4, 3, 9, 2, 9, 2, 5, 7, 6, 2, 5, 1]
[1, 2, 3, 4, 5, 6, 7, 8, 9, 10, 11, 12, 13, 14, 15, 16, 17, 18, 19, 20, 21, 22, 23, 24, 25, 26, 27, 28, 29, 30, 31, 32, 33, 34, 35, 36, 37, 38, 39, 40]
[2, 3, 1, 2, 1, 1, 3, 2, 1, 1, 1, 2, 2, 2, 2, 1, 1, 2, 2, 1, 1, 1, 1, 1, 1, 1, 1, 1, 1, 1, 3, 1, 3, 1, 1, 2, 1, 1, 1, 2]
[1, 1, 3, 1, 3, 3, 1, 1, 1, 3, 3, 1, 1, 1, 1, 3, 3, 3, 1, 3, 3, 3, 3, 3, 3, 1, 3, 3, 1, 3, 1, 1, 1, 1, 3, 1, 3, 1, 3, 1]
[5, 3, 8, 1, 6, 7, 5, 9, 9, 9, 8, 2, 10, 2, 8, 5, 5, 10, 2, 7, 5, 10, 1, 4, 4, 3, 4, 1, 2, 2, 8, 6, 8, 9, 7, 1, 7, 4, 8, 10]
[3310.1, 2311.38, 1535.8, 3931.84, 1967.91, 2088.38, 3683.19, 1508.6, 3838.38, 3678.55, 1411.26, 4105.41, 3666.08, 4146.18, 1563.1, 4047.04, 3703.19, 3210.86, 4076.59, 2257.14, 3689.74, 2512.17, 3950.88, 2115.09, 1730.85, 2032.4, 2043.51, 3228.76, 4046.43, 4002.04, 1476.45, 4069.95, 1346.93, 3680.1, 1662.03, 3575.01, 2243.23, 2069.1, 1642.16, 1333.36]
[0.83, 0.76, 0.41, 0.64, 0.8, 0.08, 0.88, 0.8, 0.51, 0.83, 0.68, 0.79, 0.44, 0.19, 0.58, 0.85, 0.87, 0.43, 0.58, 0.16, 0.88, 0.41, 0.6, 0.64, 0.41, 0.77, 0.97, 0.47, 0.61, 0.66, 0.8, 0.74, 0.68, 0.36, 0.06, 0.64, 0.15, 0.53, 0.58, 0.44]
[0.95, 0.87, 0.74, 0.59, 0.8, 0.77, 0.51, 0.75, 1.07, 0.64, 0.75, 0.53, 0.84, 0.8, 0.85, 0.76, 0.74, 1.04, 0.94, 0.8, 0.73, 0.65, 0.93, 0.92, 0.73, 0.77, 0.68, 0.96, 0.86, 1.07, 0.59, 0.59, 0.72, 0.55, 0.95, 0.8, 0.73, 0.91, 0.71, 0.97]
[0.53, 0.93, 0.51, 0.88, 0.77, 0.85, 1.1, 0.98, 1.01, 0.68, 0.75, 0.51, 1.0, 1.04, 0.64, 0.67, 0.8, 1.04, 0.56, 1.03, 1.09, 0.55, 0.72, 0.83, 0.94, 0.81, 0.61, 0.86, 0.56, 1.06, 0.87, 0.55, 0.99, 0.78, 0.97, 1.05, 0.76, 0.97, 0.8, 1.03]
[0.84, 1.06, 0.67, 0.58, 1.02, 1.1, 0.54, 0.91, 0.51, 0.92, 0.56, 0.58, 0.62, 0.64, 0.58, 0.53, 0.84, 1.03, 0.93, 0.62, 0.57, 0.56, 0.52, 1.06, 0.91, 0.94, 0.82, 0.84, 0.98, 0.76, 0.6, 0.96, 0.55, 0.63, 0.9, 1.06, 0.86, 0.84, 0.88, 0.57]
[0.86, 0.61, 0.93, 1.05, 1.0, 1.1, 0.69, 0.95, 1.04, 1.08, 0.61, 1.07, 1.04, 0.59, 0.66, 1.0, 1.05, 0.81, 0.66, 0.89, 1.03, 0.93, 0.95, 1.01, 0.94, 1.0, 0.63, 1.06, 1.03, 1.09, 0.9, 0.77, 0.77, 0.88, 0.79, 0.9, 0.77, 0.92, 1.03, 0.71]
[1.06, 0.74, 0.89, 0.84, 0.58, 0.99, 0.67, 0.66, 0.69, 1.02, 0.55, 0.92, 0.59, 1.0, 0.9, 0.69, 0.81, 0.99, 1.03, 1.09, 0.96, 0.67, 0.85, 1.07, 0.69, 0.87, 0.97, 0.98, 0.83, 0.82, 1.03, 0.6, 1.09, 0.69, 0.52, 0.74, 0.77, 1.06, 0.97, 0.79]
[0.38, 0.39, 0.21, 0.27, 0.36, 0.78, 0.14, 0.42, 0.39, 0.44, 0.1, 0.16, 0.32, 0.31, 0.19, 0.19, 0.42, 0.9, 0.33, 0.49, 0.45, 0.12, 0.28, 0.87, 0.41, 0.5, 0.21, 0.72, 0.41, 0.77, 0.28, 0.14, 0.33, 0.16, 0.34, 0.59, 0.28, 0.72, 0.5, 0.32]
[346.23, 924.6, 246.5, 1934.44, 495.87, 1111.45, 521.36, 519.57, 572.9, 591.11, 538.99, 176.3, 731.61, 88.01, 199.87, 340.86, 645.37, 946.68, 230.17, 1356.1, 598.24, 754.68, 1917.2, 173.47, 173.13, 967.01, 423.66, 1764.66, 244.82, 223.81, 338.69, 711.33, 314.74, 560.83, 1161.89, 1914.2, 1343.34, 477.75, 290.47, 1112.65]
[137.9, 367.48, 53.7, 558.69, 172.3, 852.99, 60.97, 201.74, 232.42, 265.98, 57.62, 31.27, 250.02, 26.13, 34.48, 65.58, 280.63, 856.44, 74.49, 646.42, 276.28, 111.15, 551.16, 149.6, 69.63, 479.07, 91.01, 1248.24, 97.18, 165.63, 100.76, 103.5, 116.43, 97.28, 408.26, 1137.49, 383.87, 335.27, 138.76, 330.13]
[1231.17, 4123.02, 732.51, 9172.19, 1979.33, 5057.24, 2106.78, 2097.84, 2364.52, 2455.54, 2194.94, 381.51, 3158.06, -59.93, 499.35, 1204.28, 2726.84, 4233.41, 650.83, 6280.52, 2491.2, 3273.39, 9086.01, 367.33, 365.64, 4335.04, 1618.31, 8323.32, 724.08, 619.04, 1193.43, 3056.65, 1073.7, 2304.17, 5309.47, 9071.01, 6216.68, 1888.74, 952.34, 5063.27]
[189.5, 1337.39, -231.5, 2293.44, 361.52, 3764.96, -195.17, 508.7, 662.12, 829.89, -211.88, -343.66, 750.11, -369.34, -327.59, -172.09, 903.14, 3782.19, -127.57, 2732.1, 881.39, 55.76, 2255.81, 248.0, -151.85, 1895.35, -44.95, 5741.2, -14.1, 328.16, 3.78, 17.51, 82.16, -13.62, 1541.28, 5187.46, 1419.34, 1176.36, 193.8, 1150.64]
[99.3, 92.46, 30.72, 117.96, 39.36, 41.77, 147.33, 45.26, 76.77, 73.57, 28.23, 123.16, 109.98, 124.39, 46.89, 80.94, 74.06, 96.33, 122.3, 45.14, 73.79, 50.24, 79.02, 42.3, 34.62, 40.65, 40.87, 64.58, 80.93, 80.04, 59.06, 81.4, 53.88, 73.6, 33.24, 107.25, 44.86, 41.38, 32.84, 40.0]
[132, 138, 30, 157, 39, 41, 220, 60, 76, 73, 28, 164, 146, 165, 62, 80, 74, 128, 163, 45, 73, 50, 79, 42, 34, 40, 40, 64, 80, 80, 88, 81, 80, 73, 33, 143, 44, 41, 32, 53]
[1252, 97, 1406, 1628, 861, 840, 390, 777, 1555, 523, 999, 737, 278, 441, 1564, 345, 171, 1653, 1101, 851, 1121, 840, 679, 282, 187, 177, 845, 704, 1662, 549, 199, 271, 854, 1172, 1635, 1537, 1098, 280, 542, 891]
[1680, 742, 1680, 1680, 1680, 1680, 876, 1502, 1680, 1407, 1405, 1302, 1680, 688, 1680, 1388, 816, 1680, 1680, 1019, 1680, 1680, 926, 1643, 1628, 822, 1680, 1269, 1680, 1671, 605, 1473, 1340, 1419, 1680, 1680, 1680, 1680, 789, 1680]
10
[0.0, 0.0, 0.0, 0.0, 0.0, 0.0, 0.0, 0.0, 0.0, 0.0]
[10000.0, 10000.0, 0.0, 10000.0, 10000.0, 0.0, 10000.0, 0.0, 0.0, 0.0]
[[0.0, 0.0, 144.0, 0.0, 0.0, 144.0, 0.0, 144.0, 144.0, 144.0, 98.0, 168.0, 123.0, 109.0, 54.0, 92.0, 150.0, 137.0, 46.0, 122.0, 77.0, 54.0, 155.0, 56.0, 35.0, 139.0, 114.0, 131.0, 141.0, 48.0, 140.0, 105.0, 105.0, 113.0, 124.0, 73.0, 78.0, 119.0, 102.0, 81.0, 151.0, 97.0, 150.0, 116.0, 135.0, 126.0, 104.0, 74.0, 133.0, 85.0], [0.0, 0.0, 144.0, 0.0, 0.0, 144.0, 0.0, 144.0, 144.0, 144.0, 98.0, 168.0, 123.0, 109.0, 54.0, 92.0, 150.0, 137.0, 46.0, 122.0, 77.0, 54.0, 155.0, 56.0, 35.0, 139.0, 114.0, 131.0, 141.0, 48.0, 140.0, 105.0, 105.0, 113.0, 124.0, 73.0, 78.0, 119.0, 102.0, 81.0, 151.0, 97.0, 150.0, 116.0, 135.0, 126.0, 104.0, 74.0, 133.0, 85.0], [144.0, 144.0, 0.0, 144.0, 144.0, 0.0, 144.0, 0.0, 0.0, 0.0, 47.0, 140.0, 90.0, 36.0, 119.0, 118.0, 160.0, 122.0, 108.0, 85.0, 91.0, 91.0, 107.0, 89.0, 111.0, 95.0, 97.0, 160.0, 112.0, 121.0, 100.0, 132.0, 125.0, 119.0, 82.0, 119.0, 134.0, 109.0, 85.0, 84.0, 165.0, 59.0, 164.0, 38.0, 77.0, 125.0, 128.0, 76.0, 81.0, 60.0], [0.0, 0.0, 144.0, 0.0, 0.0, 144.0, 0.0, 144.0, 144.0, 144.0, 98.0, 168.0, 123.0, 109.0, 54.0, 92.0, 150.0, 137.0, 46.0, 122.0, 77.0, 54.0, 155.0, 56.0, 35.0, 139.0, 114.0, 131.0, 141.0, 48.0, 140.0, 105.0, 105.0, 113.0, 124.0, 73.0, 78.0, 119.0, 102.0, 81.0, 151.0, 97.0, 150.0, 116.0, 135.0, 126.0, 104.0, 74.0, 133.0, 85.0], [0.0, 0.0, 144.0, 0.0, 0.0, 144.0, 0.0, 144.0, 144.0, 144.0, 98.0, 168.0, 123.0, 109.0, 54.0, 92.0, 150.0, 137.0, 46.0, 122.0, 77.0, 54.0, 155.0, 56.0, 35.0, 139.0, 114.0, 131.0, 141.0, 48.0, 140.0, 105.0, 105.0, 113.0, 124.0, 73.0, 78.0, 119.0, 102.0, 81.0, 151.0, 97.0, 150.0, 116.0, 135.0, 126.0, 104.0, 74.0, 133.0, 85.0], [144.0, 144.0, 0.0, 144.0, 144.0, 0.0, 144.0, 0.0, 0.0, 0.0, 47.0, 140.0, 90.0, 36.0, 119.0, 118.0, 160.0, 122.0, 108.0, 85.0, 91.0, 91.0, 107.0, 89.0, 111.0, 95.0, 97.0, 160.0, 112.0, 121.0, 100.0, 132.0, 125.0, 119.0, 82.0, 119.0, 134.0, 109.0, 85.0, 84.0, 165.0, 59.0, 164.0, 38.0, 77.0, 125.0, 128.0, 76.0, 81.0, 60.0], [0.0, 0.0, 144.0, 0.0, 0.0, 144.0, 0.0, 144.0, 144.0, 144.0, 98.0, 168.0, 123.0, 109.0, 54.0, 92.0, 150.0, 137.0, 46.0, 122.0, 77.0, 54.0, 155.0, 56.0, 35.0, 139.0, 114.0, 131.0, 141.0, 48.0, 140.0, 105.0, 105.0, 113.0, 124.0, 73.0, 78.0, 119.0, 102.0, 81.0, 151.0, 97.0, 150.0, 116.0, 135.0, 126.0, 104.0, 74.0, 133.0, 85.0], [144.0, 144.0, 0.0, 144.0, 144.0, 0.0, 144.0, 0.0, 0.0, 0.0, 47.0, 140.0, 90.0, 36.0, 119.0, 118.0, 160.0, 122.0, 108.0, 85.0, 91.0, 91.0, 107.0, 89.0, 111.0, 95.0, 97.0, 160.0, 112.0, 121.0, 100.0, 132.0, 125.0, 119.0, 82.0, 119.0, 134.0, 109.0, 85.0, 84.0, 165.0, 59.0, 164.0, 38.0, 77.0, 125.0, 128.0, 76.0, 81.0, 60.0], [144.0, 144.0, 0.0, 144.0, 144.0, 0.0, 144.0, 0.0, 0.0, 0.0, 47.0, 140.0, 90.0, 36.0, 119.0, 118.0, 160.0, 122.0, 108.0, 85.0, 91.0, 91.0, 107.0, 89.0, 111.0, 95.0, 97.0, 160.0, 112.0, 121.0, 100.0, 132.0, 125.0, 119.0, 82.0, 119.0, 134.0, 109.0, 85.0, 84.0, 165.0, 59.0, 164.0, 38.0, 77.0, 125.0, 128.0, 76.0, 81.0, 60.0], [144.0, 144.0, 0.0, 144.0, 144.0, 0.0, 144.0, 0.0, 0.0, 0.0, 47.0, 140.0, 90.0, 36.0, 119.0, 118.0, 160.0, 122.0, 108.0, 85.0, 91.0, 91.0, 107.0, 89.0, 111.0, 95.0, 97.0, 160.0, 112.0, 121.0, 100.0, 132.0, 125.0, 119.0, 82.0, 119.0, 134.0, 109.0, 85.0, 84.0, 165.0, 59.0, 164.0, 38.0, 77.0, 125.0, 128.0, 76.0, 81.0, 60.0], [98.0, 98.0, 47.0, 98.0, 98.0, 47.0, 98.0, 47.0, 47.0, 47.0, 0.0, 126.0, 68.0, 12.0, 74.0, 80.0, 134.0, 100.0, 61.0, 64.0, 48.0, 44.0, 97.0, 42.0, 64.0, 80.0, 70.0, 128.0, 95.0, 74.0, 85.0, 97.0, 91.0, 88.0, 63.0, 77.0, 92.0, 82.0, 53.0, 42.0, 138.0, 21.0, 137.0, 23.0, 66.0, 98.0, 93.0, 29.0, 67.0, 13.0], [168.0, 168.0, 140.0, 168.0, 168.0, 140.0, 168.0, 140.0, 140.0, 140.0, 126.0, 0.0, 58.0, 125.0, 114.0, 76.0, 40.0, 31.0, 127.0, 62.0, 99.0, 133.0, 33.0, 134.0, 143.0, 46.0, 60.0, 60.0, 31.0, 120.0, 41.0, 66.0, 64.0, 55.0, 63.0, 95.0, 94.0, 51.0, 77.0, 99.0, 45.0, 106.0, 45.0, 111.0, 64.0, 43.0, 66.0, 118.0, 61.0, 129.0], [123.0, 123.0, 90.0, 123.0, 123.0, 90.0, 123.0, 90.0, 90.0, 90.0, 68.0, 58.0, 0.0, 69.0, 72.0, 43.0, 70.0, 33.0, 77.0, 5.0, 47.0, 79.0, 33.0, 79.0, 92.0, 17.0, 11.0, 72.0, 26.0, 77.0, 19.0, 49.0, 42.0, 32.0, 8.0, 57.0, 65.0, 20.0, 22.0, 44.0, 75.0, 48.0, 74.0, 55.0, 19.0, 36.0, 46.0, 61.0, 14.0, 71.0], [109.0, 109.0, 36.0, 109.0, 109.0, 36.0, 109.0, 36.0, 36.0, 36.0, 12.0, 125.0, 69.0, 0.0, 84.0, 87.0, 137.0, 102.0, 72.0, 64.0, 57.0, 56.0, 95.0, 54.0, 76.0, 79.0, 72.0, 133.0, 95.0, 85.0, 84.0, 102.0, 96.0, 92.0, 63.0, 85.0, 100.0, 84.0, 56.0, 50.0, 142.0, 25.0, 140.0, 16.0, 63.0, 101.0, 99.0, 39.0, 65.0, 24.0], [54.0, 54.0, 119.0, 54.0, 54.0, 119.0, 54.0, 119.0, 119.0, 119.0, 74.0, 114.0, 72.0, 84.0, 0.0, 38.0, 99.0, 83.0, 20.0, 72.0, 31.0, 39.0, 102.0, 41.0, 35.0, 88.0, 62.0, 82.0, 88.0, 6.0, 88.0, 53.0, 52.0, 59.0, 75.0, 20.0, 28.0, 65.0, 53.0, 37.0, 100.0, 62.0, 99.0, 83.0, 87.0, 72.0, 51.0, 45.0, 84.0, 64.0], [92.0, 92.0, 118.0, 92.0, 92.0, 118.0, 92.0, 118.0, 118.0, 118.0, 80.0, 76.0, 43.0, 87.0, 38.0, 0.0, 63.0, 46.0, 53.0, 46.0, 34.0, 66.0, 68.0, 67.0, 69.0, 56.0, 32.0, 50.0, 52.0, 44.0, 55.0, 18.0, 14.0, 22.0, 49.0, 18.0, 22.0, 30.0, 34.0, 38.0, 65.0, 61.0, 64.0, 79.0, 62.0, 34.0, 15.0, 58.0, 57.0, 76.0], [150.0, 150.0, 160.0, 150.0, 150.0, 160.0, 150.0, 160.0, 160.0, 160.0, 134.0, 40.0, 70.0, 137.0, 99.0, 63.0, 0.0, 38.0, 116.0, 75.0, 95.0, 128.0, 63.0, 129.0, 132.0, 68.0, 65.0, 24.0, 50.0, 105.0, 63.0, 46.0, 49.0, 47.0, 77.0, 79.0, 73.0, 53.0, 81.0, 97.0, 6.0, 114.0, 5.0, 125.0, 84.0, 36.0, 49.0, 118.0, 80.0, 134.0], [137.0, 137.0, 122.0, 137.0, 137.0, 122.0, 137.0, 122.0, 122.0, 122.0, 100.0, 31.0, 33.0, 102.0, 83.0, 46.0, 38.0, 0.0, 96.0, 38.0, 69.0, 103.0, 30.0, 104.0, 112.0, 30.0, 31.0, 46.0, 13.0, 89.0, 25.0, 38.0, 35.0, 24.0, 40.0, 64.0, 65.0, 20.0, 49.0, 69.0, 43.0, 80.0, 42.0, 89.0, 47.0, 14.0, 38.0, 89.0, 42.0, 102.0], [46.0, 46.0, 108.0, 46.0, 46.0, 108.0, 46.0, 108.0, 108.0, 108.0, 61.0, 127.0, 77.0, 72.0, 20.0, 53.0, 116.0, 96.0, 0.0, 77.0, 31.0, 21.0, 110.0, 23.0, 16.0, 94.0, 70.0, 100.0, 98.0, 17.0, 96.0, 70.0, 67.0, 73.0, 78.0, 37.0, 48.0, 76.0, 56.0, 35.0, 118.0, 54.0, 117.0, 75.0, 89.0, 86.0, 67.0, 33.0, 87.0, 49.0], [122.0, 122.0, 85.0, 122.0, 122.0, 85.0, 122.0, 85.0, 85.0, 85.0, 64.0, 62.0, 5.0, 64.0, 72.0, 46.0, 75.0, 38.0, 77.0, 0.0, 46.0, 77.0, 35.0, 77.0, 91.0, 18.0, 15.0, 77.0, 31.0, 77.0, 22.0, 53.0, 46.0, 37.0, 3.0, 59.0, 68.0, 25.0, 21.0, 43.0, 80.0, 44.0, 79.0, 51.0, 16.0, 41.0, 50.0, 59.0, 11.0, 68.0], [77.0, 77.0, 91.0, 77.0, 77.0, 91.0, 77.0, 91.0, 91.0, 91.0, 48.0, 99.0, 47.0, 57.0, 31.0, 34.0, 95.0, 69.0, 31.0, 46.0, 0.0, 35.0, 80.0, 35.0, 46.0, 63.0, 40.0, 84.0, 69.0, 34.0, 65.0, 52.0, 47.0, 49.0, 47.0, 29.0, 43.0, 48.0, 25.0, 7.0, 98.0, 32.0, 97.0, 53.0, 59.0, 61.0, 49.0, 24.0, 56.0, 43.0], [54.0, 54.0, 91.0, 54.0, 54.0, 91.0, 54.0, 91.0, 91.0, 91.0, 44.0, 133.0, 79.0, 56.0, 39.0, 66.0, 128.0, 103.0, 21.0, 77.0, 35.0, 0.0, 112.0, 2.0, 20.0, 95.0, 74.0, 115.0, 103.0, 37.0, 98.0, 83.0, 80.0, 83.0, 78.0, 53.0, 66.0, 83.0, 58.0, 35.0, 131.0, 43.0, 130.0, 62.0, 87.0, 96.0, 80.0, 21.0, 86.0, 32.0], [155.0, 155.0, 107.0, 155.0, 155.0, 107.0, 155.0, 107.0, 107.0, 107.0, 97.0, 33.0, 33.0, 95.0, 102.0, 68.0, 63.0, 30.0, 110.0, 35.0, 80.0, 112.0, 0.0, 112.0, 125.0, 17.0, 40.0, 75.0, 18.0, 108.0, 14.0, 65.0, 61.0, 49.0, 35.0, 85.0, 90.0, 38.0, 55.0, 77.0, 69.0, 79.0, 68.0, 80.0, 32.0, 43.0, 64.0, 94.0, 30.0, 102.0], [56.0, 56.0, 89.0, 56.0, 56.0, 89.0, 56.0, 89.0, 89.0, 89.0, 42.0, 134.0, 79.0, 54.0, 41.0, 67.0, 129.0, 104.0, 23.0, 77.0, 35.0, 2.0, 112.0, 0.0, 22.0, 95.0, 74.0, 116.0, 103.0, 39.0, 98.0, 84.0, 81.0, 84.0, 78.0, 54.0, 67.0, 83.0, 58.0, 35.0, 132.0, 42.0, 131.0, 60.0, 86.0, 96.0, 81.0, 20.0, 85.0, 30.0], [35.0, 35.0, 111.0, 35.0, 35.0, 111.0, 35.0, 111.0, 111.0, 111.0, 64.0, 143.0, 92.0, 76.0, 35.0, 69.0, 132.0, 112.0, 16.0, 91.0, 46.0, 20.0, 125.0, 22.0, 0.0, 109.0, 85.0, 116.0, 114.0, 30.0, 111.0, 86.0, 84.0, 89.0, 93.0, 53.0, 63.0, 92.0, 71.0, 49.0, 134.0, 62.0, 133.0, 82.0, 103.0, 102.0, 83.0, 39.0, 101.0, 52.0], [139.0, 139.0, 95.0, 139.0, 139.0, 95.0, 139.0, 95.0, 95.0, 95.0, 80.0, 46.0, 17.0, 79.0, 88.0, 56.0, 68.0, 30.0, 94.0, 18.0, 63.0, 95.0, 17.0, 95.0, 109.0, 0.0, 26.0, 75.0, 18.0, 93.0, 5.0, 58.0, 52.0, 41.0, 18.0, 72.0, 79.0, 28.0, 38.0, 61.0, 73.0, 62.0, 72.0, 64.0, 18.0, 39.0, 56.0, 77.0, 14.0, 85.0], [114.0, 114.0, 97.0, 114.0, 114.0, 97.0, 114.0, 97.0, 97.0, 97.0, 70.0, 60.0, 11.0, 72.0, 62.0, 32.0, 65.0, 31.0, 70.0, 15.0, 40.0, 74.0, 40.0, 74.0, 85.0, 26.0, 0.0, 64.0, 29.0, 68.0, 26.0, 38.0, 31.0, 23.0, 18.0, 46.0, 54.0, 12.0, 18.0, 39.0, 69.0, 49.0, 68.0, 60.0, 30.0, 29.0, 35.0, 58.0, 26.0, 71.0], [131.0, 131.0, 160.0, 131.0, 131.0, 160.0, 131.0, 160.0, 160.0, 160.0, 128.0, 60.0, 72.0, 133.0, 82.0, 50.0, 24.0, 46.0, 100.0, 77.0, 84.0, 115.0, 75.0, 116.0, 116.0, 75.0, 64.0, 0.0, 59.0, 87.0, 71.0, 32.0, 37.0, 41.0, 80.0, 63.0, 54.0, 52.0, 77.0, 88.0, 22.0, 108.0, 21.0, 123.0, 89.0, 37.0, 36.0, 108.0, 84.0, 126.0], [141.0, 141.0, 112.0, 141.0, 141.0, 112.0, 141.0, 112.0, 112.0, 112.0, 95.0, 31.0, 26.0, 95.0, 88.0, 52.0, 50.0, 13.0, 98.0, 31.0, 69.0, 103.0, 18.0, 103.0, 114.0, 18.0, 29.0, 59.0, 0.0, 94.0, 13.0, 48.0, 44.0, 32.0, 32.0, 70.0, 73.0, 23.0, 46.0, 68.0, 55.0, 75.0, 54.0, 81.0, 36.0, 25.0, 47.0, 87.0, 31.0, 98.0], [48.0, 48.0, 121.0, 48.0, 48.0, 121.0, 48.0, 121.0, 121.0, 121.0, 74.0, 120.0, 77.0, 85.0, 6.0, 44.0, 105.0, 89.0, 17.0, 77.0, 34.0, 37.0, 108.0, 39.0, 30.0, 93.0, 68.0, 87.0, 94.0, 0.0, 94.0, 59.0, 58.0, 65.0, 79.0, 26.0, 33.0, 71.0, 58.0, 41.0, 106.0, 64.0, 105.0, 85.0, 91.0, 78.0, 57.0, 45.0, 88.0, 64.0], [140.0, 140.0, 100.0, 140.0, 140.0, 100.0, 140.0, 100.0, 100.0, 100.0, 85.0, 41.0, 19.0, 84.0, 88.0, 55.0, 63.0, 25.0, 96.0, 22.0, 65.0, 98.0, 14.0, 98.0, 111.0, 5.0, 26.0, 71.0, 13.0, 94.0, 0.0, 55.0, 50.0, 38.0, 22.0, 72.0, 78.0, 26.0, 41.0, 63.0, 68.0, 66.0, 67.0, 69.0, 23.0, 35.0, 54.0, 80.0, 19.0, 89.0], [105.0, 105.0, 132.0, 105.0, 105.0, 132.0, 105.0, 132.0, 132.0, 132.0, 97.0, 66.0, 49.0, 102.0, 53.0, 18.0, 46.0, 38.0, 70.0, 53.0, 52.0, 83.0, 65.0, 84.0, 86.0, 58.0, 38.0, 32.0, 48.0, 59.0, 55.0, 0.0, 7.0, 17.0, 56.0, 33.0, 29.0, 30.0, 47.0, 56.0, 48.0, 77.0, 47.0, 94.0, 68.0, 24.0, 3.0, 76.0, 63.0, 94.0], [105.0, 105.0, 125.0, 105.0, 105.0, 125.0, 105.0, 125.0, 125.0, 125.0, 91.0, 64.0, 42.0, 96.0, 52.0, 14.0, 49.0, 35.0, 67.0, 46.0, 47.0, 80.0, 61.0, 81.0, 84.0, 52.0, 31.0, 37.0, 44.0, 58.0, 50.0, 7.0, 0.0, 11.0, 49.0, 32.0, 31.0, 24.0, 41.0, 51.0, 51.0, 71.0, 50.0, 87.0, 61.0, 21.0, 4.0, 71.0, 56.0, 88.0], [113.0, 113.0, 119.0, 113.0, 113.0, 119.0, 113.0, 119.0, 119.0, 119.0, 88.0, 55.0, 32.0, 92.0, 59.0, 22.0, 47.0, 24.0, 73.0, 37.0, 49.0, 83.0, 49.0, 84.0, 89.0, 41.0, 23.0, 41.0, 32.0, 65.0, 38.0, 17.0, 11.0, 0.0, 40.0, 40.0, 41.0, 13.0, 36.0, 51.0, 50.0, 68.0, 49.0, 82.0, 51.0, 13.0, 15.0, 71.0, 46.0, 87.0], [124.0, 124.0, 82.0, 124.0, 124.0, 82.0, 124.0, 82.0, 82.0, 82.0, 63.0, 63.0, 8.0, 63.0, 75.0, 49.0, 77.0, 40.0, 78.0, 3.0, 47.0, 78.0, 35.0, 78.0, 93.0, 18.0, 18.0, 80.0, 32.0, 79.0, 22.0, 56.0, 49.0, 40.0, 0.0, 61.0, 71.0, 27.0, 22.0, 44.0, 82.0, 44.0, 81.0, 49.0, 13.0, 43.0, 53.0, 59.0, 9.0, 67.0], [73.0, 73.0, 119.0, 73.0, 73.0, 119.0, 73.0, 119.0, 119.0, 119.0, 77.0, 95.0, 57.0, 85.0, 20.0, 18.0, 79.0, 64.0, 37.0, 59.0, 29.0, 53.0, 85.0, 54.0, 53.0, 72.0, 46.0, 63.0, 70.0, 26.0, 72.0, 33.0, 32.0, 40.0, 61.0, 0.0, 15.0, 47.0, 42.0, 35.0, 81.0, 61.0, 80.0, 81.0, 74.0, 52.0, 31.0, 50.0, 70.0, 70.0], [78.0, 78.0, 134.0, 78.0, 78.0, 134.0, 78.0, 134.0, 134.0, 134.0, 92.0, 94.0, 65.0, 100.0, 28.0, 22.0, 73.0, 65.0, 48.0, 68.0, 43.0, 66.0, 90.0, 67.0, 63.0, 79.0, 54.0, 54.0, 73.0, 33.0, 78.0, 29.0, 31.0, 41.0, 71.0, 15.0, 0.0, 52.0, 54.0, 50.0, 74.0, 75.0, 73.0, 95.0, 83.0, 52.0, 28.0, 65.0, 79.0, 85.0], [119.0, 119.0, 109.0, 119.0, 119.0, 109.0, 119.0, 109.0, 109.0, 109.0, 82.0, 51.0, 20.0, 84.0, 65.0, 30.0, 53.0, 20.0, 76.0, 25.0, 48.0, 83.0, 38.0, 83.0, 92.0, 28.0, 12.0, 52.0, 23.0, 71.0, 26.0, 30.0, 24.0, 13.0, 27.0, 47.0, 52.0, 0.0, 29.0, 48.0, 57.0, 61.0, 56.0, 72.0, 38.0, 17.0, 28.0, 68.0, 33.0, 82.0], [102.0, 102.0, 85.0, 102.0, 102.0, 85.0, 102.0, 85.0, 85.0, 85.0, 53.0, 77.0, 22.0, 56.0, 53.0, 34.0, 81.0, 49.0, 56.0, 21.0, 25.0, 58.0, 55.0, 58.0, 71.0, 38.0, 18.0, 77.0, 46.0, 58.0, 41.0, 47.0, 41.0, 36.0, 22.0, 42.0, 54.0, 29.0, 0.0, 23.0, 86.0, 32.0, 84.0, 46.0, 34.0, 46.0, 44.0, 41.0, 31.0, 53.0], [81.0, 81.0, 84.0, 81.0, 81.0, 84.0, 81.0, 84.0, 84.0, 84.0, 42.0, 99.0, 44.0, 50.0, 37.0, 38.0, 97.0, 69.0, 35.0, 43.0, 7.0, 35.0, 77.0, 35.0, 49.0, 61.0, 39.0, 88.0, 68.0, 41.0, 63.0, 56.0, 51.0, 51.0, 44.0, 35.0, 50.0, 48.0, 23.0, 0.0, 101.0, 26.0, 99.0, 47.0, 54.0, 63.0, 52.0, 20.0, 52.0, 38.0], [151.0, 151.0, 165.0, 151.0, 151.0, 165.0, 151.0, 165.0, 165.0, 165.0, 138.0, 45.0, 75.0, 142.0, 100.0, 65.0, 6.0, 43.0, 118.0, 80.0, 98.0, 131.0, 69.0, 132.0, 134.0, 73.0, 69.0, 22.0, 55.0, 106.0, 68.0, 48.0, 51.0, 50.0, 82.0, 81.0, 74.0, 57.0, 86.0, 101.0, 0.0, 118.0, 1.0, 130.0, 90.0, 40.0, 51.0, 121.0, 85.0, 137.0], [97.0, 97.0, 59.0, 97.0, 97.0, 59.0, 97.0, 59.0, 59.0, 59.0, 21.0, 106.0, 48.0, 25.0, 62.0, 61.0, 114.0, 80.0, 54.0, 44.0, 32.0, 43.0, 79.0, 42.0, 62.0, 62.0, 49.0, 108.0, 75.0, 64.0, 66.0, 77.0, 71.0, 68.0, 44.0, 61.0, 75.0, 61.0, 32.0, 26.0, 118.0, 0.0, 117.0, 21.0, 49.0, 78.0, 74.0, 23.0, 49.0, 24.0], [150.0, 150.0, 164.0, 150.0, 150.0, 164.0, 150.0, 164.0, 164.0, 164.0, 137.0, 45.0, 74.0, 140.0, 99.0, 64.0, 5.0, 42.0, 117.0, 79.0, 97.0, 130.0, 68.0, 131.0, 133.0, 72.0, 68.0, 21.0, 54.0, 105.0, 67.0, 47.0, 50.0, 49.0, 81.0, 80.0, 73.0, 56.0, 84.0, 99.0, 1.0, 117.0, 0.0, 128.0, 89.0, 39.0, 50.0, 120.0, 84.0, 136.0], [116.0, 116.0, 38.0, 116.0, 116.0, 38.0, 116.0, 38.0, 38.0, 38.0, 23.0, 111.0, 55.0, 16.0, 83.0, 79.0, 125.0, 89.0, 75.0, 51.0, 53.0, 62.0, 80.0, 60.0, 82.0, 64.0, 60.0, 123.0, 81.0, 85.0, 69.0, 94.0, 87.0, 82.0, 49.0, 81.0, 95.0, 72.0, 46.0, 47.0, 130.0, 21.0, 128.0, 0.0, 48.0, 89.0, 90.0, 43.0, 50.0, 34.0], [135.0, 135.0, 77.0, 135.0, 135.0, 77.0, 135.0, 77.0, 77.0, 77.0, 66.0, 64.0, 19.0, 63.0, 87.0, 62.0, 84.0, 47.0, 89.0, 16.0, 59.0, 87.0, 32.0, 86.0, 103.0, 18.0, 30.0, 89.0, 36.0, 91.0, 23.0, 68.0, 61.0, 51.0, 13.0, 74.0, 83.0, 38.0, 34.0, 54.0, 90.0, 49.0, 89.0, 48.0, 0.0, 53.0, 65.0, 67.0, 5.0, 72.0], [126.0, 126.0, 125.0, 126.0, 126.0, 125.0, 126.0, 125.0, 125.0, 125.0, 98.0, 43.0, 36.0, 101.0, 72.0, 34.0, 36.0, 14.0, 86.0, 41.0, 61.0, 96.0, 43.0, 96.0, 102.0, 39.0, 29.0, 37.0, 25.0, 78.0, 35.0, 24.0, 21.0, 13.0, 43.0, 52.0, 52.0, 17.0, 46.0, 63.0, 40.0, 78.0, 39.0, 89.0, 53.0, 0.0, 24.0, 83.0, 48.0, 98.0], [104.0, 104.0, 128.0, 104.0, 104.0, 128.0, 104.0, 128.0, 128.0, 128.0, 93.0, 66.0, 46.0, 99.0, 51.0, 15.0, 49.0, 38.0, 67.0, 50.0, 49.0, 80.0, 64.0, 81.0, 83.0, 56.0, 35.0, 36.0, 47.0, 57.0, 54.0, 3.0, 4.0, 15.0, 53.0, 31.0, 28.0, 28.0, 44.0, 52.0, 51.0, 74.0, 50.0, 90.0, 65.0, 24.0, 0.0, 72.0, 60.0, 90.0], [74.0, 74.0, 76.0, 74.0, 74.0, 76.0, 74.0, 76.0, 76.0, 76.0, 29.0, 118.0, 61.0, 39.0, 45.0, 58.0, 118.0, 89.0, 33.0, 59.0, 24.0, 21.0, 94.0, 20.0, 39.0, 77.0, 58.0, 108.0, 87.0, 45.0, 80.0, 76.0, 71.0, 71.0, 59.0, 50.0, 65.0, 68.0, 41.0, 20.0, 121.0, 23.0, 120.0, 43.0, 67.0, 83.0, 72.0, 0.0, 67.0, 20.0], [133.0, 133.0, 81.0, 133.0, 133.0, 81.0, 133.0, 81.0, 81.0, 81.0, 67.0, 61.0, 14.0, 65.0, 84.0, 57.0, 80.0, 42.0, 87.0, 11.0, 56.0, 86.0, 30.0, 85.0, 101.0, 14.0, 26.0, 84.0, 31.0, 88.0, 19.0, 63.0, 56.0, 46.0, 9.0, 70.0, 79.0, 33.0, 31.0, 52.0, 85.0, 49.0, 84.0, 50.0, 5.0, 48.0, 60.0, 67.0, 0.0, 73.0], [85.0, 85.0, 60.0, 85.0, 85.0, 60.0, 85.0, 60.0, 60.0, 60.0, 13.0, 129.0, 71.0, 24.0, 64.0, 76.0, 134.0, 102.0, 49.0, 68.0, 43.0, 32.0, 102.0, 30.0, 52.0, 85.0, 71.0, 126.0, 98.0, 64.0, 89.0, 94.0, 88.0, 87.0, 67.0, 70.0, 85.0, 82.0, 53.0, 38.0, 137.0, 24.0, 136.0, 34.0, 72.0, 98.0, 90.0, 20.0, 73.0, 0.0]]
