100 11189.23 0 1680 1 1680
[8645.85, 7160.09, 3599.0, 7060.6, 1701.93, 6072.56, 7519.53, 6953.48, 561.51, 579.23, 3808.03, 6068.15, 4949.5, 8434.38, 586.21, 7469.32, 2593.84, 1533.6, 2462.34, 8552.56, 5795.84, 9720.29, 6891.54, 9248.73, 8182.53, 266.92, 6401.34, 7524.9, 8327.86, 7438.81, 7433.16, 234.65, 3593.77, 9420.8, 5240.0, 6186.65, 4802.3, 2540.99, 366.66, 4924.2, 3696.34, 3937.78, 6436.74, 5169.6, 6295.44, 8661.38, 1710.96, 3852.11, 2685.85, 353.05, 8313.27, 6366.72, 7430.94, 9332.88, 4219.84, 8507.96, 9290.13, 5083.36, 4983.46, 1444.71, 3961.72, 8064.01, 6149.35, 5854.16, 739.79, 4104.92, 3846.86, 8087.92, 1571.67, 2566.4, 8250.3, 2469.1, 3637.35, 4140.19, 4998.12, 9753.15, 5283.98, 2697.82, 2686.52, 9201.54, 9189.35, 4041.93, 9323.96, 3800.4, 2889.87, 615.59, 8159.3, 7089.12, 5179.53, 9400.72, 4818.12, 9224.37, 4115.15, 4814.9, 1555.79, 8258.36, 1821.03, 9777.44, 8302.0, 5160.81]
[2515.82, 3790.43, 6517.92, 3612.74, 3346.76, 6823.33, 7463.97, 3035.86, 2951.85, 3495.08, 7693.76, 7479.09, 6617.21, 2341.76, 7148.37, 7637.86, 6910.74, 3293.09, 3085.72, 3288.3, 7693.81, 4003.22, 2358.73, 2908.24, 3831.0, 4872.15, 5506.91, 5408.23, 3425.13, 2526.04, 7935.44, 6535.55, 5538.5, 4266.08, 6714.48, 3997.12, 7186.01, 5211.6, 4213.92, 7443.85, 6859.78, 3351.14, 3927.57, 3882.64, 4269.89, 3157.07, 4487.82, 6605.84, 3951.36, 3855.67, 5885.28, 3241.11, 7276.57, 4984.34, 6934.71, 3880.88, 5722.54, 6193.12, 2940.72, 7423.84, 6472.5, 6276.23, 4842.4, 2922.64, 2468.79, 4806.49, 6654.54, 3819.83, 6204.17, 5440.72, 4133.08, 5039.59, 7602.79, 5424.98, 3474.42, 2677.68, 4745.68, 3605.09, 4242.93, 3542.93, 4947.72, 5643.03, 6633.81, 7601.97, 7803.76, 6529.38, 3429.5, 7588.22, 7576.78, 3084.28, 5712.01, 5338.58, 6351.37, 4500.79, 5760.7, 6937.08, 3201.91, 6601.28, 5547.42, 5975.42]
[8, 7, 4, 7, 2, 6, 7, 7, 1, 1, 4, 6, 5, 8, 1, 7, 3, 2, 3, 8, 6, 9, 7, 9, 8, 1, 6, 7, 8, 7, 7, 1, 4, 9, 5, 6, 5, 3, 1, 5, 4, 4, 6, 5, 6, 8, 2, 4, 3, 1, 8, 6, 7, 9, 4, 8, 9, 5, 5, 2, 4, 8, 6, 6, 1, 4, 4, 8, 2, 3, 8, 3, 4, 4, 5, 9, 5, 3, 3, 9, 9, 4, 9, 4, 3, 1, 8, 7, 5, 9, 5, 9, 4, 5, 2, 8, 2, 9, 8, 5]
[1, 2, 3, 4, 5, 6, 7, 8, 9, 10, 11, 12, 13, 14, 15, 16, 17, 18, 19, 20, 21, 22, 23, 24, 25, 26, 27, 28, 29, 30, 31, 32, 33, 34, 35, 36, 37, 38, 39, 40, 41, 42, 43, 44, 45, 46, 47, 48, 49, 50, 51, 52, 53, 54, 55, 56, 57, 58, 59, 60, 61, 62, 63, 64, 65, 66, 67, 68, 69, 70, 71, 72, 73, 74, 75, 76, 77, 78, 79, 80, 81, 82, 83, 84, 85, 86, 87, 88, 89, 90, 91, 92, 93, 94, 95, 96, 97, 98, 99, 100]
[1, 3, 3, 3, 3, 3, 3, 3, 3, 3, 3, 3, 2, 1, 3, 3, 3, 3, 3, 1, 3, 3, 3, 3, 1, 3, 3, 3, 1, 3, 3, 3, 3, 3, 2, 3, 2, 3, 3, 2, 3, 3, 3, 2, 3, 1, 3, 3, 3, 3, 1, 3, 3, 3, 3, 1, 3, 2, 2, 3, 3, 1, 3, 3, 3, 3, 3, 1, 3, 3, 1, 3, 3, 3, 2, 3, 2, 3, 3, 3, 3, 3, 3, 3, 3, 3, 1, 3, 2, 3, 2, 3, 3, 2, 3, 1, 3, 3, 1, 2]
[3, 2, 1, 2, 3, 2, 2, 2, 1, 1, 1, 2, 1, 3, 1, 2, 2, 3, 2, 3, 2, 2, 2, 2, 3, 1, 2, 2, 3, 2, 2, 1, 1, 2, 1, 2, 1, 2, 1, 1, 1, 1, 2, 1, 2, 3, 3, 1, 2, 1, 3, 2, 2, 2, 1, 3, 2, 1, 1, 3, 1, 3, 2, 2, 1, 1, 1, 3, 3, 2, 3, 2, 1, 1, 1, 2, 1, 2, 2, 2, 2, 1, 2, 1, 2, 1, 3, 2, 1, 2, 1, 2, 1, 1, 3, 3, 3, 2, 3, 1]
[5, 10, 2, 7, 8, 1, 10, 5, 5, 2, 5, 4, 2, 2, 8, 8, 3, 4, 7, 9, 5, 9, 8, 2, 10, 1, 1, 7, 1, 1, 10, 8, 5, 10, 5, 10, 3, 10, 5, 9, 6, 4, 4, 1, 2, 10, 1, 5, 2, 2, 1, 4, 5, 4, 10, 7, 9, 4, 10, 6, 8, 4, 9, 8, 9, 9, 4, 10, 2, 4, 3, 7, 1, 5, 7, 3, 5, 2, 7, 3, 6, 1, 2, 4, 8, 1, 5, 6, 2, 6, 5, 4, 3, 9, 8, 6, 2, 9, 6, 1]
[4458.73, 4086.15, 2802.65, 1670.53, 2635.67, 3738.11, 3797.63, 3637.92, 4384.08, 2405.69, 3129.71, 1788.56, 2270.54, 3023.15, 2508.8, 1435.78, 2397.52, 1805.29, 1820.19, 4372.67, 4680.6, 4521.28, 2889.05, 3069.95, 3789.34, 4229.88, 3741.1, 1649.11, 3778.63, 4126.9, 3682.99, 3052.92, 3491.04, 4732.36, 4322.32, 4129.38, 2661.44, 3352.33, 4251.91, 4489.77, 4444.45, 1628.76, 1550.46, 4578.71, 2126.31, 3884.23, 4501.58, 2511.51, 2249.27, 2728.98, 3946.97, 2031.24, 2635.88, 1994.54, 4022.47, 1713.44, 3891.46, 1786.13, 4745.38, 4526.7, 1785.56, 1588.43, 3540.85, 3044.68, 3582.61, 3560.77, 1894.17, 4140.16, 2304.85, 1952.48, 3086.09, 1695.83, 4363.05, 2667.29, 1641.4, 1398.57, 3039.82, 2169.02, 1775.44, 2670.34, 4576.62, 4501.34, 2741.78, 1879.42, 2750.48, 4542.02, 4522.84, 4522.34, 2968.75, 4395.95, 2938.06, 1981.82, 1393.38, 3538.15, 2707.08, 4506.8, 2701.75, 4252.36, 4395.16, 4070.63]
[0.17, 0.8, 0.39, 0.38, 0.63, 0.64, 0.82, 0.22, 0.32, 0.46, 0.19, 0.68, 0.44, 0.38, 0.29, 0.23, 0.62, 0.5, 0.35, 0.17, 0.32, 0.2, 0.34, 0.68, 0.75, 0.62, 0.63, 0.46, 0.63, 0.62, 0.8, 0.56, 0.18, 0.88, 0.27, 0.74, 0.62, 0.69, 0.21, 0.16, 0.56, 0.72, 0.69, 0.6, 0.2, 0.88, 0.58, 0.1, 0.19, 0.3, 0.57, 0.65, 0.3, 0.85, 0.83, 0.52, 0.18, 0.7, 0.67, 0.71, 0.68, 0.84, 0.26, 0.55, 0.12, 0.19, 0.86, 0.93, 0.65, 0.78, 0.63, 0.23, 0.57, 0.22, 0.46, 0.6, 0.25, 0.54, 0.38, 0.61, 0.62, 0.63, 0.22, 0.91, 0.74, 0.59, 0.27, 0.66, 0.65, 0.45, 0.17, 0.68, 0.62, 0.17, 0.41, 0.66, 0.6, 0.28, 0.48, 0.58]
[1.08, 0.64, 0.66, 1.04, 0.66, 1.02, 0.88, 1.02, 0.52, 0.99, 0.61, 0.69, 0.96, 0.79, 0.5, 0.69, 1.02, 1.01, 0.73, 0.65, 0.63, 0.97, 0.51, 0.87, 1.08, 0.86, 0.58, 0.58, 0.7, 0.74, 0.59, 0.78, 0.59, 0.87, 0.66, 0.9, 0.89, 0.97, 1.0, 0.64, 0.62, 0.68, 0.73, 1.07, 0.95, 0.63, 0.72, 0.61, 0.86, 1.09, 0.81, 0.95, 0.76, 0.56, 0.65, 0.94, 0.55, 0.65, 0.68, 0.51, 0.78, 0.81, 1.06, 0.58, 0.96, 0.84, 1.01, 0.54, 1.04, 0.56, 0.9, 0.8, 0.69, 0.97, 0.78, 0.96, 0.94, 0.67, 0.77, 0.89, 0.96, 0.65, 0.66, 0.75, 1.06, 0.93, 0.54, 1.02, 0.85, 0.83, 0.62, 0.68, 0.92, 0.89, 0.73, 1.03, 0.84, 0.6, 0.55, 0.98]
[0.94, 0.66, 0.65, 0.6, 0.67, 0.79, 1.09, 1.0, 0.56, 0.94, 0.84, 0.7, 0.84, 0.91, 0.82, 0.91, 0.83, 0.96, 0.52, 0.89, 0.82, 0.77, 0.94, 0.84, 0.88, 0.88, 0.68, 0.67, 0.56, 0.61, 0.73, 0.83, 0.56, 0.97, 0.6, 0.78, 0.59, 0.67, 0.95, 0.61, 1.05, 0.59, 0.63, 1.03, 0.96, 1.03, 0.71, 0.79, 0.94, 0.58, 0.77, 1.01, 0.57, 0.95, 1.04, 1.09, 0.78, 0.68, 0.87, 0.72, 0.7, 0.66, 0.61, 0.51, 0.66, 0.61, 1.02, 0.63, 0.88, 0.95, 0.89, 0.74, 0.54, 1.01, 0.81, 0.89, 0.83, 0.73, 1.08, 1.02, 0.94, 0.94, 0.78, 1.09, 0.68, 0.98, 0.9, 0.57, 0.54, 0.71, 1.04, 0.83, 0.71, 0.8, 0.82, 0.78, 0.9, 0.5, 0.93, 1.02]
[0.7, 0.71, 0.95, 0.95, 0.51, 0.86, 1.01, 0.55, 1.1, 0.67, 0.87, 0.95, 0.94, 0.72, 0.61, 1.02, 0.56, 0.56, 0.75, 0.73, 0.95, 0.62, 0.92, 0.9, 0.81, 1.05, 0.57, 0.66, 1.07, 0.64, 0.54, 1.07, 0.78, 1.02, 0.71, 1.04, 0.68, 0.62, 0.78, 0.91, 0.82, 1.02, 0.54, 0.82, 1.0, 0.52, 0.5, 0.67, 0.7, 0.8, 0.5, 0.57, 0.91, 0.72, 0.62, 0.74, 1.08, 1.02, 0.62, 0.77, 0.93, 0.58, 0.86, 0.97, 0.52, 0.63, 0.93, 0.51, 1.0, 0.53, 0.83, 0.73, 0.78, 0.64, 0.77, 0.63, 0.58, 0.84, 0.74, 0.62, 0.64, 0.92, 0.72, 0.64, 0.62, 0.66, 0.88, 0.59, 0.53, 0.81, 0.98, 0.74, 0.59, 0.55, 0.97, 0.92, 0.5, 0.97, 0.83, 0.68]
[0.85, 0.87, 0.95, 0.74, 0.76, 1.08, 1.1, 0.74, 0.65, 0.69, 0.65, 0.55, 0.82, 0.85, 0.84, 0.7, 0.77, 0.75, 0.59, 0.88, 1.05, 0.89, 1.02, 0.84, 0.63, 0.5, 0.59, 0.87, 0.63, 1.08, 1.01, 0.9, 0.73, 0.55, 0.78, 0.51, 0.52, 0.96, 0.59, 0.56, 1.06, 0.75, 0.93, 1.03, 0.79, 0.55, 0.53, 0.66, 0.77, 0.77, 0.76, 1.1, 1.02, 0.94, 0.97, 0.58, 0.53, 0.97, 0.81, 1.05, 1.05, 0.9, 0.96, 0.82, 0.98, 0.53, 0.69, 0.65, 0.65, 1.09, 1.08, 0.81, 0.92, 0.59, 0.67, 0.87, 0.69, 1.07, 1.08, 0.66, 0.9, 0.72, 0.67, 0.73, 0.73, 1.09, 0.51, 0.73, 0.84, 0.77, 0.93, 0.83, 0.51, 0.81, 0.63, 0.86, 0.57, 0.74, 0.65, 0.83]
[0.91, 0.71, 0.71, 1.03, 0.87, 0.52, 1.07, 0.84, 0.83, 0.82, 0.53, 0.93, 0.82, 0.55, 0.73, 0.94, 1.08, 0.58, 0.76, 0.8, 1.06, 0.51, 0.95, 0.64, 0.68, 1.04, 0.75, 0.63, 0.81, 1.1, 0.63, 0.63, 0.84, 1.09, 0.88, 0.78, 0.97, 0.52, 0.71, 0.99, 0.75, 0.89, 0.57, 0.96, 0.85, 0.69, 1.01, 0.82, 0.65, 0.72, 0.97, 1.09, 0.61, 1.04, 0.59, 0.82, 0.76, 1.01, 0.72, 1.03, 0.85, 1.02, 0.58, 0.72, 0.61, 0.56, 0.96, 0.68, 0.64, 0.78, 0.99, 0.84, 1.07, 0.69, 1.1, 0.72, 1.07, 0.52, 1.02, 0.71, 1.08, 0.72, 0.54, 0.68, 0.6, 0.76, 0.92, 0.71, 0.55, 0.79, 1.06, 0.68, 0.64, 0.67, 0.75, 0.63, 0.97, 0.67, 0.8, 0.7]
[0.55, 0.18, 0.27, 0.45, 0.15, 0.39, 1.14, 0.34, 0.17, 0.35, 0.16, 0.23, 0.52, 0.24, 0.15, 0.42, 0.39, 0.24, 0.13, 0.29, 0.55, 0.21, 0.43, 0.35, 0.33, 0.42, 0.1, 0.14, 0.21, 0.34, 0.15, 0.39, 0.16, 0.51, 0.19, 0.3, 0.18, 0.2, 0.31, 0.2, 0.42, 0.27, 0.13, 0.89, 0.61, 0.13, 0.14, 0.17, 0.29, 0.28, 0.23, 0.66, 0.24, 0.38, 0.24, 0.36, 0.19, 0.44, 0.21, 0.31, 0.45, 0.28, 0.31, 0.17, 0.2, 0.1, 0.62, 0.08, 0.38, 0.24, 0.71, 0.29, 0.28, 0.26, 0.35, 0.33, 0.33, 0.23, 0.68, 0.26, 0.56, 0.3, 0.13, 0.26, 0.19, 0.5, 0.2, 0.18, 0.11, 0.29, 0.62, 0.23, 0.13, 0.21, 0.27, 0.41, 0.21, 0.14, 0.22, 0.4]
[493.12, 639.66, 298.37, 134.08, 172.82, 296.62, 923.93, 566.07, 455.91, 324.66, 354.26, 265.02, 254.74, 457.91, 145.86, 295.83, 1082.08, 309.97, 116.84, 349.12, 382.38, 248.91, 327.74, 465.11, 667.08, 429.57, 250.17, 203.35, 409.72, 486.6, 868.34, 245.21, 374.88, 812.04, 835.75, 559.91, 1131.77, 561.47, 279.93, 216.03, 903.45, 348.62, 263.71, 161.4, 175.2, 652.14, 264.98, 356.19, 340.95, 204.84, 152.66, 303.01, 354.69, 322.31, 519.11, 162.62, 292.6, 378.5, 704.58, 965.61, 245.38, 341.1, 319.43, 227.66, 472.35, 280.73, 301.86, 600.42, 256.95, 379.73, 1273.35, 152.76, 193.84, 316.59, 151.34, 1145.89, 530.58, 161.79, 115.33, 1224.0, 658.4, 259.72, 108.29, 327.07, 155.24, 444.22, 335.02, 778.23, 527.06, 660.92, 393.45, 275.17, 1227.65, 196.4, 136.91, 505.09, 305.67, 212.87, 814.67, 580.49]
[255.92, 110.93, 80.03, 60.05, 24.06, 108.62, 923.93, 206.09, 71.27, 117.8, 58.34, 66.45, 134.83, 102.89, 19.44, 126.32, 436.23, 72.59, 14.59, 108.68, 206.3, 50.67, 148.79, 160.95, 232.7, 186.68, 26.01, 29.6, 95.68, 169.68, 118.99, 89.83, 56.25, 411.7, 149.57, 168.31, 210.4, 121.2, 82.97, 48.31, 396.85, 88.26, 31.18, 144.94, 105.06, 72.39, 36.64, 59.77, 92.49, 55.42, 34.08, 198.59, 86.97, 123.33, 119.11, 58.94, 53.03, 167.27, 150.86, 287.88, 113.47, 93.05, 95.54, 35.88, 96.36, 25.2, 188.18, 54.89, 98.68, 95.81, 924.05, 46.19, 56.22, 81.62, 54.88, 390.05, 170.41, 36.18, 81.21, 334.56, 388.56, 70.89, 12.5, 80.25, 29.43, 215.14, 68.34, 145.12, 66.33, 186.19, 250.47, 62.73, 173.12, 39.31, 38.38, 202.78, 56.86, 27.0, 179.24, 231.83]
[1965.6, 2698.32, 991.86, 170.42, 364.11, 983.08, 4119.64, 2330.34, 1779.57, 1123.28, 1271.28, 825.11, 773.69, 1789.56, 229.31, 979.16, 4910.4, 1049.83, 84.21, 1245.62, 1411.9, 744.54, 1138.71, 1825.53, 2835.38, 1647.86, 750.87, 516.75, 1548.58, 1933.02, 3841.68, 726.05, 1374.39, 3560.19, 3678.77, 2299.55, 5158.85, 2307.34, 899.64, 580.15, 4017.24, 1243.12, 818.54, 307.01, 376.02, 2760.72, 824.88, 1280.95, 1204.73, 524.22, 263.28, 1015.04, 1273.43, 1111.54, 2095.56, 313.09, 963.0, 1392.51, 3022.91, 4328.04, 726.89, 1205.48, 1097.16, 638.31, 1861.77, 903.65, 1009.29, 2502.11, 784.76, 1398.64, 5866.76, 263.78, 469.2, 1082.93, 256.71, 5229.44, 2152.92, 308.96, 76.65, 5620.01, 2791.99, 798.6, 41.46, 1135.37, 276.19, 1721.12, 1175.12, 3391.16, 2135.32, 2804.61, 1467.24, 875.87, 5638.24, 482.0, 184.56, 2025.47, 1028.37, 564.37, 3573.34, 2402.44]
[779.58, 54.66, -99.85, -199.76, -379.69, 43.08, 4119.64, 530.46, -143.64, 88.98, -208.29, -167.75, 174.17, 14.46, -402.82, 131.59, 1681.13, -137.04, -427.05, 43.42, 531.48, -246.63, 243.96, 304.73, 663.48, 433.41, -369.97, -352.01, -21.59, 348.4, 94.96, -50.85, -218.74, 1558.5, 247.85, 341.53, 551.99, 105.99, -85.17, -258.45, 1484.25, -58.72, -344.11, 224.71, 25.28, -138.07, -316.82, -201.14, -37.56, -222.88, -329.6, 492.94, -65.14, 116.67, 95.56, -205.3, -234.87, 336.36, 254.31, 939.38, 67.34, -34.74, -22.29, -320.62, -18.18, -374.0, 440.91, -225.55, -6.62, -20.96, 4120.25, -269.05, -218.88, -91.91, -225.61, 1450.26, 352.06, -319.1, -93.97, 1172.79, 1442.8, -145.55, -437.49, -98.76, -352.85, 575.69, -158.28, 225.61, -168.35, 430.96, 752.37, -186.37, 365.6, -303.43, -308.09, 513.9, -215.71, -365.0, 396.18, 659.13]
[89.17, 163.45, 112.11, 66.82, 105.43, 149.52, 151.91, 145.52, 175.36, 96.23, 125.19, 71.54, 68.12, 60.46, 100.35, 57.43, 95.9, 72.21, 72.81, 87.45, 187.22, 180.85, 115.56, 122.8, 75.79, 169.2, 149.64, 65.96, 75.57, 165.08, 147.32, 122.12, 139.64, 189.29, 129.67, 165.18, 79.84, 134.09, 170.08, 134.69, 177.78, 65.15, 62.02, 137.36, 85.05, 77.68, 180.06, 100.46, 89.97, 109.16, 78.94, 81.25, 105.44, 79.78, 160.9, 34.27, 155.66, 53.58, 142.36, 181.07, 71.42, 31.77, 141.63, 121.79, 143.3, 142.43, 75.77, 82.8, 92.19, 78.1, 61.72, 67.83, 174.52, 106.69, 49.24, 55.94, 91.19, 86.76, 71.02, 106.81, 183.06, 180.05, 109.67, 75.18, 110.02, 181.68, 90.46, 180.89, 89.06, 175.84, 88.14, 79.27, 55.74, 106.14, 108.28, 90.14, 108.07, 170.09, 87.9, 122.12]
[89, 245, 168, 100, 158, 224, 227, 218, 263, 144, 187, 107, 90, 60, 150, 86, 143, 108, 109, 87, 280, 271, 173, 184, 75, 253, 224, 98, 75, 247, 220, 183, 209, 283, 172, 247, 106, 201, 255, 179, 266, 97, 93, 183, 127, 77, 270, 150, 134, 163, 78, 121, 158, 119, 241, 34, 233, 71, 189, 271, 107, 31, 212, 182, 214, 213, 113, 82, 138, 117, 61, 101, 261, 160, 65, 83, 121, 130, 106, 160, 274, 270, 164, 112, 165, 272, 90, 271, 118, 263, 117, 118, 83, 141, 162, 90, 162, 255, 87, 162]
[534, 1132, 128, 395, 1245, 894, 769, 1300, 1475, 959, 980, 1524, 1197, 222, 1138, 1130, 588, 1575, 322, 1067, 88, 1225, 1620, 1453, 194, 111, 1247, 1534, 1485, 363, 218, 40, 252, 270, 511, 609, 589, 1130, 1171, 554, 574, 284, 144, 348, 950, 1251, 150, 1420, 687, 1292, 649, 271, 1431, 412, 109, 153, 1198, 304, 1082, 6, 1529, 1413, 720, 901, 95, 191, 759, 1004, 1012, 1639, 1644, 898, 699, 1644, 710, 1255, 1574, 122, 435, 143, 762, 1078, 232, 1156, 410, 1618, 805, 1420, 141, 238, 938, 1315, 650, 1069, 982, 1215, 170, 627, 1500, 1242]
[1680, 1680, 1653, 1488, 1505, 1680, 1680, 1680, 1680, 1680, 1680, 1680, 1395, 482, 1680, 1680, 1680, 1680, 1199, 1574, 842, 1680, 1680, 1680, 1503, 618, 1680, 1680, 1680, 1487, 1311, 856, 1680, 870, 1680, 1680, 1466, 1680, 1555, 1154, 988, 914, 373, 1657, 1680, 1680, 1120, 1680, 1680, 1680, 1403, 624, 1680, 1228, 1326, 753, 1680, 1490, 1680, 822, 1680, 1680, 1597, 1099, 787, 1680, 1389, 1665, 1680, 1680, 1680, 1680, 1680, 1680, 1680, 1680, 1680, 475, 1035, 588, 1680, 1680, 1048, 1354, 1102, 1680, 1680, 1680, 1680, 1455, 1507, 1680, 910, 1607, 1680, 1680, 924, 1680, 1680, 1680]
10
[0.0, 0.0, 0.0, 0.0, 0.0, 0.0, 0.0, 0.0, 0.0, 0.0]
[10000.0, 10000.0, 0.0, 10000.0, 10000.0, 10000.0, 0.0, 0.0, 10000.0, 10000.0]
[[0.0, 0.0, 138.0, 0.0, 0.0, 0.0, 138.0, 138.0, 0.0, 0.0, 158.0, 131.0, 69.0, 131.0, 95.0, 94.0, 109.0, 136.0, 97.0, 90.0, 61.0, 91.0, 83.0, 157.0, 40.0, 108.0, 56.0, 95.0, 101.0, 150.0, 86.0, 157.0, 142.0, 161.0, 141.0, 71.0, 108.0, 121.0, 146.0, 145.0, 106.0, 48.0, 79.0, 152.0, 85.0, 119.0, 77.0, 75.0, 80.0, 76.0, 67.0, 106.0, 122.0, 110.0, 117.0, 152.0, 80.0, 71.0, 91.0, 85.0, 128.0, 128.0, 109.0, 146.0, 72.0, 144.0, 141.0, 87.0, 119.0, 41.0, 73.0, 122.0, 111.0, 127.0, 104.0, 91.0, 70.0, 140.0, 57.0, 72.0, 139.0, 76.0, 60.0, 85.0, 113.0, 168.0, 103.0, 96.0, 88.0, 155.0, 144.0, 82.0, 137.0, 62.0, 50.0, 49.0, 144.0, 103.0, 79.0, 161.0, 89.0, 142.0, 76.0, 101.0, 62.0, 121.0, 97.0, 143.0, 130.0, 90.0], [0.0, 0.0, 138.0, 0.0, 0.0, 0.0, 138.0, 138.0, 0.0, 0.0, 158.0, 131.0, 69.0, 131.0, 95.0, 94.0, 109.0, 136.0, 97.0, 90.0, 61.0, 91.0, 83.0, 157.0, 40.0, 108.0, 56.0, 95.0, 101.0, 150.0, 86.0, 157.0, 142.0, 161.0, 141.0, 71.0, 108.0, 121.0, 146.0, 145.0, 106.0, 48.0, 79.0, 152.0, 85.0, 119.0, 77.0, 75.0, 80.0, 76.0, 67.0, 106.0, 122.0, 110.0, 117.0, 152.0, 80.0, 71.0, 91.0, 85.0, 128.0, 128.0, 109.0, 146.0, 72.0, 144.0, 141.0, 87.0, 119.0, 41.0, 73.0, 122.0, 111.0, 127.0, 104.0, 91.0, 70.0, 140.0, 57.0, 72.0, 139.0, 76.0, 60.0, 85.0, 113.0, 168.0, 103.0, 96.0, 88.0, 155.0, 144.0, 82.0, 137.0, 62.0, 50.0, 49.0, 144.0, 103.0, 79.0, 161.0, 89.0, 142.0, 76.0, 101.0, 62.0, 121.0, 97.0, 143.0, 130.0, 90.0], [138.0, 138.0, 0.0, 138.0, 138.0, 138.0, 0.0, 0.0, 138.0, 138.0, 124.0, 112.0, 103.0, 109.0, 52.0, 126.0, 146.0, 105.0, 41.0, 49.0, 118.0, 133.0, 114.0, 121.0, 99.0, 147.0, 102.0, 50.0, 54.0, 126.0, 133.0, 145.0, 100.0, 134.0, 124.0, 67.0, 116.0, 128.0, 124.0, 108.0, 150.0, 90.0, 91.0, 142.0, 117.0, 101.0, 119.0, 80.0, 58.0, 123.0, 107.0, 71.0, 104.0, 89.0, 105.0, 127.0, 66.0, 105.0, 66.0, 53.0, 140.0, 98.0, 143.0, 146.0, 112.0, 129.0, 150.0, 110.0, 80.0, 104.0, 105.0, 141.0, 108.0, 90.0, 36.0, 87.0, 106.0, 123.0, 88.0, 83.0, 127.0, 77.0, 116.0, 94.0, 84.0, 139.0, 98.0, 62.0, 69.0, 136.0, 144.0, 96.0, 158.0, 117.0, 115.0, 90.0, 122.0, 143.0, 126.0, 136.0, 103.0, 147.0, 104.0, 91.0, 82.0, 149.0, 51.0, 163.0, 138.0, 109.0], [0.0, 0.0, 138.0, 0.0, 0.0, 0.0, 138.0, 138.0, 0.0, 0.0, 158.0, 131.0, 69.0, 131.0, 95.0, 94.0, 109.0, 136.0, 97.0, 90.0, 61.0, 91.0, 83.0, 157.0, 40.0, 108.0, 56.0, 95.0, 101.0, 150.0, 86.0, 157.0, 142.0, 161.0, 141.0, 71.0, 108.0, 121.0, 146.0, 145.0, 106.0, 48.0, 79.0, 152.0, 85.0, 119.0, 77.0, 75.0, 80.0, 76.0, 67.0, 106.0, 122.0, 110.0, 117.0, 152.0, 80.0, 71.0, 91.0, 85.0, 128.0, 128.0, 109.0, 146.0, 72.0, 144.0, 141.0, 87.0, 119.0, 41.0, 73.0, 122.0, 111.0, 127.0, 104.0, 91.0, 70.0, 140.0, 57.0, 72.0, 139.0, 76.0, 60.0, 85.0, 113.0, 168.0, 103.0, 96.0, 88.0, 155.0, 144.0, 82.0, 137.0, 62.0, 50.0, 49.0, 144.0, 103.0, 79.0, 161.0, 89.0, 142.0, 76.0, 101.0, 62.0, 121.0, 97.0, 143.0, 130.0, 90.0], [0.0, 0.0, 138.0, 0.0, 0.0, 0.0, 138.0, 138.0, 0.0, 0.0, 158.0, 131.0, 69.0, 131.0, 95.0, 94.0, 109.0, 136.0, 97.0, 90.0, 61.0, 91.0, 83.0, 157.0, 40.0, 108.0, 56.0, 95.0, 101.0, 150.0, 86.0, 157.0, 142.0, 161.0, 141.0, 71.0, 108.0, 121.0, 146.0, 145.0, 106.0, 48.0, 79.0, 152.0, 85.0, 119.0, 77.0, 75.0, 80.0, 76.0, 67.0, 106.0, 122.0, 110.0, 117.0, 152.0, 80.0, 71.0, 91.0, 85.0, 128.0, 128.0, 109.0, 146.0, 72.0, 144.0, 141.0, 87.0, 119.0, 41.0, 73.0, 122.0, 111.0, 127.0, 104.0, 91.0, 70.0, 140.0, 57.0, 72.0, 139.0, 76.0, 60.0, 85.0, 113.0, 168.0, 103.0, 96.0, 88.0, 155.0, 144.0, 82.0, 137.0, 62.0, 50.0, 49.0, 144.0, 103.0, 79.0, 161.0, 89.0, 142.0, 76.0, 101.0, 62.0, 121.0, 97.0, 143.0, 130.0, 90.0], [0.0, 0.0, 138.0, 0.0, 0.0, 0.0, 138.0, 138.0, 0.0, 0.0, 158.0, 131.0, 69.0, 131.0, 95.0, 94.0, 109.0, 136.0, 97.0, 90.0, 61.0, 91.0, 83.0, 157.0, 40.0, 108.0, 56.0, 95.0, 101.0, 150.0, 86.0, 157.0, 142.0, 161.0, 141.0, 71.0, 108.0, 121.0, 146.0, 145.0, 106.0, 48.0, 79.0, 152.0, 85.0, 119.0, 77.0, 75.0, 80.0, 76.0, 67.0, 106.0, 122.0, 110.0, 117.0, 152.0, 80.0, 71.0, 91.0, 85.0, 128.0, 128.0, 109.0, 146.0, 72.0, 144.0, 141.0, 87.0, 119.0, 41.0, 73.0, 122.0, 111.0, 127.0, 104.0, 91.0, 70.0, 140.0, 57.0, 72.0, 139.0, 76.0, 60.0, 85.0, 113.0, 168.0, 103.0, 96.0, 88.0, 155.0, 144.0, 82.0, 137.0, 62.0, 50.0, 49.0, 144.0, 103.0, 79.0, 161.0, 89.0, 142.0, 76.0, 101.0, 62.0, 121.0, 97.0, 143.0, 130.0, 90.0], [138.0, 138.0, 0.0, 138.0, 138.0, 138.0, 0.0, 0.0, 138.0, 138.0, 124.0, 112.0, 103.0, 109.0, 52.0, 126.0, 146.0, 105.0, 41.0, 49.0, 118.0, 133.0, 114.0, 121.0, 99.0, 147.0, 102.0, 50.0, 54.0, 126.0, 133.0, 145.0, 100.0, 134.0, 124.0, 67.0, 116.0, 128.0, 124.0, 108.0, 150.0, 90.0, 91.0, 142.0, 117.0, 101.0, 119.0, 80.0, 58.0, 123.0, 107.0, 71.0, 104.0, 89.0, 105.0, 127.0, 66.0, 105.0, 66.0, 53.0, 140.0, 98.0, 143.0, 146.0, 112.0, 129.0, 150.0, 110.0, 80.0, 104.0, 105.0, 141.0, 108.0, 90.0, 36.0, 87.0, 106.0, 123.0, 88.0, 83.0, 127.0, 77.0, 116.0, 94.0, 84.0, 139.0, 98.0, 62.0, 69.0, 136.0, 144.0, 96.0, 158.0, 117.0, 115.0, 90.0, 122.0, 143.0, 126.0, 136.0, 103.0, 147.0, 104.0, 91.0, 82.0, 149.0, 51.0, 163.0, 138.0, 109.0], [138.0, 138.0, 0.0, 138.0, 138.0, 138.0, 0.0, 0.0, 138.0, 138.0, 124.0, 112.0, 103.0, 109.0, 52.0, 126.0, 146.0, 105.0, 41.0, 49.0, 118.0, 133.0, 114.0, 121.0, 99.0, 147.0, 102.0, 50.0, 54.0, 126.0, 133.0, 145.0, 100.0, 134.0, 124.0, 67.0, 116.0, 128.0, 124.0, 108.0, 150.0, 90.0, 91.0, 142.0, 117.0, 101.0, 119.0, 80.0, 58.0, 123.0, 107.0, 71.0, 104.0, 89.0, 105.0, 127.0, 66.0, 105.0, 66.0, 53.0, 140.0, 98.0, 143.0, 146.0, 112.0, 129.0, 150.0, 110.0, 80.0, 104.0, 105.0, 141.0, 108.0, 90.0, 36.0, 87.0, 106.0, 123.0, 88.0, 83.0, 127.0, 77.0, 116.0, 94.0, 84.0, 139.0, 98.0, 62.0, 69.0, 136.0, 144.0, 96.0, 158.0, 117.0, 115.0, 90.0, 122.0, 143.0, 126.0, 136.0, 103.0, 147.0, 104.0, 91.0, 82.0, 149.0, 51.0, 163.0, 138.0, 109.0], [0.0, 0.0, 138.0, 0.0, 0.0, 0.0, 138.0, 138.0, 0.0, 0.0, 158.0, 131.0, 69.0, 131.0, 95.0, 94.0, 109.0, 136.0, 97.0, 90.0, 61.0, 91.0, 83.0, 157.0, 40.0, 108.0, 56.0, 95.0, 101.0, 150.0, 86.0, 157.0, 142.0, 161.0, 141.0, 71.0, 108.0, 121.0, 146.0, 145.0, 106.0, 48.0, 79.0, 152.0, 85.0, 119.0, 77.0, 75.0, 80.0, 76.0, 67.0, 106.0, 122.0, 110.0, 117.0, 152.0, 80.0, 71.0, 91.0, 85.0, 128.0, 128.0, 109.0, 146.0, 72.0, 144.0, 141.0, 87.0, 119.0, 41.0, 73.0, 122.0, 111.0, 127.0, 104.0, 91.0, 70.0, 140.0, 57.0, 72.0, 139.0, 76.0, 60.0, 85.0, 113.0, 168.0, 103.0, 96.0, 88.0, 155.0, 144.0, 82.0, 137.0, 62.0, 50.0, 49.0, 144.0, 103.0, 79.0, 161.0, 89.0, 142.0, 76.0, 101.0, 62.0, 121.0, 97.0, 143.0, 130.0, 90.0], [0.0, 0.0, 138.0, 0.0, 0.0, 0.0, 138.0, 138.0, 0.0, 0.0, 158.0, 131.0, 69.0, 131.0, 95.0, 94.0, 109.0, 136.0, 97.0, 90.0, 61.0, 91.0, 83.0, 157.0, 40.0, 108.0, 56.0, 95.0, 101.0, 150.0, 86.0, 157.0, 142.0, 161.0, 141.0, 71.0, 108.0, 121.0, 146.0, 145.0, 106.0, 48.0, 79.0, 152.0, 85.0, 119.0, 77.0, 75.0, 80.0, 76.0, 67.0, 106.0, 122.0, 110.0, 117.0, 152.0, 80.0, 71.0, 91.0, 85.0, 128.0, 128.0, 109.0, 146.0, 72.0, 144.0, 141.0, 87.0, 119.0, 41.0, 73.0, 122.0, 111.0, 127.0, 104.0, 91.0, 70.0, 140.0, 57.0, 72.0, 139.0, 76.0, 60.0, 85.0, 113.0, 168.0, 103.0, 96.0, 88.0, 155.0, 144.0, 82.0, 137.0, 62.0, 50.0, 49.0, 144.0, 103.0, 79.0, 161.0, 89.0, 142.0, 76.0, 101.0, 62.0, 121.0, 97.0, 143.0, 130.0, 90.0], [158.0, 158.0, 124.0, 158.0, 158.0, 158.0, 124.0, 124.0, 158.0, 158.0, 0.0, 27.0, 89.0, 27.0, 96.0, 69.0, 70.0, 24.0, 112.0, 112.0, 98.0, 77.0, 76.0, 4.0, 128.0, 72.0, 103.0, 99.0, 86.0, 11.0, 81.0, 25.0, 24.0, 10.0, 19.0, 120.0, 52.0, 43.0, 13.0, 17.0, 76.0, 128.0, 81.0, 26.0, 74.0, 40.0, 83.0, 92.0, 116.0, 85.0, 91.0, 66.0, 36.0, 51.0, 40.0, 9.0, 99.0, 87.0, 84.0, 116.0, 47.0, 33.0, 68.0, 35.0, 86.0, 19.0, 45.0, 71.0, 51.0, 120.0, 84.0, 52.0, 47.0, 39.0, 109.0, 70.0, 87.0, 20.0, 110.0, 93.0, 23.0, 92.0, 98.0, 74.0, 52.0, 15.0, 56.0, 83.0, 85.0, 16.0, 34.0, 77.0, 57.0, 97.0, 108.0, 124.0, 14.0, 73.0, 85.0, 13.0, 69.0, 40.0, 82.0, 59.0, 107.0, 61.0, 94.0, 58.0, 42.0, 68.0], [131.0, 131.0, 112.0, 131.0, 131.0, 131.0, 112.0, 112.0, 131.0, 131.0, 27.0, 0.0, 62.0, 3.0, 75.0, 44.0, 51.0, 11.0, 92.0, 91.0, 71.0, 53.0, 49.0, 27.0, 102.0, 53.0, 76.0, 78.0, 65.0, 20.0, 57.0, 35.0, 20.0, 31.0, 14.0, 96.0, 26.0, 23.0, 17.0, 18.0, 57.0, 103.0, 55.0, 32.0, 48.0, 14.0, 57.0, 67.0, 94.0, 59.0, 64.0, 45.0, 10.0, 27.0, 14.0, 22.0, 76.0, 60.0, 62.0, 94.0, 33.0, 13.0, 48.0, 34.0, 59.0, 19.0, 40.0, 44.0, 32.0, 93.0, 58.0, 36.0, 20.0, 22.0, 90.0, 44.0, 60.0, 13.0, 84.0, 67.0, 16.0, 67.0, 71.0, 47.0, 30.0, 39.0, 29.0, 62.0, 62.0, 28.0, 32.0, 50.0, 49.0, 70.0, 81.0, 98.0, 15.0, 52.0, 59.0, 32.0, 42.0, 36.0, 55.0, 34.0, 82.0, 46.0, 74.0, 53.0, 29.0, 41.0], [69.0, 69.0, 103.0, 69.0, 69.0, 69.0, 103.0, 103.0, 69.0, 69.0, 89.0, 62.0, 0.0, 62.0, 51.0, 34.0, 56.0, 67.0, 65.0, 59.0, 16.0, 36.0, 19.0, 88.0, 42.0, 56.0, 15.0, 53.0, 50.0, 81.0, 34.0, 91.0, 73.0, 92.0, 73.0, 51.0, 41.0, 56.0, 78.0, 76.0, 56.0, 46.0, 13.0, 86.0, 23.0, 50.0, 19.0, 23.0, 55.0, 22.0, 5.0, 44.0, 53.0, 42.0, 48.0, 84.0, 38.0, 4.0, 38.0, 58.0, 66.0, 59.0, 54.0, 82.0, 10.0, 77.0, 79.0, 21.0, 53.0, 32.0, 5.0, 62.0, 42.0, 58.0, 68.0, 25.0, 4.0, 72.0, 28.0, 21.0, 72.0, 26.0, 15.0, 17.0, 46.0, 100.0, 34.0, 42.0, 34.0, 87.0, 80.0, 14.0, 79.0, 15.0, 20.0, 41.0, 76.0, 50.0, 26.0, 93.0, 20.0, 79.0, 7.0, 32.0, 30.0, 64.0, 52.0, 85.0, 66.0, 23.0], [131.0, 131.0, 109.0, 131.0, 131.0, 131.0, 109.0, 109.0, 131.0, 131.0, 27.0, 3.0, 62.0, 0.0, 74.0, 46.0, 53.0, 8.0, 90.0, 89.0, 72.0, 55.0, 51.0, 26.0, 102.0, 56.0, 76.0, 76.0, 64.0, 21.0, 59.0, 37.0, 17.0, 32.0, 16.0, 95.0, 28.0, 26.0, 18.0, 16.0, 60.0, 102.0, 55.0, 34.0, 50.0, 13.0, 58.0, 66.0, 93.0, 60.0, 64.0, 43.0, 10.0, 26.0, 14.0, 23.0, 75.0, 60.0, 60.0, 92.0, 36.0, 11.0, 51.0, 37.0, 60.0, 20.0, 42.0, 45.0, 30.0, 93.0, 58.0, 39.0, 21.0, 19.0, 88.0, 44.0, 61.0, 14.0, 84.0, 67.0, 18.0, 66.0, 72.0, 47.0, 28.0, 39.0, 29.0, 60.0, 61.0, 30.0, 35.0, 50.0, 52.0, 71.0, 81.0, 97.0, 15.0, 55.0, 60.0, 33.0, 42.0, 38.0, 55.0, 33.0, 81.0, 49.0, 72.0, 56.0, 32.0, 42.0], [95.0, 95.0, 52.0, 95.0, 95.0, 95.0, 52.0, 52.0, 95.0, 95.0, 96.0, 75.0, 51.0, 74.0, 0.0, 77.0, 98.0, 72.0, 17.0, 16.0, 67.0, 83.0, 63.0, 94.0, 55.0, 99.0, 51.0, 2.0, 11.0, 94.0, 82.0, 111.0, 73.0, 104.0, 90.0, 29.0, 71.0, 85.0, 91.0, 80.0, 101.0, 48.0, 40.0, 107.0, 67.0, 62.0, 68.0, 28.0, 22.0, 72.0, 56.0, 31.0, 66.0, 48.0, 65.0, 96.0, 16.0, 54.0, 16.0, 20.0, 98.0, 64.0, 96.0, 108.0, 60.0, 94.0, 110.0, 61.0, 46.0, 56.0, 53.0, 96.0, 65.0, 57.0, 18.0, 39.0, 54.0, 88.0, 39.0, 31.0, 91.0, 26.0, 64.0, 44.0, 45.0, 111.0, 53.0, 14.0, 18.0, 103.0, 105.0, 45.0, 114.0, 65.0, 64.0, 46.0, 89.0, 94.0, 75.0, 106.0, 54.0, 107.0, 53.0, 46.0, 33.0, 103.0, 3.0, 120.0, 96.0, 60.0], [94.0, 94.0, 126.0, 94.0, 94.0, 94.0, 126.0, 126.0, 94.0, 94.0, 69.0, 44.0, 34.0, 46.0, 77.0, 0.0, 22.0, 54.0, 93.0, 88.0, 33.0, 9.0, 16.0, 70.0, 76.0, 22.0, 48.0, 79.0, 72.0, 59.0, 13.0, 64.0, 63.0, 69.0, 50.0, 84.0, 19.0, 28.0, 56.0, 62.0, 24.0, 81.0, 38.0, 58.0, 12.0, 39.0, 18.0, 53.0, 86.0, 18.0, 33.0, 56.0, 40.0, 42.0, 35.0, 62.0, 68.0, 31.0, 61.0, 89.0, 33.0, 50.0, 20.0, 52.0, 26.0, 53.0, 47.0, 16.0, 56.0, 64.0, 29.0, 28.0, 27.0, 54.0, 95.0, 39.0, 31.0, 50.0, 63.0, 52.0, 48.0, 55.0, 35.0, 33.0, 48.0, 76.0, 31.0, 64.0, 59.0, 62.0, 50.0, 32.0, 45.0, 33.0, 46.0, 75.0, 55.0, 18.0, 16.0, 69.0, 23.0, 48.0, 28.0, 36.0, 64.0, 30.0, 77.0, 51.0, 35.0, 17.0], [109.0, 109.0, 146.0, 109.0, 109.0, 109.0, 146.0, 146.0, 109.0, 109.0, 70.0, 51.0, 56.0, 53.0, 98.0, 22.0, 0.0, 61.0, 114.0, 110.0, 51.0, 20.0, 37.0, 72.0, 96.0, 2.0, 68.0, 100.0, 92.0, 59.0, 24.0, 56.0, 71.0, 67.0, 51.0, 106.0, 31.0, 28.0, 57.0, 68.0, 7.0, 101.0, 60.0, 51.0, 33.0, 51.0, 38.0, 75.0, 108.0, 36.0, 53.0, 75.0, 51.0, 59.0, 47.0, 61.0, 90.0, 52.0, 82.0, 111.0, 24.0, 60.0, 3.0, 42.0, 46.0, 51.0, 34.0, 38.0, 71.0, 84.0, 51.0, 18.0, 41.0, 67.0, 116.0, 60.0, 52.0, 51.0, 84.0, 74.0, 47.0, 77.0, 54.0, 54.0, 65.0, 73.0, 48.0, 85.0, 80.0, 59.0, 42.0, 54.0, 27.0, 51.0, 64.0, 96.0, 56.0, 6.0, 32.0, 66.0, 44.0, 38.0, 49.0, 55.0, 85.0, 12.0, 98.0, 33.0, 29.0, 38.0], [136.0, 136.0, 105.0, 136.0, 136.0, 136.0, 105.0, 105.0, 136.0, 136.0, 24.0, 11.0, 67.0, 8.0, 72.0, 54.0, 61.0, 0.0, 88.0, 88.0, 77.0, 62.0, 57.0, 23.0, 104.0, 64.0, 80.0, 75.0, 62.0, 22.0, 66.0, 40.0, 9.0, 32.0, 20.0, 96.0, 35.0, 34.0, 20.0, 10.0, 68.0, 104.0, 58.0, 38.0, 56.0, 17.0, 64.0, 68.0, 92.0, 67.0, 69.0, 42.0, 14.0, 27.0, 19.0, 24.0, 75.0, 65.0, 60.0, 92.0, 43.0, 9.0, 59.0, 42.0, 66.0, 24.0, 49.0, 51.0, 27.0, 97.0, 63.0, 47.0, 27.0, 15.0, 86.0, 46.0, 66.0, 19.0, 86.0, 69.0, 23.0, 68.0, 78.0, 51.0, 28.0, 39.0, 33.0, 59.0, 61.0, 32.0, 41.0, 54.0, 59.0, 76.0, 86.0, 100.0, 17.0, 63.0, 67.0, 34.0, 47.0, 45.0, 60.0, 36.0, 83.0, 57.0, 71.0, 63.0, 39.0, 47.0], [97.0, 97.0, 41.0, 97.0, 97.0, 97.0, 41.0, 41.0, 97.0, 97.0, 112.0, 92.0, 65.0, 90.0, 17.0, 93.0, 114.0, 88.0, 0.0, 7.0, 79.0, 98.0, 79.0, 109.0, 58.0, 115.0, 61.0, 14.0, 26.0, 110.0, 97.0, 127.0, 88.0, 120.0, 106.0, 27.0, 88.0, 102.0, 107.0, 95.0, 117.0, 50.0, 55.0, 123.0, 83.0, 79.0, 83.0, 41.0, 18.0, 86.0, 69.0, 47.0, 82.0, 65.0, 81.0, 112.0, 26.0, 68.0, 32.0, 13.0, 114.0, 80.0, 112.0, 124.0, 75.0, 110.0, 126.0, 77.0, 61.0, 63.0, 67.0, 113.0, 81.0, 73.0, 7.0, 55.0, 68.0, 104.0, 47.0, 44.0, 107.0, 39.0, 77.0, 60.0, 62.0, 127.0, 70.0, 31.0, 34.0, 119.0, 122.0, 61.0, 131.0, 78.0, 74.0, 49.0, 105.0, 110.0, 90.0, 122.0, 70.0, 124.0, 68.0, 62.0, 41.0, 119.0, 18.0, 137.0, 112.0, 76.0], [90.0, 90.0, 49.0, 90.0, 90.0, 90.0, 49.0, 49.0, 90.0, 90.0, 112.0, 91.0, 59.0, 89.0, 16.0, 88.0, 110.0, 88.0, 7.0, 0.0, 73.0, 93.0, 74.0, 109.0, 50.0, 111.0, 55.0, 13.0, 27.0, 110.0, 92.0, 126.0, 88.0, 120.0, 105.0, 19.0, 85.0, 99.0, 107.0, 95.0, 112.0, 42.0, 50.0, 122.0, 78.0, 78.0, 77.0, 36.0, 10.0, 81.0, 63.0, 46.0, 81.0, 63.0, 79.0, 111.0, 21.0, 62.0, 30.0, 6.0, 112.0, 80.0, 108.0, 122.0, 69.0, 109.0, 124.0, 72.0, 61.0, 55.0, 62.0, 110.0, 79.0, 73.0, 14.0, 52.0, 63.0, 104.0, 40.0, 38.0, 106.0, 34.0, 71.0, 56.0, 61.0, 127.0, 67.0, 29.0, 31.0, 119.0, 120.0, 56.0, 128.0, 72.0, 67.0, 42.0, 104.0, 106.0, 85.0, 122.0, 66.0, 122.0, 63.0, 60.0, 34.0, 116.0, 18.0, 134.0, 110.0, 72.0], [61.0, 61.0, 118.0, 61.0, 61.0, 61.0, 118.0, 118.0, 61.0, 61.0, 98.0, 71.0, 16.0, 72.0, 67.0, 33.0, 51.0, 77.0, 79.0, 73.0, 0.0, 31.0, 22.0, 97.0, 45.0, 50.0, 20.0, 68.0, 66.0, 89.0, 27.0, 96.0, 85.0, 100.0, 80.0, 62.0, 47.0, 60.0, 86.0, 87.0, 50.0, 52.0, 30.0, 91.0, 24.0, 61.0, 15.0, 38.0, 67.0, 16.0, 12.0, 60.0, 63.0, 56.0, 58.0, 92.0, 53.0, 15.0, 54.0, 71.0, 67.0, 71.0, 50.0, 85.0, 12.0, 83.0, 80.0, 27.0, 67.0, 33.0, 17.0, 62.0, 51.0, 72.0, 83.0, 40.0, 14.0, 80.0, 37.0, 35.0, 78.0, 41.0, 3.0, 32.0, 60.0, 107.0, 45.0, 58.0, 50.0, 94.0, 83.0, 28.0, 77.0, 1.0, 13.0, 47.0, 84.0, 45.0, 19.0, 100.0, 31.0, 81.0, 19.0, 46.0, 41.0, 62.0, 68.0, 84.0, 69.0, 30.0], [91.0, 91.0, 133.0, 91.0, 91.0, 91.0, 133.0, 133.0, 91.0, 91.0, 77.0, 53.0, 36.0, 55.0, 83.0, 9.0, 20.0, 62.0, 98.0, 93.0, 31.0, 0.0, 19.0, 78.0, 76.0, 19.0, 48.0, 85.0, 78.0, 67.0, 5.0, 69.0, 71.0, 77.0, 58.0, 88.0, 28.0, 35.0, 64.0, 71.0, 20.0, 81.0, 43.0, 64.0, 16.0, 48.0, 18.0, 58.0, 91.0, 16.0, 34.0, 64.0, 49.0, 51.0, 44.0, 69.0, 73.0, 33.0, 67.0, 93.0, 38.0, 59.0, 19.0, 57.0, 27.0, 60.0, 51.0, 22.0, 64.0, 64.0, 32.0, 32.0, 36.0, 63.0, 101.0, 46.0, 33.0, 58.0, 64.0, 56.0, 55.0, 60.0, 34.0, 39.0, 57.0, 83.0, 39.0, 71.0, 64.0, 69.0, 55.0, 38.0, 46.0, 31.0, 44.0, 76.0, 63.0, 14.0, 12.0, 76.0, 30.0, 53.0, 31.0, 45.0, 67.0, 31.0, 83.0, 53.0, 41.0, 24.0], [83.0, 83.0, 114.0, 83.0, 83.0, 83.0, 114.0, 114.0, 83.0, 83.0, 76.0, 49.0, 19.0, 51.0, 63.0, 16.0, 37.0, 57.0, 79.0, 74.0, 22.0, 19.0, 0.0, 76.0, 61.0, 37.0, 33.0, 66.0, 59.0, 68.0, 19.0, 75.0, 64.0, 78.0, 59.0, 69.0, 25.0, 39.0, 64.0, 66.0, 39.0, 65.0, 24.0, 70.0, 4.0, 40.0, 8.0, 38.0, 71.0, 11.0, 18.0, 47.0, 42.0, 38.0, 37.0, 70.0, 53.0, 15.0, 48.0, 74.0, 47.0, 50.0, 35.0, 64.0, 11.0, 62.0, 61.0, 6.0, 51.0, 50.0, 14.0, 43.0, 30.0, 52.0, 81.0, 28.0, 15.0, 58.0, 47.0, 37.0, 57.0, 40.0, 23.0, 20.0, 43.0, 86.0, 26.0, 52.0, 45.0, 72.0, 63.0, 18.0, 60.0, 21.0, 33.0, 60.0, 62.0, 32.0, 14.0, 78.0, 13.0, 61.0, 12.0, 29.0, 48.0, 46.0, 64.0, 66.0, 48.0, 9.0], [157.0, 157.0, 121.0, 157.0, 157.0, 157.0, 121.0, 121.0, 157.0, 157.0, 4.0, 27.0, 88.0, 26.0, 94.0, 70.0, 72.0, 23.0, 109.0, 109.0, 97.0, 78.0, 76.0, 0.0, 127.0, 74.0, 102.0, 96.0, 83.0, 13.0, 82.0, 29.0, 21.0, 14.0, 21.0, 118.0, 52.0, 44.0, 15.0, 14.0, 78.0, 127.0, 80.0, 30.0, 75.0, 38.0, 83.0, 90.0, 114.0, 85.0, 90.0, 63.0, 35.0, 50.0, 40.0, 12.0, 97.0, 86.0, 82.0, 113.0, 49.0, 31.0, 69.0, 38.0, 86.0, 21.0, 48.0, 70.0, 48.0, 119.0, 84.0, 54.0, 47.0, 36.0, 106.0, 69.0, 87.0, 21.0, 108.0, 91.0, 25.0, 90.0, 98.0, 73.0, 50.0, 19.0, 55.0, 81.0, 83.0, 20.0, 37.0, 76.0, 60.0, 97.0, 107.0, 122.0, 15.0, 75.0, 85.0, 17.0, 68.0, 43.0, 81.0, 58.0, 106.0, 63.0, 92.0, 62.0, 44.0, 67.0], [40.0, 40.0, 99.0, 40.0, 40.0, 40.0, 99.0, 99.0, 40.0, 40.0, 128.0, 102.0, 42.0, 102.0, 55.0, 76.0, 96.0, 104.0, 58.0, 50.0, 45.0, 76.0, 61.0, 127.0, 0.0, 95.0, 28.0, 55.0, 62.0, 122.0, 72.0, 133.0, 109.0, 133.0, 114.0, 32.0, 83.0, 99.0, 118.0, 114.0, 95.0, 10.0, 47.0, 128.0, 64.0, 89.0, 58.0, 38.0, 41.0, 60.0, 43.0, 70.0, 92.0, 78.0, 88.0, 124.0, 40.0, 46.0, 53.0, 45.0, 108.0, 96.0, 94.0, 124.0, 50.0, 118.0, 121.0, 63.0, 84.0, 12.0, 47.0, 104.0, 83.0, 93.0, 64.0, 58.0, 45.0, 113.0, 19.0, 36.0, 113.0, 39.0, 42.0, 54.0, 79.0, 141.0, 73.0, 57.0, 49.0, 129.0, 122.0, 52.0, 121.0, 45.0, 33.0, 9.0, 116.0, 90.0, 64.0, 134.0, 62.0, 122.0, 50.0, 69.0, 23.0, 106.0, 57.0, 127.0, 109.0, 65.0], [108.0, 108.0, 147.0, 108.0, 108.0, 108.0, 147.0, 147.0, 108.0, 108.0, 72.0, 53.0, 56.0, 56.0, 99.0, 22.0, 2.0, 64.0, 115.0, 111.0, 50.0, 19.0, 37.0, 74.0, 95.0, 0.0, 68.0, 101.0, 93.0, 62.0, 23.0, 59.0, 73.0, 70.0, 53.0, 106.0, 33.0, 31.0, 59.0, 70.0, 4.0, 101.0, 61.0, 54.0, 33.0, 53.0, 37.0, 76.0, 109.0, 35.0, 53.0, 77.0, 53.0, 61.0, 49.0, 64.0, 90.0, 52.0, 83.0, 111.0, 27.0, 62.0, 5.0, 45.0, 46.0, 54.0, 36.0, 38.0, 73.0, 83.0, 51.0, 20.0, 43.0, 69.0, 117.0, 61.0, 52.0, 53.0, 84.0, 74.0, 49.0, 78.0, 53.0, 55.0, 67.0, 75.0, 50.0, 86.0, 81.0, 61.0, 44.0, 55.0, 29.0, 51.0, 63.0, 96.0, 59.0, 5.0, 32.0, 68.0, 45.0, 40.0, 49.0, 57.0, 85.0, 15.0, 99.0, 35.0, 31.0, 39.0], [56.0, 56.0, 102.0, 56.0, 56.0, 56.0, 102.0, 102.0, 56.0, 56.0, 103.0, 76.0, 15.0, 76.0, 51.0, 48.0, 68.0, 80.0, 61.0, 55.0, 20.0, 48.0, 33.0, 102.0, 28.0, 68.0, 0.0, 52.0, 53.0, 96.0, 45.0, 106.0, 86.0, 107.0, 88.0, 43.0, 56.0, 71.0, 92.0, 90.0, 68.0, 33.0, 23.0, 101.0, 37.0, 64.0, 31.0, 23.0, 48.0, 33.0, 15.0, 52.0, 67.0, 55.0, 63.0, 98.0, 36.0, 18.0, 41.0, 52.0, 80.0, 73.0, 67.0, 97.0, 22.0, 92.0, 94.0, 36.0, 64.0, 17.0, 20.0, 76.0, 57.0, 71.0, 66.0, 36.0, 18.0, 87.0, 17.0, 20.0, 87.0, 26.0, 17.0, 30.0, 58.0, 115.0, 48.0, 46.0, 37.0, 102.0, 95.0, 27.0, 93.0, 19.0, 13.0, 28.0, 90.0, 63.0, 37.0, 108.0, 35.0, 94.0, 22.0, 45.0, 21.0, 78.0, 52.0, 99.0, 81.0, 38.0], [95.0, 95.0, 50.0, 95.0, 95.0, 95.0, 50.0, 50.0, 95.0, 95.0, 99.0, 78.0, 53.0, 76.0, 2.0, 79.0, 100.0, 75.0, 14.0, 13.0, 68.0, 85.0, 66.0, 96.0, 55.0, 101.0, 52.0, 0.0, 13.0, 97.0, 84.0, 113.0, 75.0, 106.0, 92.0, 28.0, 74.0, 88.0, 94.0, 82.0, 103.0, 48.0, 42.0, 109.0, 69.0, 65.0, 70.0, 30.0, 20.0, 74.0, 57.0, 33.0, 68.0, 51.0, 67.0, 98.0, 17.0, 56.0, 18.0, 18.0, 100.0, 67.0, 98.0, 110.0, 62.0, 96.0, 112.0, 63.0, 48.0, 57.0, 55.0, 99.0, 67.0, 60.0, 16.0, 41.0, 56.0, 91.0, 40.0, 33.0, 93.0, 27.0, 66.0, 46.0, 48.0, 114.0, 55.0, 17.0, 21.0, 106.0, 108.0, 47.0, 117.0, 67.0, 65.0, 46.0, 91.0, 97.0, 77.0, 108.0, 56.0, 110.0, 55.0, 48.0, 34.0, 105.0, 4.0, 122.0, 98.0, 62.0], [101.0, 101.0, 54.0, 101.0, 101.0, 101.0, 54.0, 54.0, 101.0, 101.0, 86.0, 65.0, 50.0, 64.0, 11.0, 72.0, 92.0, 62.0, 26.0, 27.0, 66.0, 78.0, 59.0, 83.0, 62.0, 93.0, 53.0, 13.0, 0.0, 84.0, 78.0, 101.0, 62.0, 94.0, 79.0, 39.0, 64.0, 77.0, 81.0, 69.0, 96.0, 57.0, 37.0, 97.0, 63.0, 53.0, 65.0, 29.0, 33.0, 69.0, 55.0, 21.0, 56.0, 39.0, 55.0, 85.0, 22.0, 52.0, 12.0, 31.0, 89.0, 54.0, 90.0, 98.0, 58.0, 84.0, 101.0, 56.0, 35.0, 61.0, 51.0, 89.0, 56.0, 47.0, 25.0, 33.0, 53.0, 78.0, 45.0, 32.0, 81.0, 27.0, 64.0, 40.0, 35.0, 101.0, 45.0, 8.0, 16.0, 93.0, 96.0, 41.0, 106.0, 65.0, 65.0, 54.0, 79.0, 89.0, 72.0, 96.0, 49.0, 98.0, 50.0, 38.0, 39.0, 96.0, 9.0, 112.0, 87.0, 54.0], [150.0, 150.0, 126.0, 150.0, 150.0, 150.0, 126.0, 126.0, 150.0, 150.0, 11.0, 20.0, 81.0, 21.0, 94.0, 59.0, 59.0, 22.0, 110.0, 110.0, 89.0, 67.0, 68.0, 13.0, 122.0, 62.0, 96.0, 97.0, 84.0, 0.0, 72.0, 19.0, 26.0, 11.0, 9.0, 116.0, 43.0, 32.0, 4.0, 19.0, 66.0, 123.0, 75.0, 18.0, 66.0, 34.0, 75.0, 87.0, 113.0, 76.0, 83.0, 64.0, 30.0, 47.0, 34.0, 2.0, 96.0, 79.0, 81.0, 113.0, 36.0, 30.0, 57.0, 26.0, 78.0, 8.0, 35.0, 62.0, 49.0, 113.0, 77.0, 42.0, 39.0, 38.0, 108.0, 65.0, 80.0, 10.0, 104.0, 88.0, 12.0, 87.0, 90.0, 68.0, 49.0, 19.0, 49.0, 81.0, 82.0, 10.0, 24.0, 70.0, 47.0, 88.0, 100.0, 118.0, 6.0, 63.0, 75.0, 12.0, 61.0, 30.0, 74.0, 54.0, 102.0, 50.0, 93.0, 49.0, 31.0, 60.0], [86.0, 86.0, 133.0, 86.0, 86.0, 86.0, 133.0, 133.0, 86.0, 86.0, 81.0, 57.0, 34.0, 59.0, 82.0, 13.0, 24.0, 66.0, 97.0, 92.0, 27.0, 5.0, 19.0, 82.0, 72.0, 23.0, 45.0, 84.0, 78.0, 72.0, 0.0, 74.0, 75.0, 81.0, 63.0, 86.0, 31.0, 39.0, 68.0, 75.0, 23.0, 78.0, 42.0, 69.0, 16.0, 51.0, 15.0, 56.0, 89.0, 12.0, 31.0, 65.0, 53.0, 53.0, 48.0, 74.0, 72.0, 31.0, 67.0, 92.0, 43.0, 62.0, 23.0, 61.0, 24.0, 64.0, 55.0, 23.0, 66.0, 60.0, 30.0, 37.0, 40.0, 66.0, 100.0, 46.0, 30.0, 62.0, 62.0, 54.0, 60.0, 59.0, 30.0, 39.0, 59.0, 88.0, 41.0, 71.0, 64.0, 74.0, 60.0, 37.0, 51.0, 28.0, 40.0, 73.0, 67.0, 18.0, 9.0, 81.0, 30.0, 57.0, 30.0, 46.0, 64.0, 35.0, 83.0, 57.0, 45.0, 25.0], [157.0, 157.0, 145.0, 157.0, 157.0, 157.0, 145.0, 145.0, 157.0, 157.0, 25.0, 35.0, 91.0, 37.0, 111.0, 64.0, 56.0, 40.0, 127.0, 126.0, 96.0, 69.0, 75.0, 29.0, 133.0, 59.0, 106.0, 113.0, 101.0, 19.0, 74.0, 0.0, 45.0, 16.0, 21.0, 131.0, 50.0, 36.0, 21.0, 37.0, 63.0, 135.0, 87.0, 5.0, 72.0, 49.0, 81.0, 100.0, 129.0, 81.0, 92.0, 80.0, 45.0, 63.0, 47.0, 19.0, 111.0, 88.0, 97.0, 129.0, 32.0, 47.0, 55.0, 15.0, 86.0, 17.0, 24.0, 71.0, 67.0, 123.0, 86.0, 39.0, 51.0, 55.0, 126.0, 78.0, 89.0, 23.0, 116.0, 101.0, 20.0, 101.0, 97.0, 79.0, 65.0, 18.0, 62.0, 97.0, 97.0, 10.0, 15.0, 81.0, 37.0, 95.0, 108.0, 130.0, 23.0, 61.0, 80.0, 13.0, 72.0, 20.0, 84.0, 68.0, 115.0, 45.0, 109.0, 36.0, 29.0, 68.0], [142.0, 142.0, 100.0, 142.0, 142.0, 142.0, 100.0, 100.0, 142.0, 142.0, 24.0, 20.0, 73.0, 17.0, 73.0, 63.0, 71.0, 9.0, 88.0, 88.0, 85.0, 71.0, 64.0, 21.0, 109.0, 73.0, 86.0, 75.0, 62.0, 26.0, 75.0, 45.0, 0.0, 33.0, 27.0, 98.0, 44.0, 43.0, 25.0, 8.0, 77.0, 108.0, 63.0, 44.0, 64.0, 25.0, 72.0, 72.0, 93.0, 75.0, 76.0, 43.0, 22.0, 32.0, 28.0, 27.0, 77.0, 72.0, 62.0, 92.0, 52.0, 14.0, 68.0, 49.0, 73.0, 31.0, 57.0, 58.0, 27.0, 102.0, 70.0, 56.0, 36.0, 16.0, 85.0, 51.0, 73.0, 26.0, 90.0, 73.0, 31.0, 71.0, 85.0, 57.0, 30.0, 40.0, 40.0, 60.0, 63.0, 36.0, 48.0, 60.0, 68.0, 84.0, 93.0, 104.0, 23.0, 72.0, 76.0, 36.0, 54.0, 52.0, 67.0, 41.0, 87.0, 66.0, 71.0, 71.0, 48.0, 55.0], [161.0, 161.0, 134.0, 161.0, 161.0, 161.0, 134.0, 134.0, 161.0, 161.0, 10.0, 31.0, 92.0, 32.0, 104.0, 69.0, 67.0, 32.0, 120.0, 120.0, 100.0, 77.0, 78.0, 14.0, 133.0, 70.0, 107.0, 106.0, 94.0, 11.0, 81.0, 16.0, 33.0, 0.0, 19.0, 127.0, 53.0, 42.0, 15.0, 25.0, 74.0, 134.0, 86.0, 19.0, 76.0, 45.0, 85.0, 98.0, 124.0, 86.0, 94.0, 73.0, 41.0, 58.0, 45.0, 9.0, 106.0, 90.0, 92.0, 123.0, 43.0, 40.0, 65.0, 29.0, 89.0, 17.0, 39.0, 73.0, 59.0, 124.0, 88.0, 49.0, 50.0, 47.0, 117.0, 76.0, 91.0, 20.0, 115.0, 98.0, 22.0, 98.0, 101.0, 78.0, 59.0, 8.0, 60.0, 91.0, 92.0, 9.0, 28.0, 81.0, 51.0, 99.0, 111.0, 129.0, 17.0, 71.0, 85.0, 3.0, 72.0, 33.0, 85.0, 65.0, 113.0, 57.0, 102.0, 51.0, 39.0, 70.0], [141.0, 141.0, 124.0, 141.0, 141.0, 141.0, 124.0, 124.0, 141.0, 141.0, 19.0, 14.0, 73.0, 16.0, 90.0, 50.0, 51.0, 20.0, 106.0, 105.0, 80.0, 58.0, 59.0, 21.0, 114.0, 53.0, 88.0, 92.0, 79.0, 9.0, 63.0, 21.0, 27.0, 19.0, 0.0, 110.0, 34.0, 24.0, 6.0, 21.0, 57.0, 116.0, 67.0, 18.0, 57.0, 28.0, 66.0, 80.0, 108.0, 67.0, 75.0, 59.0, 24.0, 42.0, 27.0, 11.0, 90.0, 71.0, 76.0, 108.0, 28.0, 26.0, 49.0, 22.0, 69.0, 5.0, 30.0, 54.0, 46.0, 105.0, 69.0, 34.0, 31.0, 34.0, 104.0, 58.0, 71.0, 1.0, 97.0, 80.0, 4.0, 80.0, 81.0, 60.0, 44.0, 27.0, 42.0, 76.0, 76.0, 15.0, 21.0, 62.0, 42.0, 80.0, 91.0, 111.0, 6.0, 54.0, 66.0, 20.0, 53.0, 25.0, 66.0, 47.0, 95.0, 43.0, 88.0, 44.0, 24.0, 51.0], [71.0, 71.0, 67.0, 71.0, 71.0, 71.0, 67.0, 67.0, 71.0, 71.0, 120.0, 96.0, 51.0, 95.0, 29.0, 84.0, 106.0, 96.0, 27.0, 19.0, 62.0, 88.0, 69.0, 118.0, 32.0, 106.0, 43.0, 28.0, 39.0, 116.0, 86.0, 131.0, 98.0, 127.0, 110.0, 0.0, 85.0, 100.0, 113.0, 104.0, 107.0, 23.0, 47.0, 126.0, 73.0, 82.0, 70.0, 32.0, 9.0, 73.0, 55.0, 55.0, 86.0, 69.0, 83.0, 118.0, 21.0, 55.0, 36.0, 14.0, 112.0, 87.0, 104.0, 125.0, 61.0, 114.0, 125.0, 69.0, 70.0, 39.0, 55.0, 109.0, 81.0, 82.0, 34.0, 53.0, 55.0, 109.0, 26.0, 33.0, 110.0, 30.0, 60.0, 54.0, 68.0, 134.0, 69.0, 38.0, 34.0, 124.0, 123.0, 53.0, 127.0, 62.0, 54.0, 23.0, 111.0, 101.0, 77.0, 128.0, 64.0, 124.0, 57.0, 63.0, 22.0, 114.0, 31.0, 133.0, 111.0, 69.0], [108.0, 108.0, 116.0, 108.0, 108.0, 108.0, 116.0, 116.0, 108.0, 108.0, 52.0, 26.0, 41.0, 28.0, 71.0, 19.0, 31.0, 35.0, 88.0, 85.0, 47.0, 28.0, 25.0, 52.0, 83.0, 33.0, 56.0, 74.0, 64.0, 43.0, 31.0, 50.0, 44.0, 53.0, 34.0, 85.0, 0.0, 16.0, 39.0, 43.0, 36.0, 86.0, 39.0, 45.0, 23.0, 21.0, 32.0, 53.0, 85.0, 34.0, 42.0, 45.0, 22.0, 28.0, 17.0, 45.0, 66.0, 38.0, 55.0, 86.0, 27.0, 31.0, 28.0, 41.0, 36.0, 37.0, 40.0, 20.0, 40.0, 73.0, 36.0, 25.0, 10.0, 36.0, 89.0, 33.0, 39.0, 33.0, 67.0, 53.0, 32.0, 55.0, 48.0, 31.0, 34.0, 60.0, 19.0, 57.0, 54.0, 47.0, 39.0, 33.0, 43.0, 46.0, 58.0, 81.0, 37.0, 30.0, 33.0, 53.0, 22.0, 39.0, 34.0, 26.0, 67.0, 32.0, 71.0, 49.0, 26.0, 18.0], [121.0, 121.0, 128.0, 121.0, 121.0, 121.0, 128.0, 128.0, 121.0, 121.0, 43.0, 23.0, 56.0, 26.0, 85.0, 28.0, 28.0, 34.0, 102.0, 99.0, 60.0, 35.0, 39.0, 44.0, 99.0, 31.0, 71.0, 88.0, 77.0, 32.0, 39.0, 36.0, 43.0, 42.0, 24.0, 100.0, 16.0, 0.0, 29.0, 40.0, 35.0, 102.0, 54.0, 30.0, 36.0, 27.0, 45.0, 69.0, 100.0, 45.0, 56.0, 57.0, 25.0, 39.0, 23.0, 35.0, 81.0, 53.0, 70.0, 101.0, 13.0, 34.0, 26.0, 26.0, 50.0, 25.0, 25.0, 35.0, 49.0, 88.0, 51.0, 14.0, 20.0, 41.0, 102.0, 48.0, 53.0, 23.0, 83.0, 68.0, 20.0, 70.0, 61.0, 47.0, 44.0, 49.0, 32.0, 71.0, 69.0, 35.0, 24.0, 48.0, 30.0, 60.0, 72.0, 96.0, 29.0, 31.0, 44.0, 41.0, 38.0, 23.0, 49.0, 39.0, 82.0, 23.0, 84.0, 35.0, 11.0, 33.0], [146.0, 146.0, 124.0, 146.0, 146.0, 146.0, 124.0, 124.0, 146.0, 146.0, 13.0, 17.0, 78.0, 18.0, 91.0, 56.0, 57.0, 20.0, 107.0, 107.0, 86.0, 64.0, 64.0, 15.0, 118.0, 59.0, 92.0, 94.0, 81.0, 4.0, 68.0, 21.0, 25.0, 15.0, 6.0, 113.0, 39.0, 29.0, 0.0, 17.0, 63.0, 119.0, 71.0, 19.0, 62.0, 31.0, 71.0, 83.0, 110.0, 73.0, 79.0, 60.0, 27.0, 44.0, 30.0, 6.0, 92.0, 76.0, 78.0, 110.0, 34.0, 27.0, 54.0, 26.0, 74.0, 7.0, 34.0, 59.0, 47.0, 110.0, 73.0, 39.0, 36.0, 35.0, 105.0, 61.0, 76.0, 6.0, 101.0, 84.0, 10.0, 84.0, 87.0, 64.0, 46.0, 22.0, 46.0, 78.0, 79.0, 12.0, 24.0, 66.0, 46.0, 85.0, 96.0, 115.0, 2.0, 60.0, 72.0, 15.0, 58.0, 29.0, 71.0, 51.0, 99.0, 48.0, 90.0, 48.0, 29.0, 56.0], [145.0, 145.0, 108.0, 145.0, 145.0, 145.0, 108.0, 108.0, 145.0, 145.0, 17.0, 18.0, 76.0, 16.0, 80.0, 62.0, 68.0, 10.0, 95.0, 95.0, 87.0, 71.0, 66.0, 14.0, 114.0, 70.0, 90.0, 82.0, 69.0, 19.0, 75.0, 37.0, 8.0, 25.0, 21.0, 104.0, 43.0, 40.0, 17.0, 0.0, 75.0, 114.0, 67.0, 36.0, 65.0, 27.0, 74.0, 77.0, 100.0, 76.0, 79.0, 50.0, 24.0, 36.0, 29.0, 19.0, 83.0, 75.0, 68.0, 99.0, 48.0, 18.0, 65.0, 43.0, 75.0, 24.0, 51.0, 60.0, 34.0, 107.0, 72.0, 52.0, 37.0, 22.0, 92.0, 56.0, 75.0, 20.0, 95.0, 78.0, 25.0, 77.0, 87.0, 60.0, 36.0, 32.0, 43.0, 67.0, 70.0, 28.0, 41.0, 64.0, 62.0, 86.0, 96.0, 109.0, 16.0, 70.0, 76.0, 28.0, 57.0, 46.0, 70.0, 45.0, 92.0, 62.0, 78.0, 65.0, 43.0, 57.0], [106.0, 106.0, 150.0, 106.0, 106.0, 106.0, 150.0, 150.0, 106.0, 106.0, 76.0, 57.0, 56.0, 60.0, 101.0, 24.0, 7.0, 68.0, 117.0, 112.0, 50.0, 20.0, 39.0, 78.0, 95.0, 4.0, 68.0, 103.0, 96.0, 66.0, 23.0, 63.0, 77.0, 74.0, 57.0, 107.0, 36.0, 35.0, 63.0, 75.0, 0.0, 101.0, 62.0, 57.0, 35.0, 57.0, 38.0, 77.0, 110.0, 35.0, 54.0, 79.0, 57.0, 64.0, 53.0, 68.0, 92.0, 53.0, 85.0, 113.0, 31.0, 66.0, 9.0, 48.0, 46.0, 58.0, 40.0, 40.0, 77.0, 83.0, 52.0, 24.0, 46.0, 72.0, 119.0, 63.0, 52.0, 57.0, 84.0, 75.0, 54.0, 79.0, 52.0, 57.0, 70.0, 79.0, 53.0, 88.0, 83.0, 65.0, 48.0, 56.0, 32.0, 50.0, 63.0, 96.0, 63.0, 7.0, 31.0, 72.0, 47.0, 43.0, 51.0, 59.0, 86.0, 18.0, 101.0, 37.0, 35.0, 41.0], [48.0, 48.0, 90.0, 48.0, 48.0, 48.0, 90.0, 90.0, 48.0, 48.0, 128.0, 103.0, 46.0, 102.0, 48.0, 81.0, 101.0, 104.0, 50.0, 42.0, 52.0, 81.0, 65.0, 127.0, 10.0, 101.0, 33.0, 48.0, 57.0, 123.0, 78.0, 135.0, 108.0, 134.0, 116.0, 23.0, 86.0, 102.0, 119.0, 114.0, 101.0, 0.0, 48.0, 130.0, 69.0, 89.0, 64.0, 37.0, 32.0, 66.0, 48.0, 67.0, 93.0, 77.0, 89.0, 125.0, 35.0, 50.0, 49.0, 37.0, 112.0, 96.0, 100.0, 127.0, 55.0, 120.0, 125.0, 67.0, 82.0, 21.0, 51.0, 108.0, 85.0, 92.0, 56.0, 58.0, 50.0, 114.0, 19.0, 35.0, 115.0, 37.0, 49.0, 56.0, 78.0, 141.0, 74.0, 53.0, 46.0, 130.0, 125.0, 54.0, 125.0, 51.0, 41.0, 5.0, 117.0, 96.0, 70.0, 135.0, 64.0, 125.0, 54.0, 69.0, 21.0, 111.0, 51.0, 131.0, 112.0, 68.0], [79.0, 79.0, 91.0, 79.0, 79.0, 79.0, 91.0, 91.0, 79.0, 79.0, 81.0, 55.0, 13.0, 55.0, 40.0, 38.0, 60.0, 58.0, 55.0, 50.0, 30.0, 43.0, 24.0, 80.0, 47.0, 61.0, 23.0, 42.0, 37.0, 75.0, 42.0, 87.0, 63.0, 86.0, 67.0, 47.0, 39.0, 54.0, 71.0, 67.0, 62.0, 48.0, 0.0, 82.0, 28.0, 42.0, 28.0, 15.0, 48.0, 32.0, 18.0, 31.0, 45.0, 31.0, 41.0, 77.0, 30.0, 15.0, 25.0, 50.0, 65.0, 50.0, 58.0, 79.0, 21.0, 71.0, 79.0, 22.0, 41.0, 39.0, 14.0, 62.0, 36.0, 48.0, 58.0, 12.0, 16.0, 66.0, 29.0, 14.0, 67.0, 17.0, 28.0, 8.0, 34.0, 94.0, 26.0, 29.0, 22.0, 82.0, 78.0, 6.0, 80.0, 29.0, 33.0, 43.0, 69.0, 56.0, 36.0, 87.0, 17.0, 78.0, 13.0, 22.0, 28.0, 67.0, 40.0, 86.0, 65.0, 22.0], [152.0, 152.0, 142.0, 152.0, 152.0, 152.0, 142.0, 142.0, 152.0, 152.0, 26.0, 32.0, 86.0, 34.0, 107.0, 58.0, 51.0, 38.0, 123.0, 122.0, 91.0, 64.0, 70.0, 30.0, 128.0, 54.0, 101.0, 109.0, 97.0, 18.0, 69.0, 5.0, 44.0, 19.0, 18.0, 126.0, 45.0, 30.0, 19.0, 36.0, 57.0, 130.0, 82.0, 0.0, 67.0, 45.0, 75.0, 96.0, 125.0, 76.0, 87.0, 77.0, 41.0, 59.0, 43.0, 19.0, 106.0, 83.0, 93.0, 125.0, 27.0, 44.0, 50.0, 10.0, 81.0, 14.0, 20.0, 65.0, 64.0, 118.0, 81.0, 33.0, 46.0, 53.0, 122.0, 74.0, 84.0, 19.0, 111.0, 96.0, 16.0, 96.0, 92.0, 74.0, 62.0, 22.0, 57.0, 93.0, 93.0, 10.0, 10.0, 76.0, 33.0, 90.0, 102.0, 125.0, 21.0, 56.0, 74.0, 16.0, 66.0, 15.0, 79.0, 64.0, 110.0, 40.0, 106.0, 33.0, 23.0, 63.0], [85.0, 85.0, 117.0, 85.0, 85.0, 85.0, 117.0, 117.0, 85.0, 85.0, 74.0, 48.0, 23.0, 50.0, 67.0, 12.0, 33.0, 56.0, 83.0, 78.0, 24.0, 16.0, 4.0, 75.0, 64.0, 33.0, 37.0, 69.0, 63.0, 66.0, 16.0, 72.0, 64.0, 76.0, 57.0, 73.0, 23.0, 36.0, 62.0, 65.0, 35.0, 69.0, 28.0, 67.0, 0.0, 40.0, 9.0, 43.0, 75.0, 11.0, 21.0, 50.0, 42.0, 39.0, 37.0, 68.0, 57.0, 19.0, 52.0, 78.0, 44.0, 50.0, 31.0, 61.0, 14.0, 60.0, 57.0, 7.0, 52.0, 53.0, 18.0, 39.0, 29.0, 53.0, 85.0, 31.0, 19.0, 56.0, 51.0, 41.0, 55.0, 45.0, 25.0, 23.0, 45.0, 83.0, 27.0, 55.0, 49.0, 70.0, 60.0, 22.0, 56.0, 23.0, 36.0, 64.0, 61.0, 28.0, 12.0, 76.0, 15.0, 58.0, 16.0, 31.0, 52.0, 42.0, 68.0, 63.0, 45.0, 10.0], [119.0, 119.0, 101.0, 119.0, 119.0, 119.0, 101.0, 101.0, 119.0, 119.0, 40.0, 14.0, 50.0, 13.0, 62.0, 39.0, 51.0, 17.0, 79.0, 78.0, 61.0, 48.0, 40.0, 38.0, 89.0, 53.0, 64.0, 65.0, 53.0, 34.0, 51.0, 49.0, 25.0, 45.0, 28.0, 82.0, 21.0, 27.0, 31.0, 27.0, 57.0, 89.0, 42.0, 45.0, 40.0, 0.0, 48.0, 53.0, 80.0, 51.0, 52.0, 32.0, 4.0, 14.0, 4.0, 36.0, 62.0, 48.0, 48.0, 80.0, 39.0, 11.0, 48.0, 45.0, 49.0, 32.0, 49.0, 34.0, 22.0, 81.0, 46.0, 41.0, 12.0, 15.0, 78.0, 31.0, 49.0, 26.0, 70.0, 54.0, 28.0, 53.0, 61.0, 34.0, 18.0, 52.0, 16.0, 48.0, 48.0, 42.0, 43.0, 37.0, 56.0, 60.0, 69.0, 84.0, 28.0, 51.0, 51.0, 46.0, 30.0, 46.0, 43.0, 20.0, 68.0, 50.0, 61.0, 61.0, 36.0, 31.0], [77.0, 77.0, 119.0, 77.0, 77.0, 77.0, 119.0, 119.0, 77.0, 77.0, 83.0, 57.0, 19.0, 58.0, 68.0, 18.0, 38.0, 64.0, 83.0, 77.0, 15.0, 18.0, 8.0, 83.0, 58.0, 37.0, 31.0, 70.0, 65.0, 75.0, 15.0, 81.0, 72.0, 85.0, 66.0, 70.0, 32.0, 45.0, 71.0, 74.0, 38.0, 64.0, 28.0, 75.0, 9.0, 48.0, 0.0, 41.0, 74.0, 4.0, 16.0, 54.0, 50.0, 46.0, 45.0, 77.0, 57.0, 15.0, 53.0, 77.0, 52.0, 58.0, 36.0, 69.0, 9.0, 68.0, 65.0, 14.0, 59.0, 46.0, 15.0, 47.0, 37.0, 60.0, 86.0, 34.0, 15.0, 65.0, 47.0, 39.0, 63.0, 44.0, 17.0, 26.0, 51.0, 92.0, 34.0, 57.0, 50.0, 79.0, 68.0, 24.0, 63.0, 15.0, 28.0, 58.0, 69.0, 32.0, 7.0, 85.0, 20.0, 66.0, 15.0, 37.0, 49.0, 48.0, 69.0, 69.0, 53.0, 17.0], [75.0, 75.0, 80.0, 75.0, 75.0, 75.0, 80.0, 80.0, 75.0, 75.0, 92.0, 67.0, 23.0, 66.0, 28.0, 53.0, 75.0, 68.0, 41.0, 36.0, 38.0, 58.0, 38.0, 90.0, 38.0, 76.0, 23.0, 30.0, 29.0, 87.0, 56.0, 100.0, 72.0, 98.0, 80.0, 32.0, 53.0, 69.0, 83.0, 77.0, 77.0, 37.0, 15.0, 96.0, 43.0, 53.0, 41.0, 0.0, 33.0, 45.0, 28.0, 32.0, 56.0, 41.0, 53.0, 89.0, 15.0, 26.0, 17.0, 35.0, 80.0, 59.0, 73.0, 94.0, 33.0, 84.0, 93.0, 38.0, 46.0, 34.0, 26.0, 77.0, 50.0, 55.0, 45.0, 22.0, 27.0, 79.0, 19.0, 3.0, 80.0, 3.0, 36.0, 22.0, 41.0, 105.0, 38.0, 22.0, 13.0, 95.0, 92.0, 22.0, 95.0, 37.0, 36.0, 32.0, 81.0, 71.0, 49.0, 99.0, 32.0, 92.0, 27.0, 33.0, 16.0, 82.0, 29.0, 102.0, 79.0, 38.0], [80.0, 80.0, 58.0, 80.0, 80.0, 80.0, 58.0, 58.0, 80.0, 80.0, 116.0, 94.0, 55.0, 93.0, 22.0, 86.0, 108.0, 92.0, 18.0, 10.0, 67.0, 91.0, 71.0, 114.0, 41.0, 109.0, 48.0, 20.0, 33.0, 113.0, 89.0, 129.0, 93.0, 124.0, 108.0, 9.0, 85.0, 100.0, 110.0, 100.0, 110.0, 32.0, 48.0, 125.0, 75.0, 80.0, 74.0, 33.0, 0.0, 77.0, 59.0, 51.0, 84.0, 66.0, 82.0, 115.0, 19.0, 58.0, 32.0, 5.0, 112.0, 84.0, 106.0, 124.0, 65.0, 112.0, 125.0, 70.0, 66.0, 47.0, 58.0, 110.0, 80.0, 78.0, 25.0, 52.0, 59.0, 107.0, 32.0, 35.0, 109.0, 31.0, 65.0, 55.0, 65.0, 131.0, 68.0, 33.0, 32.0, 122.0, 122.0, 54.0, 128.0, 66.0, 60.0, 32.0, 108.0, 104.0, 81.0, 125.0, 65.0, 123.0, 59.0, 61.0, 27.0, 115.0, 24.0, 134.0, 111.0, 70.0], [76.0, 76.0, 123.0, 76.0, 76.0, 76.0, 123.0, 123.0, 76.0, 76.0, 85.0, 59.0, 22.0, 60.0, 72.0, 18.0, 36.0, 67.0, 86.0, 81.0, 16.0, 16.0, 11.0, 85.0, 60.0, 35.0, 33.0, 74.0, 69.0, 76.0, 12.0, 81.0, 75.0, 86.0, 67.0, 73.0, 34.0, 45.0, 73.0, 76.0, 35.0, 66.0, 32.0, 76.0, 11.0, 51.0, 4.0, 45.0, 77.0, 0.0, 19.0, 58.0, 53.0, 49.0, 48.0, 78.0, 60.0, 19.0, 57.0, 80.0, 51.0, 61.0, 35.0, 70.0, 12.0, 70.0, 65.0, 17.0, 62.0, 48.0, 19.0, 46.0, 40.0, 64.0, 90.0, 38.0, 18.0, 66.0, 49.0, 43.0, 65.0, 47.0, 18.0, 30.0, 55.0, 93.0, 37.0, 61.0, 54.0, 80.0, 68.0, 28.0, 62.0, 16.0, 28.0, 61.0, 71.0, 30.0, 4.0, 86.0, 24.0, 66.0, 19.0, 41.0, 52.0, 46.0, 72.0, 68.0, 53.0, 20.0], [67.0, 67.0, 107.0, 67.0, 67.0, 67.0, 107.0, 107.0, 67.0, 67.0, 91.0, 64.0, 5.0, 64.0, 56.0, 33.0, 53.0, 69.0, 69.0, 63.0, 12.0, 34.0, 18.0, 90.0, 43.0, 53.0, 15.0, 57.0, 55.0, 83.0, 31.0, 92.0, 76.0, 94.0, 75.0, 55.0, 42.0, 56.0, 79.0, 79.0, 54.0, 48.0, 18.0, 87.0, 21.0, 52.0, 16.0, 28.0, 59.0, 19.0, 0.0, 48.0, 55.0, 46.0, 51.0, 85.0, 43.0, 4.0, 42.0, 62.0, 65.0, 62.0, 52.0, 82.0, 7.0, 78.0, 79.0, 21.0, 57.0, 32.0, 6.0, 61.0, 44.0, 62.0, 73.0, 29.0, 3.0, 74.0, 31.0, 25.0, 73.0, 30.0, 10.0, 21.0, 50.0, 101.0, 36.0, 47.0, 39.0, 89.0, 80.0, 17.0, 78.0, 10.0, 17.0, 43.0, 78.0, 48.0, 23.0, 94.0, 22.0, 79.0, 9.0, 36.0, 33.0, 63.0, 57.0, 84.0, 66.0, 24.0], [106.0, 106.0, 71.0, 106.0, 106.0, 106.0, 71.0, 71.0, 106.0, 106.0, 66.0, 45.0, 44.0, 43.0, 31.0, 56.0, 75.0, 42.0, 47.0, 46.0, 60.0, 64.0, 47.0, 63.0, 70.0, 77.0, 52.0, 33.0, 21.0, 64.0, 65.0, 80.0, 43.0, 73.0, 59.0, 55.0, 45.0, 57.0, 60.0, 50.0, 79.0, 67.0, 31.0, 77.0, 50.0, 32.0, 54.0, 32.0, 51.0, 58.0, 48.0, 0.0, 35.0, 18.0, 35.0, 65.0, 34.0, 45.0, 19.0, 50.0, 70.0, 33.0, 72.0, 78.0, 50.0, 63.0, 81.0, 42.0, 15.0, 66.0, 43.0, 70.0, 37.0, 27.0, 46.0, 20.0, 46.0, 58.0, 51.0, 34.0, 60.0, 31.0, 59.0, 29.0, 15.0, 81.0, 27.0, 17.0, 21.0, 73.0, 76.0, 32.0, 87.0, 59.0, 63.0, 63.0, 58.0, 73.0, 61.0, 75.0, 35.0, 78.0, 41.0, 20.0, 47.0, 77.0, 29.0, 92.0, 67.0, 40.0], [122.0, 122.0, 104.0, 122.0, 122.0, 122.0, 104.0, 104.0, 122.0, 122.0, 36.0, 10.0, 53.0, 10.0, 66.0, 40.0, 51.0, 14.0, 82.0, 81.0, 63.0, 49.0, 42.0, 35.0, 92.0, 53.0, 67.0, 68.0, 56.0, 30.0, 53.0, 45.0, 22.0, 41.0, 24.0, 86.0, 22.0, 25.0, 27.0, 24.0, 57.0, 93.0, 45.0, 41.0, 42.0, 4.0, 50.0, 56.0, 84.0, 53.0, 55.0, 35.0, 0.0, 17.0, 5.0, 32.0, 66.0, 51.0, 52.0, 84.0, 37.0, 10.0, 48.0, 42.0, 51.0, 29.0, 46.0, 36.0, 24.0, 84.0, 49.0, 39.0, 13.0, 16.0, 81.0, 34.0, 52.0, 23.0, 74.0, 57.0, 25.0, 57.0, 64.0, 38.0, 21.0, 49.0, 19.0, 52.0, 52.0, 38.0, 40.0, 41.0, 55.0, 62.0, 72.0, 88.0, 25.0, 51.0, 53.0, 42.0, 33.0, 43.0, 46.0, 24.0, 72.0, 48.0, 64.0, 59.0, 34.0, 33.0], [110.0, 110.0, 89.0, 110.0, 110.0, 110.0, 89.0, 89.0, 110.0, 110.0, 51.0, 27.0, 42.0, 26.0, 48.0, 42.0, 59.0, 27.0, 65.0, 63.0, 56.0, 51.0, 38.0, 50.0, 78.0, 61.0, 55.0, 51.0, 39.0, 47.0, 53.0, 63.0, 32.0, 58.0, 42.0, 69.0, 28.0, 39.0, 44.0, 36.0, 64.0, 77.0, 31.0, 59.0, 39.0, 14.0, 46.0, 41.0, 66.0, 49.0, 46.0, 18.0, 17.0, 0.0, 16.0, 49.0, 48.0, 42.0, 34.0, 66.0, 51.0, 19.0, 56.0, 59.0, 44.0, 46.0, 62.0, 32.0, 13.0, 71.0, 39.0, 52.0, 19.0, 16.0, 64.0, 19.0, 42.0, 40.0, 59.0, 42.0, 43.0, 40.0, 55.0, 26.0, 6.0, 65.0, 12.0, 34.0, 35.0, 56.0, 57.0, 29.0, 69.0, 55.0, 62.0, 73.0, 42.0, 57.0, 51.0, 59.0, 26.0, 59.0, 37.0, 10.0, 56.0, 60.0, 47.0, 74.0, 49.0, 29.0], [117.0, 117.0, 105.0, 117.0, 117.0, 117.0, 105.0, 105.0, 117.0, 117.0, 40.0, 14.0, 48.0, 14.0, 65.0, 35.0, 47.0, 19.0, 81.0, 79.0, 58.0, 44.0, 37.0, 40.0, 88.0, 49.0, 63.0, 67.0, 55.0, 34.0, 48.0, 47.0, 28.0, 45.0, 27.0, 83.0, 17.0, 23.0, 30.0, 29.0, 53.0, 89.0, 41.0, 43.0, 37.0, 4.0, 45.0, 53.0, 82.0, 48.0, 51.0, 35.0, 5.0, 16.0, 0.0, 36.0, 63.0, 47.0, 50.0, 82.0, 36.0, 14.0, 44.0, 43.0, 47.0, 31.0, 46.0, 31.0, 26.0, 80.0, 44.0, 37.0, 8.0, 20.0, 80.0, 31.0, 47.0, 25.0, 70.0, 54.0, 27.0, 54.0, 59.0, 34.0, 21.0, 52.0, 15.0, 50.0, 50.0, 41.0, 41.0, 36.0, 53.0, 57.0, 68.0, 84.0, 28.0, 47.0, 48.0, 46.0, 28.0, 43.0, 42.0, 21.0, 68.0, 46.0, 63.0, 58.0, 33.0, 28.0], [152.0, 152.0, 127.0, 152.0, 152.0, 152.0, 127.0, 127.0, 152.0, 152.0, 9.0, 22.0, 84.0, 23.0, 96.0, 62.0, 61.0, 24.0, 112.0, 111.0, 92.0, 69.0, 70.0, 12.0, 124.0, 64.0, 98.0, 98.0, 85.0, 2.0, 74.0, 19.0, 27.0, 9.0, 11.0, 118.0, 45.0, 35.0, 6.0, 19.0, 68.0, 125.0, 77.0, 19.0, 68.0, 36.0, 77.0, 89.0, 115.0, 78.0, 85.0, 65.0, 32.0, 49.0, 36.0, 0.0, 97.0, 82.0, 83.0, 115.0, 38.0, 32.0, 59.0, 27.0, 80.0, 10.0, 36.0, 65.0, 51.0, 115.0, 79.0, 44.0, 42.0, 39.0, 110.0, 67.0, 82.0, 12.0, 106.0, 90.0, 15.0, 89.0, 92.0, 70.0, 51.0, 16.0, 51.0, 82.0, 84.0, 9.0, 26.0, 72.0, 49.0, 91.0, 102.0, 120.0, 8.0, 65.0, 78.0, 10.0, 64.0, 31.0, 77.0, 56.0, 104.0, 52.0, 94.0, 50.0, 33.0, 62.0], [80.0, 80.0, 66.0, 80.0, 80.0, 80.0, 66.0, 66.0, 80.0, 80.0, 99.0, 76.0, 38.0, 75.0, 16.0, 68.0, 90.0, 75.0, 26.0, 21.0, 53.0, 73.0, 53.0, 97.0, 40.0, 90.0, 36.0, 17.0, 22.0, 96.0, 72.0, 111.0, 77.0, 106.0, 90.0, 21.0, 66.0, 81.0, 92.0, 83.0, 92.0, 35.0, 30.0, 106.0, 57.0, 62.0, 57.0, 15.0, 19.0, 60.0, 43.0, 34.0, 66.0, 48.0, 63.0, 97.0, 0.0, 41.0, 15.0, 21.0, 93.0, 66.0, 88.0, 105.0, 48.0, 94.0, 106.0, 52.0, 50.0, 41.0, 41.0, 91.0, 61.0, 61.0, 31.0, 33.0, 42.0, 88.0, 24.0, 18.0, 90.0, 13.0, 50.0, 36.0, 47.0, 114.0, 49.0, 18.0, 14.0, 104.0, 103.0, 36.0, 109.0, 52.0, 48.0, 32.0, 90.0, 86.0, 64.0, 108.0, 46.0, 104.0, 42.0, 43.0, 18.0, 96.0, 18.0, 115.0, 92.0, 52.0], [71.0, 71.0, 105.0, 71.0, 71.0, 71.0, 105.0, 105.0, 71.0, 71.0, 87.0, 60.0, 4.0, 60.0, 54.0, 31.0, 52.0, 65.0, 68.0, 62.0, 15.0, 33.0, 15.0, 86.0, 46.0, 52.0, 18.0, 56.0, 52.0, 79.0, 31.0, 88.0, 72.0, 90.0, 71.0, 55.0, 38.0, 53.0, 76.0, 75.0, 53.0, 50.0, 15.0, 83.0, 19.0, 48.0, 15.0, 26.0, 58.0, 19.0, 4.0, 45.0, 51.0, 42.0, 47.0, 82.0, 41.0, 0.0, 40.0, 61.0, 62.0, 58.0, 50.0, 79.0, 7.0, 74.0, 76.0, 18.0, 53.0, 35.0, 2.0, 58.0, 40.0, 58.0, 71.0, 25.0, 1.0, 70.0, 32.0, 24.0, 70.0, 29.0, 14.0, 17.0, 46.0, 98.0, 32.0, 44.0, 36.0, 85.0, 77.0, 14.0, 75.0, 14.0, 21.0, 45.0, 74.0, 47.0, 23.0, 91.0, 18.0, 76.0, 5.0, 32.0, 34.0, 61.0, 55.0, 82.0, 63.0, 20.0], [91.0, 91.0, 66.0, 91.0, 91.0, 91.0, 66.0, 66.0, 91.0, 91.0, 84.0, 62.0, 38.0, 60.0, 16.0, 61.0, 82.0, 60.0, 32.0, 30.0, 54.0, 67.0, 48.0, 82.0, 53.0, 83.0, 41.0, 18.0, 12.0, 81.0, 67.0, 97.0, 62.0, 92.0, 76.0, 36.0, 55.0, 70.0, 78.0, 68.0, 85.0, 49.0, 25.0, 93.0, 52.0, 48.0, 53.0, 17.0, 32.0, 57.0, 42.0, 19.0, 52.0, 34.0, 50.0, 83.0, 15.0, 40.0, 0.0, 32.0, 82.0, 52.0, 80.0, 93.0, 46.0, 80.0, 94.0, 45.0, 35.0, 51.0, 39.0, 81.0, 49.0, 46.0, 34.0, 23.0, 41.0, 74.0, 35.0, 21.0, 77.0, 15.0, 52.0, 29.0, 33.0, 99.0, 37.0, 5.0, 4.0, 90.0, 91.0, 30.0, 99.0, 53.0, 53.0, 46.0, 76.0, 79.0, 61.0, 93.0, 38.0, 92.0, 38.0, 30.0, 29.0, 87.0, 16.0, 104.0, 80.0, 44.0], [85.0, 85.0, 53.0, 85.0, 85.0, 85.0, 53.0, 53.0, 85.0, 85.0, 116.0, 94.0, 58.0, 92.0, 20.0, 89.0, 111.0, 92.0, 13.0, 6.0, 71.0, 93.0, 74.0, 113.0, 45.0, 111.0, 52.0, 18.0, 31.0, 113.0, 92.0, 129.0, 92.0, 123.0, 108.0, 14.0, 86.0, 101.0, 110.0, 99.0, 113.0, 37.0, 50.0, 125.0, 78.0, 80.0, 77.0, 35.0, 5.0, 80.0, 62.0, 50.0, 84.0, 66.0, 82.0, 115.0, 21.0, 61.0, 32.0, 0.0, 113.0, 83.0, 108.0, 125.0, 68.0, 112.0, 126.0, 73.0, 65.0, 51.0, 61.0, 111.0, 81.0, 77.0, 20.0, 53.0, 62.0, 107.0, 36.0, 37.0, 109.0, 33.0, 69.0, 56.0, 64.0, 131.0, 69.0, 32.0, 33.0, 122.0, 123.0, 56.0, 129.0, 70.0, 65.0, 37.0, 108.0, 106.0, 84.0, 125.0, 67.0, 124.0, 62.0, 62.0, 31.0, 117.0, 22.0, 135.0, 112.0, 72.0], [128.0, 128.0, 140.0, 128.0, 128.0, 128.0, 140.0, 140.0, 128.0, 128.0, 47.0, 33.0, 66.0, 36.0, 98.0, 33.0, 24.0, 43.0, 114.0, 112.0, 67.0, 38.0, 47.0, 49.0, 108.0, 27.0, 80.0, 100.0, 89.0, 36.0, 43.0, 32.0, 52.0, 43.0, 28.0, 112.0, 27.0, 13.0, 34.0, 48.0, 31.0, 112.0, 65.0, 27.0, 44.0, 39.0, 52.0, 80.0, 112.0, 51.0, 65.0, 70.0, 37.0, 51.0, 36.0, 38.0, 93.0, 62.0, 82.0, 113.0, 0.0, 45.0, 23.0, 19.0, 58.0, 28.0, 14.0, 45.0, 61.0, 97.0, 60.0, 6.0, 33.0, 53.0, 114.0, 60.0, 62.0, 29.0, 93.0, 79.0, 24.0, 81.0, 69.0, 58.0, 56.0, 48.0, 45.0, 83.0, 81.0, 35.0, 18.0, 59.0, 17.0, 67.0, 79.0, 106.0, 34.0, 29.0, 49.0, 41.0, 48.0, 15.0, 58.0, 52.0, 93.0, 15.0, 97.0, 22.0, 5.0, 43.0], [128.0, 128.0, 98.0, 128.0, 128.0, 128.0, 98.0, 98.0, 128.0, 128.0, 33.0, 13.0, 59.0, 11.0, 64.0, 50.0, 60.0, 9.0, 80.0, 80.0, 71.0, 59.0, 50.0, 31.0, 96.0, 62.0, 73.0, 67.0, 54.0, 30.0, 62.0, 47.0, 14.0, 40.0, 26.0, 87.0, 31.0, 34.0, 27.0, 18.0, 66.0, 96.0, 50.0, 44.0, 50.0, 11.0, 58.0, 59.0, 84.0, 61.0, 62.0, 33.0, 10.0, 19.0, 14.0, 32.0, 66.0, 58.0, 52.0, 83.0, 45.0, 0.0, 57.0, 47.0, 59.0, 31.0, 53.0, 44.0, 19.0, 89.0, 55.0, 48.0, 22.0, 8.0, 78.0, 38.0, 58.0, 25.0, 78.0, 60.0, 29.0, 59.0, 71.0, 43.0, 19.0, 47.0, 26.0, 51.0, 53.0, 39.0, 45.0, 46.0, 62.0, 70.0, 79.0, 91.0, 25.0, 61.0, 62.0, 42.0, 40.0, 49.0, 53.0, 28.0, 75.0, 57.0, 63.0, 66.0, 41.0, 41.0], [109.0, 109.0, 143.0, 109.0, 109.0, 109.0, 143.0, 143.0, 109.0, 109.0, 68.0, 48.0, 54.0, 51.0, 96.0, 20.0, 3.0, 59.0, 112.0, 108.0, 50.0, 19.0, 35.0, 69.0, 94.0, 5.0, 67.0, 98.0, 90.0, 57.0, 23.0, 55.0, 68.0, 65.0, 49.0, 104.0, 28.0, 26.0, 54.0, 65.0, 9.0, 100.0, 58.0, 50.0, 31.0, 48.0, 36.0, 73.0, 106.0, 35.0, 52.0, 72.0, 48.0, 56.0, 44.0, 59.0, 88.0, 50.0, 80.0, 108.0, 23.0, 57.0, 0.0, 41.0, 44.0, 49.0, 33.0, 36.0, 69.0, 82.0, 49.0, 16.0, 38.0, 64.0, 114.0, 57.0, 50.0, 48.0, 82.0, 72.0, 45.0, 75.0, 52.0, 52.0, 62.0, 71.0, 46.0, 83.0, 78.0, 57.0, 40.0, 52.0, 28.0, 50.0, 63.0, 94.0, 54.0, 6.0, 31.0, 64.0, 42.0, 36.0, 47.0, 53.0, 84.0, 12.0, 96.0, 34.0, 27.0, 36.0], [146.0, 146.0, 146.0, 146.0, 146.0, 146.0, 146.0, 146.0, 146.0, 146.0, 35.0, 34.0, 82.0, 37.0, 108.0, 52.0, 42.0, 42.0, 124.0, 122.0, 85.0, 57.0, 64.0, 38.0, 124.0, 45.0, 97.0, 110.0, 98.0, 26.0, 61.0, 15.0, 49.0, 29.0, 22.0, 125.0, 41.0, 26.0, 26.0, 43.0, 48.0, 127.0, 79.0, 10.0, 61.0, 45.0, 69.0, 94.0, 124.0, 70.0, 82.0, 78.0, 42.0, 59.0, 43.0, 27.0, 105.0, 79.0, 93.0, 125.0, 19.0, 47.0, 41.0, 0.0, 75.0, 19.0, 10.0, 61.0, 66.0, 114.0, 77.0, 25.0, 44.0, 56.0, 123.0, 72.0, 79.0, 23.0, 108.0, 93.0, 19.0, 95.0, 86.0, 72.0, 63.0, 32.0, 56.0, 93.0, 92.0, 20.0, 2.0, 73.0, 23.0, 84.0, 97.0, 122.0, 27.0, 47.0, 67.0, 26.0, 63.0, 5.0, 74.0, 63.0, 108.0, 31.0, 106.0, 23.0, 16.0, 59.0], [72.0, 72.0, 112.0, 72.0, 72.0, 72.0, 112.0, 112.0, 72.0, 72.0, 86.0, 59.0, 10.0, 60.0, 60.0, 26.0, 46.0, 66.0, 75.0, 69.0, 12.0, 27.0, 11.0, 86.0, 50.0, 46.0, 22.0, 62.0, 58.0, 78.0, 24.0, 86.0, 73.0, 89.0, 69.0, 61.0, 36.0, 50.0, 74.0, 75.0, 46.0, 55.0, 21.0, 81.0, 14.0, 49.0, 9.0, 33.0, 65.0, 12.0, 7.0, 50.0, 51.0, 44.0, 47.0, 80.0, 48.0, 7.0, 46.0, 68.0, 58.0, 59.0, 44.0, 75.0, 0.0, 73.0, 72.0, 16.0, 56.0, 39.0, 7.0, 54.0, 39.0, 60.0, 78.0, 29.0, 6.0, 68.0, 38.0, 31.0, 68.0, 36.0, 12.0, 21.0, 49.0, 96.0, 34.0, 50.0, 43.0, 83.0, 74.0, 18.0, 70.0, 11.0, 22.0, 50.0, 73.0, 41.0, 16.0, 89.0, 19.0, 72.0, 8.0, 35.0, 40.0, 56.0, 61.0, 77.0, 59.0, 19.0], [144.0, 144.0, 129.0, 144.0, 144.0, 144.0, 129.0, 129.0, 144.0, 144.0, 19.0, 19.0, 77.0, 20.0, 94.0, 53.0, 51.0, 24.0, 110.0, 109.0, 83.0, 60.0, 62.0, 21.0, 118.0, 54.0, 92.0, 96.0, 84.0, 8.0, 64.0, 17.0, 31.0, 17.0, 5.0, 114.0, 37.0, 25.0, 7.0, 24.0, 58.0, 120.0, 71.0, 14.0, 60.0, 32.0, 68.0, 84.0, 112.0, 70.0, 78.0, 63.0, 29.0, 46.0, 31.0, 10.0, 94.0, 74.0, 80.0, 112.0, 28.0, 31.0, 49.0, 19.0, 73.0, 0.0, 28.0, 57.0, 50.0, 109.0, 72.0, 34.0, 35.0, 39.0, 109.0, 62.0, 75.0, 6.0, 101.0, 85.0, 5.0, 85.0, 84.0, 64.0, 49.0, 24.0, 46.0, 80.0, 80.0, 11.0, 17.0, 66.0, 40.0, 83.0, 94.0, 115.0, 8.0, 55.0, 69.0, 16.0, 57.0, 22.0, 69.0, 52.0, 99.0, 42.0, 93.0, 41.0, 23.0, 54.0], [141.0, 141.0, 150.0, 141.0, 141.0, 141.0, 150.0, 150.0, 141.0, 141.0, 45.0, 40.0, 79.0, 42.0, 110.0, 47.0, 34.0, 49.0, 126.0, 124.0, 80.0, 51.0, 61.0, 48.0, 121.0, 36.0, 94.0, 112.0, 101.0, 35.0, 55.0, 24.0, 57.0, 39.0, 30.0, 125.0, 40.0, 25.0, 34.0, 51.0, 40.0, 125.0, 79.0, 20.0, 57.0, 49.0, 65.0, 93.0, 125.0, 65.0, 79.0, 81.0, 46.0, 62.0, 46.0, 36.0, 106.0, 76.0, 94.0, 126.0, 14.0, 53.0, 33.0, 10.0, 72.0, 28.0, 0.0, 58.0, 71.0, 111.0, 74.0, 19.0, 45.0, 61.0, 126.0, 73.0, 76.0, 31.0, 107.0, 93.0, 26.0, 94.0, 82.0, 71.0, 67.0, 42.0, 57.0, 95.0, 93.0, 30.0, 11.0, 72.0, 13.0, 80.0, 93.0, 120.0, 35.0, 40.0, 62.0, 36.0, 62.0, 5.0, 72.0, 64.0, 107.0, 22.0, 109.0, 14.0, 14.0, 57.0], [87.0, 87.0, 110.0, 87.0, 87.0, 87.0, 110.0, 110.0, 87.0, 87.0, 71.0, 44.0, 21.0, 45.0, 61.0, 16.0, 38.0, 51.0, 77.0, 72.0, 27.0, 22.0, 6.0, 70.0, 63.0, 38.0, 36.0, 63.0, 56.0, 62.0, 23.0, 71.0, 58.0, 73.0, 54.0, 69.0, 20.0, 35.0, 59.0, 60.0, 40.0, 67.0, 22.0, 65.0, 7.0, 34.0, 14.0, 38.0, 70.0, 17.0, 21.0, 42.0, 36.0, 32.0, 31.0, 65.0, 52.0, 18.0, 45.0, 73.0, 45.0, 44.0, 36.0, 61.0, 16.0, 57.0, 58.0, 0.0, 45.0, 53.0, 16.0, 41.0, 24.0, 46.0, 79.0, 23.0, 18.0, 53.0, 48.0, 36.0, 52.0, 39.0, 28.0, 17.0, 37.0, 81.0, 20.0, 48.0, 43.0, 67.0, 59.0, 16.0, 59.0, 26.0, 37.0, 62.0, 57.0, 34.0, 19.0, 73.0, 8.0, 58.0, 14.0, 24.0, 49.0, 45.0, 61.0, 65.0, 45.0, 3.0], [119.0, 119.0, 80.0, 119.0, 119.0, 119.0, 80.0, 80.0, 119.0, 119.0, 51.0, 32.0, 53.0, 30.0, 46.0, 56.0, 71.0, 27.0, 61.0, 61.0, 67.0, 64.0, 51.0, 48.0, 84.0, 73.0, 64.0, 48.0, 35.0, 49.0, 66.0, 67.0, 27.0, 59.0, 46.0, 70.0, 40.0, 49.0, 47.0, 34.0, 77.0, 82.0, 41.0, 64.0, 52.0, 22.0, 59.0, 46.0, 66.0, 62.0, 57.0, 15.0, 24.0, 13.0, 26.0, 51.0, 50.0, 53.0, 35.0, 65.0, 61.0, 19.0, 69.0, 66.0, 56.0, 50.0, 71.0, 45.0, 0.0, 79.0, 51.0, 63.0, 31.0, 12.0, 59.0, 28.0, 53.0, 44.0, 65.0, 48.0, 48.0, 45.0, 67.0, 36.0, 7.0, 66.0, 25.0, 33.0, 36.0, 59.0, 64.0, 39.0, 79.0, 66.0, 73.0, 78.0, 44.0, 70.0, 64.0, 61.0, 38.0, 67.0, 48.0, 22.0, 61.0, 71.0, 44.0, 83.0, 58.0, 42.0], [41.0, 41.0, 104.0, 41.0, 41.0, 41.0, 104.0, 104.0, 41.0, 41.0, 120.0, 93.0, 32.0, 93.0, 56.0, 64.0, 84.0, 97.0, 63.0, 55.0, 33.0, 64.0, 50.0, 119.0, 12.0, 83.0, 17.0, 57.0, 61.0, 113.0, 60.0, 123.0, 102.0, 124.0, 105.0, 39.0, 73.0, 88.0, 110.0, 107.0, 83.0, 21.0, 39.0, 118.0, 53.0, 81.0, 46.0, 34.0, 47.0, 48.0, 32.0, 66.0, 84.0, 71.0, 80.0, 115.0, 41.0, 35.0, 51.0, 51.0, 97.0, 89.0, 82.0, 114.0, 39.0, 109.0, 111.0, 53.0, 79.0, 0.0, 37.0, 93.0, 74.0, 87.0, 69.0, 51.0, 35.0, 104.0, 17.0, 31.0, 104.0, 36.0, 30.0, 46.0, 73.0, 132.0, 64.0, 55.0, 47.0, 119.0, 112.0, 43.0, 109.0, 33.0, 21.0, 17.0, 108.0, 78.0, 51.0, 125.0, 52.0, 111.0, 40.0, 61.0, 23.0, 94.0, 58.0, 115.0, 98.0, 55.0], [73.0, 73.0, 105.0, 73.0, 73.0, 73.0, 105.0, 105.0, 73.0, 73.0, 84.0, 58.0, 5.0, 58.0, 53.0, 29.0, 51.0, 63.0, 67.0, 62.0, 17.0, 32.0, 14.0, 84.0, 47.0, 51.0, 20.0, 55.0, 51.0, 77.0, 30.0, 86.0, 70.0, 88.0, 69.0, 55.0, 36.0, 51.0, 73.0, 72.0, 52.0, 51.0, 14.0, 81.0, 18.0, 46.0, 15.0, 26.0, 58.0, 19.0, 6.0, 43.0, 49.0, 39.0, 44.0, 79.0, 41.0, 2.0, 39.0, 61.0, 60.0, 55.0, 49.0, 77.0, 7.0, 72.0, 74.0, 16.0, 51.0, 37.0, 0.0, 57.0, 38.0, 55.0, 71.0, 23.0, 3.0, 68.0, 33.0, 24.0, 67.0, 29.0, 16.0, 15.0, 44.0, 95.0, 30.0, 43.0, 35.0, 83.0, 75.0, 11.0, 74.0, 16.0, 24.0, 46.0, 71.0, 46.0, 23.0, 88.0, 16.0, 74.0, 3.0, 30.0, 35.0, 60.0, 54.0, 80.0, 61.0, 18.0], [122.0, 122.0, 141.0, 122.0, 122.0, 122.0, 141.0, 141.0, 122.0, 122.0, 52.0, 36.0, 62.0, 39.0, 96.0, 28.0, 18.0, 47.0, 113.0, 110.0, 62.0, 32.0, 43.0, 54.0, 104.0, 20.0, 76.0, 99.0, 89.0, 42.0, 37.0, 39.0, 56.0, 49.0, 34.0, 109.0, 25.0, 14.0, 39.0, 52.0, 24.0, 108.0, 62.0, 33.0, 39.0, 41.0, 47.0, 77.0, 110.0, 46.0, 61.0, 70.0, 39.0, 52.0, 37.0, 44.0, 91.0, 58.0, 81.0, 111.0, 6.0, 48.0, 16.0, 25.0, 54.0, 34.0, 19.0, 41.0, 63.0, 93.0, 57.0, 0.0, 33.0, 55.0, 114.0, 58.0, 58.0, 34.0, 89.0, 77.0, 30.0, 79.0, 64.0, 55.0, 57.0, 55.0, 44.0, 83.0, 79.0, 41.0, 24.0, 56.0, 18.0, 61.0, 74.0, 103.0, 39.0, 23.0, 44.0, 48.0, 45.0, 21.0, 54.0, 51.0, 90.0, 9.0, 96.0, 24.0, 11.0, 40.0], [111.0, 111.0, 108.0, 111.0, 111.0, 111.0, 108.0, 108.0, 111.0, 111.0, 47.0, 20.0, 42.0, 21.0, 65.0, 27.0, 41.0, 27.0, 81.0, 79.0, 51.0, 36.0, 30.0, 47.0, 83.0, 43.0, 57.0, 67.0, 56.0, 39.0, 40.0, 51.0, 36.0, 50.0, 31.0, 81.0, 10.0, 20.0, 36.0, 37.0, 46.0, 85.0, 36.0, 46.0, 29.0, 12.0, 37.0, 50.0, 80.0, 40.0, 44.0, 37.0, 13.0, 19.0, 8.0, 42.0, 61.0, 40.0, 49.0, 81.0, 33.0, 22.0, 38.0, 44.0, 39.0, 35.0, 45.0, 24.0, 31.0, 74.0, 38.0, 33.0, 0.0, 27.0, 81.0, 28.0, 40.0, 30.0, 66.0, 50.0, 31.0, 51.0, 51.0, 29.0, 25.0, 58.0, 12.0, 51.0, 48.0, 46.0, 42.0, 31.0, 50.0, 50.0, 61.0, 80.0, 34.0, 40.0, 40.0, 51.0, 22.0, 43.0, 35.0, 19.0, 65.0, 41.0, 64.0, 56.0, 31.0, 21.0], [127.0, 127.0, 90.0, 127.0, 127.0, 127.0, 90.0, 90.0, 127.0, 127.0, 39.0, 22.0, 58.0, 19.0, 57.0, 54.0, 67.0, 15.0, 73.0, 73.0, 72.0, 63.0, 52.0, 36.0, 93.0, 69.0, 71.0, 60.0, 47.0, 38.0, 66.0, 55.0, 16.0, 47.0, 34.0, 82.0, 36.0, 41.0, 35.0, 22.0, 72.0, 92.0, 48.0, 53.0, 53.0, 15.0, 60.0, 55.0, 78.0, 64.0, 62.0, 27.0, 16.0, 16.0, 20.0, 39.0, 61.0, 58.0, 46.0, 77.0, 53.0, 8.0, 64.0, 56.0, 60.0, 39.0, 61.0, 46.0, 12.0, 87.0, 55.0, 55.0, 27.0, 0.0, 71.0, 35.0, 58.0, 33.0, 74.0, 57.0, 37.0, 55.0, 71.0, 42.0, 14.0, 54.0, 26.0, 44.0, 47.0, 47.0, 54.0, 45.0, 70.0, 70.0, 79.0, 88.0, 33.0, 66.0, 65.0, 49.0, 41.0, 57.0, 53.0, 26.0, 71.0, 64.0, 56.0, 74.0, 49.0, 43.0], [104.0, 104.0, 36.0, 104.0, 104.0, 104.0, 36.0, 36.0, 104.0, 104.0, 109.0, 90.0, 68.0, 88.0, 18.0, 95.0, 116.0, 86.0, 7.0, 14.0, 83.0, 101.0, 81.0, 106.0, 64.0, 117.0, 66.0, 16.0, 25.0, 108.0, 100.0, 126.0, 85.0, 117.0, 104.0, 34.0, 89.0, 102.0, 105.0, 92.0, 119.0, 56.0, 58.0, 122.0, 85.0, 78.0, 86.0, 45.0, 25.0, 90.0, 73.0, 46.0, 81.0, 64.0, 80.0, 110.0, 31.0, 71.0, 34.0, 20.0, 114.0, 78.0, 114.0, 123.0, 78.0, 109.0, 126.0, 79.0, 59.0, 69.0, 71.0, 114.0, 81.0, 71.0, 0.0, 56.0, 72.0, 103.0, 53.0, 48.0, 106.0, 43.0, 81.0, 62.0, 60.0, 124.0, 70.0, 31.0, 36.0, 117.0, 121.0, 63.0, 131.0, 82.0, 79.0, 56.0, 103.0, 112.0, 93.0, 120.0, 72.0, 123.0, 71.0, 63.0, 47.0, 120.0, 18.0, 137.0, 112.0, 78.0], [91.0, 91.0, 87.0, 91.0, 91.0, 91.0, 87.0, 87.0, 91.0, 91.0, 70.0, 44.0, 25.0, 44.0, 39.0, 39.0, 60.0, 46.0, 55.0, 52.0, 40.0, 46.0, 28.0, 69.0, 58.0, 61.0, 36.0, 41.0, 33.0, 65.0, 46.0, 78.0, 51.0, 76.0, 58.0, 53.0, 33.0, 48.0, 61.0, 56.0, 63.0, 58.0, 12.0, 74.0, 31.0, 31.0, 34.0, 22.0, 52.0, 38.0, 29.0, 20.0, 34.0, 19.0, 31.0, 67.0, 33.0, 25.0, 23.0, 53.0, 60.0, 38.0, 57.0, 72.0, 29.0, 62.0, 73.0, 23.0, 28.0, 51.0, 23.0, 58.0, 28.0, 35.0, 56.0, 0.0, 26.0, 57.0, 40.0, 23.0, 58.0, 23.0, 39.0, 9.0, 22.0, 83.0, 16.0, 25.0, 21.0, 72.0, 70.0, 12.0, 76.0, 39.0, 45.0, 54.0, 59.0, 56.0, 41.0, 77.0, 16.0, 71.0, 21.0, 11.0, 37.0, 64.0, 38.0, 82.0, 59.0, 22.0], [70.0, 70.0, 106.0, 70.0, 70.0, 70.0, 106.0, 106.0, 70.0, 70.0, 87.0, 60.0, 4.0, 61.0, 54.0, 31.0, 52.0, 66.0, 68.0, 63.0, 14.0, 33.0, 15.0, 87.0, 45.0, 52.0, 18.0, 56.0, 53.0, 80.0, 30.0, 89.0, 73.0, 91.0, 71.0, 55.0, 39.0, 53.0, 76.0, 75.0, 52.0, 50.0, 16.0, 84.0, 19.0, 49.0, 15.0, 27.0, 59.0, 18.0, 3.0, 46.0, 52.0, 42.0, 47.0, 82.0, 42.0, 1.0, 41.0, 62.0, 62.0, 58.0, 50.0, 79.0, 6.0, 75.0, 76.0, 18.0, 53.0, 35.0, 3.0, 58.0, 40.0, 58.0, 72.0, 26.0, 0.0, 70.0, 32.0, 24.0, 70.0, 29.0, 13.0, 17.0, 47.0, 98.0, 33.0, 45.0, 37.0, 85.0, 77.0, 14.0, 75.0, 13.0, 21.0, 45.0, 74.0, 46.0, 22.0, 91.0, 19.0, 76.0, 6.0, 33.0, 34.0, 61.0, 55.0, 82.0, 63.0, 20.0], [140.0, 140.0, 123.0, 140.0, 140.0, 140.0, 123.0, 123.0, 140.0, 140.0, 20.0, 13.0, 72.0, 14.0, 88.0, 50.0, 51.0, 19.0, 104.0, 104.0, 80.0, 58.0, 58.0, 21.0, 113.0, 53.0, 87.0, 91.0, 78.0, 10.0, 62.0, 23.0, 26.0, 20.0, 1.0, 109.0, 33.0, 23.0, 6.0, 20.0, 57.0, 114.0, 66.0, 19.0, 56.0, 26.0, 65.0, 79.0, 107.0, 66.0, 74.0, 58.0, 23.0, 40.0, 25.0, 12.0, 88.0, 70.0, 74.0, 107.0, 29.0, 25.0, 48.0, 23.0, 68.0, 6.0, 31.0, 53.0, 44.0, 104.0, 68.0, 34.0, 30.0, 33.0, 103.0, 57.0, 70.0, 0.0, 96.0, 79.0, 5.0, 79.0, 80.0, 59.0, 43.0, 28.0, 41.0, 74.0, 75.0, 16.0, 22.0, 61.0, 42.0, 79.0, 90.0, 109.0, 5.0, 54.0, 65.0, 21.0, 52.0, 26.0, 65.0, 46.0, 94.0, 43.0, 87.0, 45.0, 24.0, 50.0], [57.0, 57.0, 88.0, 57.0, 57.0, 57.0, 88.0, 88.0, 57.0, 57.0, 110.0, 84.0, 28.0, 84.0, 39.0, 63.0, 84.0, 86.0, 47.0, 40.0, 37.0, 64.0, 47.0, 108.0, 19.0, 84.0, 17.0, 40.0, 45.0, 104.0, 62.0, 116.0, 90.0, 115.0, 97.0, 26.0, 67.0, 83.0, 101.0, 95.0, 84.0, 19.0, 29.0, 111.0, 51.0, 70.0, 47.0, 19.0, 32.0, 49.0, 31.0, 51.0, 74.0, 59.0, 70.0, 106.0, 24.0, 32.0, 35.0, 36.0, 93.0, 78.0, 82.0, 108.0, 38.0, 101.0, 107.0, 48.0, 65.0, 17.0, 33.0, 89.0, 66.0, 74.0, 53.0, 40.0, 32.0, 96.0, 0.0, 17.0, 96.0, 20.0, 34.0, 37.0, 60.0, 123.0, 55.0, 39.0, 31.0, 111.0, 106.0, 35.0, 107.0, 36.0, 29.0, 14.0, 98.0, 78.0, 53.0, 116.0, 45.0, 106.0, 35.0, 50.0, 6.0, 93.0, 41.0, 113.0, 93.0, 50.0], [72.0, 72.0, 83.0, 72.0, 72.0, 72.0, 83.0, 83.0, 72.0, 72.0, 93.0, 67.0, 21.0, 67.0, 31.0, 52.0, 74.0, 69.0, 44.0, 38.0, 35.0, 56.0, 37.0, 91.0, 36.0, 74.0, 20.0, 33.0, 32.0, 88.0, 54.0, 101.0, 73.0, 98.0, 80.0, 33.0, 53.0, 68.0, 84.0, 78.0, 75.0, 35.0, 14.0, 96.0, 41.0, 54.0, 39.0, 3.0, 35.0, 43.0, 25.0, 34.0, 57.0, 42.0, 54.0, 90.0, 18.0, 24.0, 21.0, 37.0, 79.0, 60.0, 72.0, 93.0, 31.0, 85.0, 93.0, 36.0, 48.0, 31.0, 24.0, 77.0, 50.0, 57.0, 48.0, 23.0, 24.0, 79.0, 17.0, 0.0, 80.0, 6.0, 33.0, 22.0, 43.0, 106.0, 39.0, 25.0, 17.0, 95.0, 91.0, 21.0, 95.0, 34.0, 33.0, 31.0, 82.0, 69.0, 46.0, 100.0, 31.0, 92.0, 25.0, 34.0, 15.0, 81.0, 32.0, 101.0, 79.0, 36.0], [139.0, 139.0, 127.0, 139.0, 139.0, 139.0, 127.0, 127.0, 139.0, 139.0, 23.0, 16.0, 72.0, 18.0, 91.0, 48.0, 47.0, 23.0, 107.0, 106.0, 78.0, 55.0, 57.0, 25.0, 113.0, 49.0, 87.0, 93.0, 81.0, 12.0, 60.0, 20.0, 31.0, 22.0, 4.0, 110.0, 32.0, 20.0, 10.0, 25.0, 54.0, 115.0, 67.0, 16.0, 55.0, 28.0, 63.0, 80.0, 109.0, 65.0, 73.0, 60.0, 25.0, 43.0, 27.0, 15.0, 90.0, 70.0, 77.0, 109.0, 24.0, 29.0, 45.0, 19.0, 68.0, 5.0, 26.0, 52.0, 48.0, 104.0, 67.0, 30.0, 31.0, 37.0, 106.0, 58.0, 70.0, 5.0, 96.0, 80.0, 0.0, 81.0, 80.0, 59.0, 46.0, 29.0, 42.0, 77.0, 77.0, 15.0, 17.0, 62.0, 37.0, 78.0, 89.0, 110.0, 10.0, 50.0, 64.0, 21.0, 52.0, 21.0, 65.0, 48.0, 95.0, 39.0, 89.0, 40.0, 19.0, 50.0], [76.0, 76.0, 77.0, 76.0, 76.0, 76.0, 77.0, 77.0, 76.0, 76.0, 92.0, 67.0, 26.0, 66.0, 26.0, 55.0, 77.0, 68.0, 39.0, 34.0, 41.0, 60.0, 40.0, 90.0, 39.0, 78.0, 26.0, 27.0, 27.0, 87.0, 59.0, 101.0, 71.0, 98.0, 80.0, 30.0, 55.0, 70.0, 84.0, 77.0, 79.0, 37.0, 17.0, 96.0, 45.0, 53.0, 44.0, 3.0, 31.0, 47.0, 30.0, 31.0, 57.0, 40.0, 54.0, 89.0, 13.0, 29.0, 15.0, 33.0, 81.0, 59.0, 75.0, 95.0, 36.0, 85.0, 94.0, 39.0, 45.0, 36.0, 29.0, 79.0, 51.0, 55.0, 43.0, 23.0, 29.0, 79.0, 20.0, 6.0, 81.0, 0.0, 39.0, 24.0, 41.0, 105.0, 39.0, 20.0, 11.0, 95.0, 93.0, 23.0, 97.0, 40.0, 39.0, 33.0, 81.0, 73.0, 51.0, 99.0, 34.0, 93.0, 29.0, 33.0, 16.0, 84.0, 27.0, 103.0, 81.0, 39.0], [60.0, 60.0, 116.0, 60.0, 60.0, 60.0, 116.0, 116.0, 60.0, 60.0, 98.0, 71.0, 15.0, 72.0, 64.0, 35.0, 54.0, 78.0, 77.0, 71.0, 3.0, 34.0, 23.0, 98.0, 42.0, 53.0, 17.0, 66.0, 64.0, 90.0, 30.0, 97.0, 85.0, 101.0, 81.0, 60.0, 48.0, 61.0, 87.0, 87.0, 52.0, 49.0, 28.0, 92.0, 25.0, 61.0, 17.0, 36.0, 65.0, 18.0, 10.0, 59.0, 64.0, 55.0, 59.0, 92.0, 50.0, 14.0, 52.0, 69.0, 69.0, 71.0, 52.0, 86.0, 12.0, 84.0, 82.0, 28.0, 67.0, 30.0, 16.0, 64.0, 51.0, 71.0, 81.0, 39.0, 13.0, 80.0, 34.0, 33.0, 80.0, 39.0, 0.0, 31.0, 60.0, 108.0, 45.0, 57.0, 48.0, 95.0, 85.0, 28.0, 79.0, 2.0, 11.0, 44.0, 85.0, 48.0, 21.0, 101.0, 31.0, 83.0, 18.0, 46.0, 38.0, 64.0, 66.0, 86.0, 70.0, 31.0], [85.0, 85.0, 94.0, 85.0, 85.0, 85.0, 94.0, 94.0, 85.0, 85.0, 74.0, 47.0, 17.0, 47.0, 44.0, 33.0, 54.0, 51.0, 60.0, 56.0, 32.0, 39.0, 20.0, 73.0, 54.0, 55.0, 30.0, 46.0, 40.0, 68.0, 39.0, 79.0, 57.0, 78.0, 60.0, 54.0, 31.0, 47.0, 64.0, 60.0, 57.0, 56.0, 8.0, 74.0, 23.0, 34.0, 26.0, 22.0, 55.0, 30.0, 21.0, 29.0, 38.0, 26.0, 34.0, 70.0, 36.0, 17.0, 29.0, 56.0, 58.0, 43.0, 52.0, 72.0, 21.0, 64.0, 71.0, 17.0, 36.0, 46.0, 15.0, 55.0, 29.0, 42.0, 62.0, 9.0, 17.0, 59.0, 37.0, 22.0, 59.0, 24.0, 31.0, 0.0, 29.0, 86.0, 18.0, 32.0, 26.0, 74.0, 70.0, 3.0, 73.0, 30.0, 37.0, 51.0, 62.0, 50.0, 33.0, 79.0, 10.0, 70.0, 13.0, 16.0, 36.0, 60.0, 44.0, 79.0, 57.0, 16.0], [113.0, 113.0, 84.0, 113.0, 113.0, 113.0, 84.0, 84.0, 113.0, 113.0, 52.0, 30.0, 46.0, 28.0, 45.0, 48.0, 65.0, 28.0, 62.0, 61.0, 60.0, 57.0, 43.0, 50.0, 79.0, 67.0, 58.0, 48.0, 35.0, 49.0, 59.0, 65.0, 30.0, 59.0, 44.0, 68.0, 34.0, 44.0, 46.0, 36.0, 70.0, 78.0, 34.0, 62.0, 45.0, 18.0, 51.0, 41.0, 65.0, 55.0, 50.0, 15.0, 21.0, 6.0, 21.0, 51.0, 47.0, 46.0, 33.0, 64.0, 56.0, 19.0, 62.0, 63.0, 49.0, 49.0, 67.0, 37.0, 7.0, 73.0, 44.0, 57.0, 25.0, 14.0, 60.0, 22.0, 47.0, 43.0, 60.0, 43.0, 46.0, 41.0, 60.0, 29.0, 0.0, 66.0, 18.0, 32.0, 34.0, 58.0, 61.0, 33.0, 74.0, 59.0, 66.0, 74.0, 44.0, 64.0, 57.0, 61.0, 31.0, 64.0, 41.0, 14.0, 57.0, 66.0, 44.0, 79.0, 54.0, 35.0], [168.0, 168.0, 139.0, 168.0, 168.0, 168.0, 139.0, 139.0, 168.0, 168.0, 15.0, 39.0, 100.0, 39.0, 111.0, 76.0, 73.0, 39.0, 127.0, 127.0, 107.0, 83.0, 86.0, 19.0, 141.0, 75.0, 115.0, 114.0, 101.0, 19.0, 88.0, 18.0, 40.0, 8.0, 27.0, 134.0, 60.0, 49.0, 22.0, 32.0, 79.0, 141.0, 94.0, 22.0, 83.0, 52.0, 92.0, 105.0, 131.0, 93.0, 101.0, 81.0, 49.0, 65.0, 52.0, 16.0, 114.0, 98.0, 99.0, 131.0, 48.0, 47.0, 71.0, 32.0, 96.0, 24.0, 42.0, 81.0, 66.0, 132.0, 95.0, 55.0, 58.0, 54.0, 124.0, 83.0, 98.0, 28.0, 123.0, 106.0, 29.0, 105.0, 108.0, 86.0, 66.0, 0.0, 68.0, 98.0, 100.0, 14.0, 32.0, 89.0, 55.0, 106.0, 118.0, 137.0, 24.0, 77.0, 92.0, 7.0, 80.0, 37.0, 93.0, 73.0, 121.0, 62.0, 110.0, 54.0, 44.0, 78.0], [103.0, 103.0, 98.0, 103.0, 103.0, 103.0, 98.0, 98.0, 103.0, 103.0, 56.0, 29.0, 34.0, 29.0, 53.0, 31.0, 48.0, 33.0, 70.0, 67.0, 45.0, 39.0, 26.0, 55.0, 73.0, 50.0, 48.0, 55.0, 45.0, 49.0, 41.0, 62.0, 40.0, 60.0, 42.0, 69.0, 19.0, 32.0, 46.0, 43.0, 53.0, 74.0, 26.0, 57.0, 27.0, 16.0, 34.0, 38.0, 68.0, 37.0, 36.0, 27.0, 19.0, 12.0, 15.0, 51.0, 49.0, 32.0, 37.0, 69.0, 45.0, 26.0, 46.0, 56.0, 34.0, 46.0, 57.0, 20.0, 25.0, 64.0, 30.0, 44.0, 12.0, 26.0, 70.0, 16.0, 33.0, 41.0, 55.0, 39.0, 42.0, 39.0, 45.0, 18.0, 18.0, 68.0, 0.0, 39.0, 36.0, 56.0, 54.0, 21.0, 61.0, 44.0, 53.0, 69.0, 44.0, 46.0, 39.0, 61.0, 15.0, 55.0, 27.0, 7.0, 53.0, 51.0, 52.0, 67.0, 43.0, 17.0], [96.0, 96.0, 62.0, 96.0, 96.0, 96.0, 62.0, 62.0, 96.0, 96.0, 83.0, 62.0, 42.0, 60.0, 14.0, 64.0, 85.0, 59.0, 31.0, 29.0, 58.0, 71.0, 52.0, 81.0, 57.0, 86.0, 46.0, 17.0, 8.0, 81.0, 71.0, 97.0, 60.0, 91.0, 76.0, 38.0, 57.0, 71.0, 78.0, 67.0, 88.0, 53.0, 29.0, 93.0, 55.0, 48.0, 57.0, 22.0, 33.0, 61.0, 47.0, 17.0, 52.0, 34.0, 50.0, 82.0, 18.0, 44.0, 5.0, 32.0, 83.0, 51.0, 83.0, 93.0, 50.0, 80.0, 95.0, 48.0, 33.0, 55.0, 43.0, 83.0, 51.0, 44.0, 31.0, 25.0, 45.0, 74.0, 39.0, 25.0, 77.0, 20.0, 57.0, 32.0, 32.0, 98.0, 39.0, 0.0, 9.0, 90.0, 91.0, 34.0, 100.0, 57.0, 58.0, 49.0, 75.0, 82.0, 65.0, 93.0, 41.0, 93.0, 43.0, 32.0, 34.0, 89.0, 13.0, 106.0, 82.0, 47.0], [88.0, 88.0, 69.0, 88.0, 88.0, 88.0, 69.0, 69.0, 88.0, 88.0, 85.0, 62.0, 34.0, 61.0, 18.0, 59.0, 80.0, 61.0, 34.0, 31.0, 50.0, 64.0, 45.0, 83.0, 49.0, 81.0, 37.0, 21.0, 16.0, 82.0, 64.0, 97.0, 63.0, 92.0, 76.0, 34.0, 54.0, 69.0, 79.0, 70.0, 83.0, 46.0, 22.0, 93.0, 49.0, 48.0, 50.0, 13.0, 32.0, 54.0, 39.0, 21.0, 52.0, 35.0, 50.0, 84.0, 14.0, 36.0, 4.0, 33.0, 81.0, 53.0, 78.0, 92.0, 43.0, 80.0, 93.0, 43.0, 36.0, 47.0, 35.0, 79.0, 48.0, 47.0, 36.0, 21.0, 37.0, 75.0, 31.0, 17.0, 77.0, 11.0, 48.0, 26.0, 34.0, 100.0, 36.0, 9.0, 0.0, 90.0, 90.0, 27.0, 97.0, 49.0, 49.0, 42.0, 76.0, 76.0, 57.0, 94.0, 36.0, 91.0, 35.0, 30.0, 26.0, 85.0, 19.0, 103.0, 79.0, 42.0], [155.0, 155.0, 136.0, 155.0, 155.0, 155.0, 136.0, 136.0, 155.0, 155.0, 16.0, 28.0, 87.0, 30.0, 103.0, 62.0, 59.0, 32.0, 119.0, 119.0, 94.0, 69.0, 72.0, 20.0, 129.0, 61.0, 102.0, 106.0, 93.0, 10.0, 74.0, 10.0, 36.0, 9.0, 15.0, 124.0, 47.0, 35.0, 12.0, 28.0, 65.0, 130.0, 82.0, 10.0, 70.0, 42.0, 79.0, 95.0, 122.0, 80.0, 89.0, 73.0, 38.0, 56.0, 41.0, 9.0, 104.0, 85.0, 90.0, 122.0, 35.0, 39.0, 57.0, 20.0, 83.0, 11.0, 30.0, 67.0, 59.0, 119.0, 83.0, 41.0, 46.0, 47.0, 117.0, 72.0, 85.0, 16.0, 111.0, 95.0, 15.0, 95.0, 95.0, 74.0, 58.0, 14.0, 56.0, 90.0, 90.0, 0.0, 19.0, 77.0, 43.0, 93.0, 105.0, 125.0, 14.0, 63.0, 78.0, 7.0, 67.0, 25.0, 80.0, 62.0, 110.0, 49.0, 102.0, 43.0, 30.0, 65.0], [144.0, 144.0, 144.0, 144.0, 144.0, 144.0, 144.0, 144.0, 144.0, 144.0, 34.0, 32.0, 80.0, 35.0, 105.0, 50.0, 42.0, 41.0, 122.0, 120.0, 83.0, 55.0, 63.0, 37.0, 122.0, 44.0, 95.0, 108.0, 96.0, 24.0, 60.0, 15.0, 48.0, 28.0, 21.0, 123.0, 39.0, 24.0, 24.0, 41.0, 48.0, 125.0, 78.0, 10.0, 60.0, 43.0, 68.0, 92.0, 122.0, 68.0, 80.0, 76.0, 40.0, 57.0, 41.0, 26.0, 103.0, 77.0, 91.0, 123.0, 18.0, 45.0, 40.0, 2.0, 74.0, 17.0, 11.0, 59.0, 64.0, 112.0, 75.0, 24.0, 42.0, 54.0, 121.0, 70.0, 77.0, 22.0, 106.0, 91.0, 17.0, 93.0, 85.0, 70.0, 61.0, 32.0, 54.0, 91.0, 90.0, 19.0, 0.0, 72.0, 23.0, 83.0, 95.0, 120.0, 25.0, 46.0, 66.0, 26.0, 61.0, 5.0, 73.0, 61.0, 106.0, 30.0, 104.0, 24.0, 15.0, 57.0], [82.0, 82.0, 96.0, 82.0, 82.0, 82.0, 96.0, 96.0, 82.0, 82.0, 77.0, 50.0, 14.0, 50.0, 45.0, 32.0, 54.0, 54.0, 61.0, 56.0, 28.0, 38.0, 18.0, 76.0, 52.0, 55.0, 27.0, 47.0, 41.0, 70.0, 37.0, 81.0, 60.0, 81.0, 62.0, 53.0, 33.0, 48.0, 66.0, 64.0, 56.0, 54.0, 6.0, 76.0, 22.0, 37.0, 24.0, 22.0, 54.0, 28.0, 17.0, 32.0, 41.0, 29.0, 36.0, 72.0, 36.0, 14.0, 30.0, 56.0, 59.0, 46.0, 52.0, 73.0, 18.0, 66.0, 72.0, 16.0, 39.0, 43.0, 11.0, 56.0, 31.0, 45.0, 63.0, 12.0, 14.0, 61.0, 35.0, 21.0, 62.0, 23.0, 28.0, 3.0, 33.0, 89.0, 21.0, 34.0, 27.0, 77.0, 72.0, 0.0, 74.0, 27.0, 34.0, 49.0, 64.0, 50.0, 31.0, 82.0, 11.0, 72.0, 10.0, 19.0, 34.0, 61.0, 45.0, 80.0, 59.0, 16.0], [137.0, 137.0, 158.0, 137.0, 137.0, 137.0, 158.0, 158.0, 137.0, 137.0, 57.0, 49.0, 79.0, 52.0, 114.0, 45.0, 27.0, 59.0, 131.0, 128.0, 77.0, 46.0, 60.0, 60.0, 121.0, 29.0, 93.0, 117.0, 106.0, 47.0, 51.0, 37.0, 68.0, 51.0, 42.0, 127.0, 43.0, 30.0, 46.0, 62.0, 32.0, 125.0, 80.0, 33.0, 56.0, 56.0, 63.0, 95.0, 128.0, 62.0, 78.0, 87.0, 55.0, 69.0, 53.0, 49.0, 109.0, 75.0, 99.0, 129.0, 17.0, 62.0, 28.0, 23.0, 70.0, 40.0, 13.0, 59.0, 79.0, 109.0, 74.0, 18.0, 50.0, 70.0, 131.0, 76.0, 75.0, 42.0, 107.0, 95.0, 37.0, 97.0, 79.0, 73.0, 74.0, 55.0, 61.0, 100.0, 97.0, 43.0, 23.0, 74.0, 0.0, 77.0, 90.0, 120.0, 47.0, 33.0, 59.0, 49.0, 63.0, 18.0, 72.0, 69.0, 108.0, 15.0, 114.0, 6.0, 21.0, 58.0], [62.0, 62.0, 117.0, 62.0, 62.0, 62.0, 117.0, 117.0, 62.0, 62.0, 97.0, 70.0, 15.0, 71.0, 65.0, 33.0, 51.0, 76.0, 78.0, 72.0, 1.0, 31.0, 21.0, 97.0, 45.0, 51.0, 19.0, 67.0, 65.0, 88.0, 28.0, 95.0, 84.0, 99.0, 80.0, 62.0, 46.0, 60.0, 85.0, 86.0, 50.0, 51.0, 29.0, 90.0, 23.0, 60.0, 15.0, 37.0, 66.0, 16.0, 10.0, 59.0, 62.0, 55.0, 57.0, 91.0, 52.0, 14.0, 53.0, 70.0, 67.0, 70.0, 50.0, 84.0, 11.0, 83.0, 80.0, 26.0, 66.0, 33.0, 16.0, 61.0, 50.0, 70.0, 82.0, 39.0, 13.0, 79.0, 36.0, 34.0, 78.0, 40.0, 2.0, 30.0, 59.0, 106.0, 44.0, 57.0, 49.0, 93.0, 83.0, 27.0, 77.0, 0.0, 13.0, 46.0, 83.0, 45.0, 19.0, 99.0, 30.0, 81.0, 18.0, 45.0, 40.0, 62.0, 66.0, 83.0, 68.0, 29.0], [50.0, 50.0, 115.0, 50.0, 50.0, 50.0, 115.0, 115.0, 50.0, 50.0, 108.0, 81.0, 20.0, 81.0, 64.0, 46.0, 64.0, 86.0, 74.0, 67.0, 13.0, 44.0, 33.0, 107.0, 33.0, 63.0, 13.0, 65.0, 65.0, 100.0, 40.0, 108.0, 93.0, 111.0, 91.0, 54.0, 58.0, 72.0, 96.0, 96.0, 63.0, 41.0, 33.0, 102.0, 36.0, 69.0, 28.0, 36.0, 60.0, 28.0, 17.0, 63.0, 72.0, 62.0, 68.0, 102.0, 48.0, 21.0, 53.0, 65.0, 79.0, 79.0, 63.0, 97.0, 22.0, 94.0, 93.0, 37.0, 73.0, 21.0, 24.0, 74.0, 61.0, 79.0, 79.0, 45.0, 21.0, 90.0, 29.0, 33.0, 89.0, 39.0, 11.0, 37.0, 66.0, 118.0, 53.0, 58.0, 49.0, 105.0, 95.0, 34.0, 90.0, 13.0, 0.0, 36.0, 94.0, 58.0, 32.0, 111.0, 39.0, 94.0, 26.0, 53.0, 34.0, 75.0, 65.0, 96.0, 81.0, 40.0], [49.0, 49.0, 90.0, 49.0, 49.0, 49.0, 90.0, 90.0, 49.0, 49.0, 124.0, 98.0, 41.0, 97.0, 46.0, 75.0, 96.0, 100.0, 49.0, 42.0, 47.0, 76.0, 60.0, 122.0, 9.0, 96.0, 28.0, 46.0, 54.0, 118.0, 73.0, 130.0, 104.0, 129.0, 111.0, 23.0, 81.0, 96.0, 115.0, 109.0, 96.0, 5.0, 43.0, 125.0, 64.0, 84.0, 58.0, 32.0, 32.0, 61.0, 43.0, 63.0, 88.0, 73.0, 84.0, 120.0, 32.0, 45.0, 46.0, 37.0, 106.0, 91.0, 94.0, 122.0, 50.0, 115.0, 120.0, 62.0, 78.0, 17.0, 46.0, 103.0, 80.0, 88.0, 56.0, 54.0, 45.0, 109.0, 14.0, 31.0, 110.0, 33.0, 44.0, 51.0, 74.0, 137.0, 69.0, 49.0, 42.0, 125.0, 120.0, 49.0, 120.0, 46.0, 36.0, 0.0, 112.0, 90.0, 64.0, 130.0, 59.0, 120.0, 48.0, 64.0, 17.0, 105.0, 49.0, 126.0, 107.0, 63.0], [144.0, 144.0, 122.0, 144.0, 144.0, 144.0, 122.0, 122.0, 144.0, 144.0, 14.0, 15.0, 76.0, 15.0, 89.0, 55.0, 56.0, 17.0, 105.0, 104.0, 84.0, 63.0, 62.0, 15.0, 116.0, 59.0, 90.0, 91.0, 79.0, 6.0, 67.0, 23.0, 23.0, 17.0, 6.0, 111.0, 37.0, 29.0, 2.0, 16.0, 63.0, 117.0, 69.0, 21.0, 61.0, 28.0, 69.0, 81.0, 108.0, 71.0, 78.0, 58.0, 25.0, 42.0, 28.0, 8.0, 90.0, 74.0, 76.0, 108.0, 34.0, 25.0, 54.0, 27.0, 73.0, 8.0, 35.0, 57.0, 44.0, 108.0, 71.0, 39.0, 34.0, 33.0, 103.0, 59.0, 74.0, 5.0, 98.0, 82.0, 10.0, 81.0, 85.0, 62.0, 44.0, 24.0, 44.0, 75.0, 76.0, 14.0, 25.0, 64.0, 47.0, 83.0, 94.0, 112.0, 0.0, 59.0, 70.0, 18.0, 56.0, 30.0, 69.0, 48.0, 96.0, 48.0, 87.0, 49.0, 29.0, 54.0], [103.0, 103.0, 143.0, 103.0, 103.0, 103.0, 143.0, 143.0, 103.0, 103.0, 73.0, 52.0, 50.0, 55.0, 94.0, 18.0, 6.0, 63.0, 110.0, 106.0, 45.0, 14.0, 32.0, 75.0, 90.0, 5.0, 63.0, 97.0, 89.0, 63.0, 18.0, 61.0, 72.0, 71.0, 54.0, 101.0, 30.0, 31.0, 60.0, 70.0, 7.0, 96.0, 56.0, 56.0, 28.0, 51.0, 32.0, 71.0, 104.0, 30.0, 48.0, 73.0, 51.0, 57.0, 47.0, 65.0, 86.0, 47.0, 79.0, 106.0, 29.0, 61.0, 6.0, 47.0, 41.0, 55.0, 40.0, 34.0, 70.0, 78.0, 46.0, 23.0, 40.0, 66.0, 112.0, 56.0, 46.0, 54.0, 78.0, 69.0, 50.0, 73.0, 48.0, 50.0, 64.0, 77.0, 46.0, 82.0, 76.0, 63.0, 46.0, 50.0, 33.0, 45.0, 58.0, 90.0, 59.0, 0.0, 26.0, 70.0, 41.0, 43.0, 44.0, 53.0, 80.0, 18.0, 94.0, 39.0, 33.0, 35.0], [79.0, 79.0, 126.0, 79.0, 79.0, 79.0, 126.0, 126.0, 79.0, 79.0, 85.0, 59.0, 26.0, 60.0, 75.0, 16.0, 32.0, 67.0, 90.0, 85.0, 19.0, 12.0, 14.0, 85.0, 64.0, 32.0, 37.0, 77.0, 72.0, 75.0, 9.0, 80.0, 76.0, 85.0, 66.0, 77.0, 33.0, 44.0, 72.0, 76.0, 31.0, 70.0, 36.0, 74.0, 12.0, 51.0, 7.0, 49.0, 81.0, 4.0, 23.0, 61.0, 53.0, 51.0, 48.0, 78.0, 64.0, 23.0, 61.0, 84.0, 49.0, 62.0, 31.0, 67.0, 16.0, 69.0, 62.0, 19.0, 64.0, 51.0, 23.0, 44.0, 40.0, 65.0, 93.0, 41.0, 22.0, 65.0, 53.0, 46.0, 64.0, 51.0, 21.0, 33.0, 57.0, 92.0, 39.0, 65.0, 57.0, 78.0, 66.0, 31.0, 59.0, 19.0, 32.0, 64.0, 70.0, 26.0, 0.0, 85.0, 26.0, 64.0, 22.0, 43.0, 56.0, 43.0, 76.0, 65.0, 51.0, 22.0], [161.0, 161.0, 136.0, 161.0, 161.0, 161.0, 136.0, 136.0, 161.0, 161.0, 13.0, 32.0, 93.0, 33.0, 106.0, 69.0, 66.0, 34.0, 122.0, 122.0, 100.0, 76.0, 78.0, 17.0, 134.0, 68.0, 108.0, 108.0, 96.0, 12.0, 81.0, 13.0, 36.0, 3.0, 20.0, 128.0, 53.0, 41.0, 15.0, 28.0, 72.0, 135.0, 87.0, 16.0, 76.0, 46.0, 85.0, 99.0, 125.0, 86.0, 94.0, 75.0, 42.0, 59.0, 46.0, 10.0, 108.0, 91.0, 93.0, 125.0, 41.0, 42.0, 64.0, 26.0, 89.0, 16.0, 36.0, 73.0, 61.0, 125.0, 88.0, 48.0, 51.0, 49.0, 120.0, 77.0, 91.0, 21.0, 116.0, 100.0, 21.0, 99.0, 101.0, 79.0, 61.0, 7.0, 61.0, 93.0, 94.0, 7.0, 26.0, 82.0, 49.0, 99.0, 111.0, 130.0, 18.0, 70.0, 85.0, 0.0, 73.0, 31.0, 86.0, 66.0, 114.0, 55.0, 104.0, 49.0, 37.0, 71.0], [89.0, 89.0, 103.0, 89.0, 89.0, 89.0, 103.0, 103.0, 89.0, 89.0, 69.0, 42.0, 20.0, 42.0, 54.0, 23.0, 44.0, 47.0, 70.0, 66.0, 31.0, 30.0, 13.0, 68.0, 62.0, 45.0, 35.0, 56.0, 49.0, 61.0, 30.0, 72.0, 54.0, 72.0, 53.0, 64.0, 22.0, 38.0, 58.0, 57.0, 47.0, 64.0, 17.0, 66.0, 15.0, 30.0, 20.0, 32.0, 65.0, 24.0, 22.0, 35.0, 33.0, 26.0, 28.0, 64.0, 46.0, 18.0, 38.0, 67.0, 48.0, 40.0, 42.0, 63.0, 19.0, 57.0, 62.0, 8.0, 38.0, 52.0, 16.0, 45.0, 22.0, 41.0, 72.0, 16.0, 19.0, 52.0, 45.0, 31.0, 52.0, 34.0, 31.0, 10.0, 31.0, 80.0, 15.0, 41.0, 36.0, 67.0, 61.0, 11.0, 63.0, 30.0, 39.0, 59.0, 56.0, 41.0, 26.0, 73.0, 0.0, 61.0, 13.0, 17.0, 45.0, 50.0, 54.0, 69.0, 48.0, 6.0], [142.0, 142.0, 147.0, 142.0, 142.0, 142.0, 147.0, 147.0, 142.0, 142.0, 40.0, 36.0, 79.0, 38.0, 107.0, 48.0, 38.0, 45.0, 124.0, 122.0, 81.0, 53.0, 61.0, 43.0, 122.0, 40.0, 94.0, 110.0, 98.0, 30.0, 57.0, 20.0, 52.0, 33.0, 25.0, 124.0, 39.0, 23.0, 29.0, 46.0, 43.0, 125.0, 78.0, 15.0, 58.0, 46.0, 66.0, 92.0, 123.0, 66.0, 79.0, 78.0, 43.0, 59.0, 43.0, 31.0, 104.0, 76.0, 92.0, 124.0, 15.0, 49.0, 36.0, 5.0, 72.0, 22.0, 5.0, 58.0, 67.0, 111.0, 74.0, 21.0, 43.0, 57.0, 123.0, 71.0, 76.0, 26.0, 106.0, 92.0, 21.0, 93.0, 83.0, 70.0, 64.0, 37.0, 55.0, 93.0, 91.0, 25.0, 5.0, 72.0, 18.0, 81.0, 94.0, 120.0, 30.0, 43.0, 64.0, 31.0, 61.0, 0.0, 72.0, 62.0, 106.0, 26.0, 106.0, 19.0, 13.0, 57.0], [76.0, 76.0, 104.0, 76.0, 76.0, 76.0, 104.0, 104.0, 76.0, 76.0, 82.0, 55.0, 7.0, 55.0, 53.0, 28.0, 49.0, 60.0, 68.0, 63.0, 19.0, 31.0, 12.0, 81.0, 50.0, 49.0, 22.0, 55.0, 50.0, 74.0, 30.0, 84.0, 67.0, 85.0, 66.0, 57.0, 34.0, 49.0, 71.0, 70.0, 51.0, 54.0, 13.0, 79.0, 16.0, 43.0, 15.0, 27.0, 59.0, 19.0, 9.0, 41.0, 46.0, 37.0, 42.0, 77.0, 42.0, 5.0, 38.0, 62.0, 58.0, 53.0, 47.0, 74.0, 8.0, 69.0, 72.0, 14.0, 48.0, 40.0, 3.0, 54.0, 35.0, 53.0, 71.0, 21.0, 6.0, 65.0, 35.0, 25.0, 65.0, 29.0, 18.0, 13.0, 41.0, 93.0, 27.0, 43.0, 35.0, 80.0, 73.0, 10.0, 72.0, 18.0, 26.0, 48.0, 69.0, 44.0, 22.0, 86.0, 13.0, 72.0, 0.0, 27.0, 36.0, 58.0, 54.0, 78.0, 59.0, 15.0], [101.0, 101.0, 91.0, 101.0, 101.0, 101.0, 91.0, 91.0, 101.0, 101.0, 59.0, 34.0, 32.0, 33.0, 46.0, 36.0, 55.0, 36.0, 62.0, 60.0, 46.0, 45.0, 29.0, 58.0, 69.0, 57.0, 45.0, 48.0, 38.0, 54.0, 46.0, 68.0, 41.0, 65.0, 47.0, 63.0, 26.0, 39.0, 51.0, 45.0, 59.0, 69.0, 22.0, 64.0, 31.0, 20.0, 37.0, 33.0, 61.0, 41.0, 36.0, 20.0, 24.0, 10.0, 21.0, 56.0, 43.0, 32.0, 30.0, 62.0, 52.0, 28.0, 53.0, 63.0, 35.0, 52.0, 64.0, 24.0, 22.0, 61.0, 30.0, 51.0, 19.0, 26.0, 63.0, 11.0, 33.0, 46.0, 50.0, 34.0, 48.0, 33.0, 46.0, 16.0, 14.0, 73.0, 7.0, 32.0, 30.0, 62.0, 61.0, 19.0, 69.0, 45.0, 53.0, 64.0, 48.0, 53.0, 43.0, 66.0, 17.0, 62.0, 27.0, 0.0, 48.0, 58.0, 45.0, 74.0, 50.0, 21.0], [62.0, 62.0, 82.0, 62.0, 62.0, 62.0, 82.0, 82.0, 62.0, 62.0, 107.0, 82.0, 30.0, 81.0, 33.0, 64.0, 85.0, 83.0, 41.0, 34.0, 41.0, 67.0, 48.0, 106.0, 23.0, 85.0, 21.0, 34.0, 39.0, 102.0, 64.0, 115.0, 87.0, 113.0, 95.0, 22.0, 67.0, 82.0, 99.0, 92.0, 86.0, 21.0, 28.0, 110.0, 52.0, 68.0, 49.0, 16.0, 27.0, 52.0, 33.0, 47.0, 72.0, 56.0, 68.0, 104.0, 18.0, 34.0, 29.0, 31.0, 93.0, 75.0, 84.0, 108.0, 40.0, 99.0, 107.0, 49.0, 61.0, 23.0, 35.0, 90.0, 65.0, 71.0, 47.0, 37.0, 34.0, 94.0, 6.0, 15.0, 95.0, 16.0, 38.0, 36.0, 57.0, 121.0, 53.0, 34.0, 26.0, 110.0, 106.0, 34.0, 108.0, 40.0, 34.0, 17.0, 96.0, 80.0, 56.0, 114.0, 45.0, 106.0, 36.0, 48.0, 0.0, 94.0, 35.0, 114.0, 93.0, 50.0], [121.0, 121.0, 149.0, 121.0, 121.0, 121.0, 149.0, 149.0, 121.0, 121.0, 61.0, 46.0, 64.0, 49.0, 103.0, 30.0, 12.0, 57.0, 119.0, 116.0, 62.0, 31.0, 46.0, 63.0, 106.0, 15.0, 78.0, 105.0, 96.0, 50.0, 35.0, 45.0, 66.0, 57.0, 43.0, 114.0, 32.0, 23.0, 48.0, 62.0, 18.0, 111.0, 67.0, 40.0, 42.0, 50.0, 48.0, 82.0, 115.0, 46.0, 63.0, 77.0, 48.0, 60.0, 46.0, 52.0, 96.0, 61.0, 87.0, 117.0, 15.0, 57.0, 12.0, 31.0, 56.0, 42.0, 22.0, 45.0, 71.0, 94.0, 60.0, 9.0, 41.0, 64.0, 120.0, 64.0, 61.0, 43.0, 93.0, 81.0, 39.0, 84.0, 64.0, 60.0, 66.0, 62.0, 51.0, 89.0, 85.0, 49.0, 30.0, 61.0, 15.0, 62.0, 75.0, 105.0, 48.0, 18.0, 43.0, 55.0, 50.0, 26.0, 58.0, 58.0, 94.0, 0.0, 103.0, 21.0, 19.0, 45.0], [97.0, 97.0, 51.0, 97.0, 97.0, 97.0, 51.0, 51.0, 97.0, 97.0, 94.0, 74.0, 52.0, 72.0, 3.0, 77.0, 98.0, 71.0, 18.0, 18.0, 68.0, 83.0, 64.0, 92.0, 57.0, 99.0, 52.0, 4.0, 9.0, 93.0, 83.0, 109.0, 71.0, 102.0, 88.0, 31.0, 71.0, 84.0, 90.0, 78.0, 101.0, 51.0, 40.0, 106.0, 68.0, 61.0, 69.0, 29.0, 24.0, 72.0, 57.0, 29.0, 64.0, 47.0, 63.0, 94.0, 18.0, 55.0, 16.0, 22.0, 97.0, 63.0, 96.0, 106.0, 61.0, 93.0, 109.0, 61.0, 44.0, 58.0, 54.0, 96.0, 64.0, 56.0, 18.0, 38.0, 55.0, 87.0, 41.0, 32.0, 89.0, 27.0, 66.0, 44.0, 44.0, 110.0, 52.0, 13.0, 19.0, 102.0, 104.0, 45.0, 114.0, 66.0, 65.0, 49.0, 87.0, 94.0, 76.0, 104.0, 54.0, 106.0, 54.0, 45.0, 35.0, 103.0, 0.0, 119.0, 95.0, 60.0], [143.0, 143.0, 163.0, 143.0, 143.0, 143.0, 163.0, 163.0, 143.0, 143.0, 58.0, 53.0, 85.0, 56.0, 120.0, 51.0, 33.0, 63.0, 137.0, 134.0, 84.0, 53.0, 66.0, 62.0, 127.0, 35.0, 99.0, 122.0, 112.0, 49.0, 57.0, 36.0, 71.0, 51.0, 44.0, 133.0, 49.0, 35.0, 48.0, 65.0, 37.0, 131.0, 86.0, 33.0, 63.0, 61.0, 69.0, 102.0, 134.0, 68.0, 84.0, 92.0, 59.0, 74.0, 58.0, 50.0, 115.0, 82.0, 104.0, 135.0, 22.0, 66.0, 34.0, 23.0, 77.0, 41.0, 14.0, 65.0, 83.0, 115.0, 80.0, 24.0, 56.0, 74.0, 137.0, 82.0, 82.0, 45.0, 113.0, 101.0, 40.0, 103.0, 86.0, 79.0, 79.0, 54.0, 67.0, 106.0, 103.0, 43.0, 24.0, 80.0, 6.0, 83.0, 96.0, 126.0, 49.0, 39.0, 65.0, 49.0, 69.0, 19.0, 78.0, 74.0, 114.0, 21.0, 119.0, 0.0, 25.0, 64.0], [130.0, 130.0, 138.0, 130.0, 130.0, 130.0, 138.0, 138.0, 130.0, 130.0, 42.0, 29.0, 66.0, 32.0, 96.0, 35.0, 29.0, 39.0, 112.0, 110.0, 69.0, 41.0, 48.0, 44.0, 109.0, 31.0, 81.0, 98.0, 87.0, 31.0, 45.0, 29.0, 48.0, 39.0, 24.0, 111.0, 26.0, 11.0, 29.0, 43.0, 35.0, 112.0, 65.0, 23.0, 45.0, 36.0, 53.0, 79.0, 111.0, 53.0, 66.0, 67.0, 34.0, 49.0, 33.0, 33.0, 92.0, 63.0, 80.0, 112.0, 5.0, 41.0, 27.0, 16.0, 59.0, 23.0, 14.0, 45.0, 58.0, 98.0, 61.0, 11.0, 31.0, 49.0, 112.0, 59.0, 63.0, 24.0, 93.0, 79.0, 19.0, 81.0, 70.0, 57.0, 54.0, 44.0, 43.0, 82.0, 79.0, 30.0, 15.0, 59.0, 21.0, 68.0, 81.0, 107.0, 29.0, 33.0, 51.0, 37.0, 48.0, 13.0, 59.0, 50.0, 93.0, 19.0, 95.0, 25.0, 0.0, 44.0], [90.0, 90.0, 109.0, 90.0, 90.0, 90.0, 109.0, 109.0, 90.0, 90.0, 68.0, 41.0, 23.0, 42.0, 60.0, 17.0, 38.0, 47.0, 76.0, 72.0, 30.0, 24.0, 9.0, 67.0, 65.0, 39.0, 38.0, 62.0, 54.0, 60.0, 25.0, 68.0, 55.0, 70.0, 51.0, 69.0, 18.0, 33.0, 56.0, 57.0, 41.0, 68.0, 22.0, 63.0, 10.0, 31.0, 17.0, 38.0, 70.0, 20.0, 24.0, 40.0, 33.0, 29.0, 28.0, 62.0, 52.0, 20.0, 44.0, 72.0, 43.0, 41.0, 36.0, 59.0, 19.0, 54.0, 57.0, 3.0, 42.0, 55.0, 18.0, 40.0, 21.0, 43.0, 78.0, 22.0, 20.0, 50.0, 50.0, 36.0, 50.0, 39.0, 31.0, 16.0, 35.0, 78.0, 17.0, 47.0, 42.0, 65.0, 57.0, 16.0, 58.0, 29.0, 40.0, 63.0, 54.0, 35.0, 22.0, 71.0, 6.0, 57.0, 15.0, 21.0, 50.0, 45.0, 60.0, 64.0, 44.0, 0.0]]
