50 1529.0933186376824 0 1680 84 21
[45.61987605866653, 16.919638749161752, 20.195446964479697, 86.91339627670067, 21.999407278399836, 26.256280683845695, 54.12422129552071, 82.64176989094376, 47.56787077383329, 76.78982946383881, 14.605292021724631, 85.79750128020297, 88.19941039717418, 19.352738809978888, 20.19537754847235, 83.69274835921695, 40.169936447801184, 23.47264956761539, 13.502677390577166, 90.93418704035577, 22.40220267322713, 17.832097778624274, 15.658902079394961, 52.49383495912422, 22.55281669613302, 50.20012611695672, 79.13001052604132, 8.21148882342408, 24.764840395805003, 42.039494766514025, 73.3443669032717, 58.94317548996547, 82.88385701404937, 24.16081097212571, 83.1051477198408, 13.80587747240103, 79.27020189391992, 79.47757731574495, 40.576104557392796, 22.742446639852147, 76.71466392212965, 45.94409762760678, 78.34357567697634, 89.020745655282, 93.00450991664582, 83.96263388850092, 82.11038658714631, 19.540540614149812, 73.64884505468395, 42.17776657971278]
[26.560915448193413, 47.72015320453701, 23.59987237149784, 75.29727661651043, 9.85167185206346, 7.758739547287891, 46.77152822413254, 6.9859369082202685, 19.317444106096083, 54.4979497382836, 83.8047728182878, 53.40250610900036, 58.018147686705646, 85.53600482619088, 22.267263399681934, 53.16816353166055, 10.020563316814666, 53.84290641875213, 76.28596967833681, 76.06968012591652, 42.32380942787053, 49.33898755950983, 57.086270163819606, 57.4126691657101, 91.60925137554942, 90.28932247147047, 91.02263760854946, 9.743540533168993, 12.915256204136332, 75.6312192875248, 90.88793738634536, 76.86494079864703, 14.576215671073943, 41.662613944326665, 79.5033691437724, 75.85202733453357, 77.65486878738696, 45.21205445371303, 90.0655534130229, 74.0221203118712, 21.93448747195022, 51.44044656137174, 25.256408710956435, 40.617205578810356, 57.66402923555002, 77.66545895093135, 51.034993971798876, 44.79670078611142, 49.720528631133206, 81.75719371598558]
[2, 4, 1, 9, 1, 1, 5, 3, 2, 6, 7, 6, 6, 7, 1, 6, 2, 4, 7, 9, 4, 4, 4, 5, 7, 8, 9, 1, 1, 8, 9, 8, 3, 4, 9, 7, 9, 6, 8, 7, 3, 5, 3, 6, 6, 9, 6, 4, 6, 8]
[1, 2, 3, 4, 5, 6, 7, 8, 9, 10, 11, 12, 13, 14, 15, 16, 17, 18, 19, 20, 21, 22, 23, 24, 25, 26, 27, 28, 29, 30, 31, 32, 33, 34, 35, 36, 37, 38, 39, 40, 41, 42, 43, 44, 45, 46, 47, 48, 49, 50]
[3, 1, 2, 3, 2, 2, 1, 2, 3, 3, 1, 3, 3, 1, 2, 3, 3, 1, 1, 3, 1, 1, 1, 1, 1, 3, 3, 2, 2, 3, 3, 3, 2, 1, 3, 1, 3, 3, 3, 1, 2, 1, 2, 3, 3, 3, 3, 1, 3, 3]
[1, 1, 2, 1, 2, 2, 1, 2, 1, 2, 3, 2, 2, 3, 2, 2, 1, 1, 3, 1, 1, 1, 1, 1, 3, 2, 1, 2, 2, 2, 1, 2, 2, 1, 1, 3, 1, 2, 2, 3, 2, 1, 2, 2, 2, 1, 2, 1, 2, 2]
[1, 7, 3, 8, 9, 3, 5, 2, 9, 2, 1, 8, 5, 4, 7, 10, 9, 10, 10, 2, 10, 8, 10, 8, 10, 4, 3, 7, 5, 4, 4, 7, 7, 4, 6, 3, 3, 7, 5, 9, 2, 2, 9, 2, 7, 3, 2, 8, 10, 4]
[3936.596533956082, 1601.9073966007702, 2075.926869031796, 4125.714167360079, 1765.828637768615, 2076.846104892805, 3009.357802467885, 3905.6646353283095, 2625.2630801412074, 4187.506077545477, 4748.3604205552765, 4159.994340022747, 3478.5156395768813, 2437.530060677724, 2006.2372074263656, 3249.0629255807257, 1348.5905808097234, 3063.146677231356, 3044.878214992947, 3665.989970386351, 3196.2851648176634, 4122.045107066461, 3347.9095265800165, 4116.176452787842, 3296.6169037427844, 1653.0130695253913, 2541.981471146763, 1455.1685140902355, 3034.146011073438, 1738.991924114059, 2262.941767371129, 1892.4274038940825, 2291.8832675306835, 2276.034037728088, 3458.4679054156827, 2993.1524606689845, 2776.1748156679196, 2113.8328755008974, 3225.112211341348, 2274.3364192555755, 4078.9608492888833, 4020.67276130936, 1752.4611862504185, 3751.1679974006292, 2208.0141451470367, 2845.1460886806435, 3439.135769102238, 4186.916726827666, 3378.2979163430787, 2420.054693129666]
[0.8471810753891633, 0.8045160498123121, 0.5262114213006277, 0.27860470006266796, 0.6786039792740406, 0.04968118522310304, 0.2625387520299961, 0.23579847875248153, 0.4447845997886072, 0.23457185841122094, 0.8832718105697559, 0.31096176129263275, 0.42836295418372716, 0.5119117675351675, 0.7407637388738031, 0.5619420783606452, 0.7653875640185726, 0.47096369853415815, 0.5027336088322399, 0.2668918426769283, 0.5420797570557806, 0.41327913127494975, 0.5083722084218005, 0.3015761769545523, 0.5294053076258949, 0.23313209269869514, 0.9034471870193627, 0.7640440184381904, 0.4726589324069889, 0.3525976607670762, 0.11470955286399655, 0.7390342107467991, 0.8237190020645755, 0.48194154473761003, 0.5192287425794824, 0.5547612221349038, 0.5220622930928318, 0.8158152399133376, 0.39790020270240584, 0.9128547393430413, 0.2483328347143654, 0.2575195246832713, 0.7615650939412137, 0.2581338642028087, 0.8152054084051943, 0.32591802823801164, 0.26337428949248903, 0.27532805355533024, 0.48552896629362197, 0.6037293409093295]
[1.0974835880922242, 0.603582749149565, 0.7649429610076695, 0.8981498475945876, 1.0068753668299193, 0.9107363471480932, 0.9255518511907184, 0.8481291140342351, 0.8775978360774277, 0.6773563332221197, 0.6722926932368385, 0.9272217903534403, 1.0979156486965649, 0.5070625259758987, 1.0970568781734014, 0.538944177039006, 0.8621351237098205, 0.9636241327704986, 0.5681534029928439, 0.8982688485316876, 0.7589550015838888, 0.9556280787706652, 0.7105058105779416, 0.8528524493154855, 0.7857140202503026, 1.0933765129098827, 1.0382678415181066, 0.5257918084803095, 0.548423570160816, 0.9200032646959544, 0.5541105862216221, 0.7657695080266422, 0.52277354014235, 0.7390128626600683, 0.653277476132208, 0.9661499312151113, 0.8215515422141746, 1.047628661266566, 1.0481325166948205, 1.0897894484455595, 1.099036796280223, 0.7799286772062003, 0.691923697109301, 0.9572652271813175, 0.6608315234265757, 0.839003152722182, 0.8048625435817182, 0.6401742453377367, 0.5986276357857767, 0.8066462859830297]
[1.0732091233767915, 0.8776623816791244, 1.0516917584291008, 0.9178639030613593, 0.6067029940531072, 0.751283574899592, 0.7387454017379362, 0.5625540275789161, 1.096226440637646, 0.638798789193258, 0.6353470868266801, 0.7895038657308384, 0.7141932344186652, 0.580765765437584, 0.6052292325313189, 1.0989978549712236, 0.7101532977711222, 0.7743490337679053, 0.7746438218255154, 0.5406219489360211, 0.9402658271373072, 0.5581348544684117, 0.7132348935084611, 0.8593961531197978, 0.5073127720793862, 0.8579576831039087, 0.9528152480576962, 0.8014033663781657, 0.5083425787942337, 1.0446703458722064, 1.0994051320108762, 0.627602676087168, 0.8660433132260368, 0.7386283628748143, 0.7755401404142019, 0.5417611696242546, 0.5127416448587431, 0.5487153995319212, 0.6061981832296855, 0.711999712069163, 0.5105417901492868, 0.6802573467236047, 0.9578845211933384, 0.9626372428490825, 1.0736840897217754, 0.5108443304700492, 0.8625921585720786, 0.928342486631585, 1.0388893651300548, 0.5954435091515765]
[0.5158549206173754, 0.6285029848220531, 0.7750972240402341, 0.607202934205369, 0.527696752832064, 0.9265495207407259, 1.0669249680206006, 0.8629015438942562, 0.7252153930296535, 0.6403521169513079, 0.6973223939844758, 1.0369781331881625, 0.8705337361280538, 0.7662268726783716, 0.5426587751560867, 0.9303105746798148, 0.5606494962412993, 0.7678562650862449, 0.7140673922745236, 0.7891343065288177, 1.090377099971799, 0.7498023040255781, 0.660987393317557, 0.539442821268378, 0.6678533267249973, 0.8340330021553692, 0.5423233739012767, 0.6322984804755487, 0.5480346944590705, 0.6349377456112669, 0.7636853431156764, 1.0096798495634367, 0.9705787063650353, 0.5855436322402581, 0.5676035809665727, 1.0846504157741572, 0.5298729432439899, 0.9864024755134568, 0.6404860088173427, 0.5936531718177454, 0.9746395660637932, 0.6989379675869646, 0.7217389995343324, 1.0852447038682431, 0.6179894400481594, 0.9166258651458552, 1.0246716350185572, 0.6987712365476281, 0.69611449375142, 0.8102156526200366]
[0.8756931667104918, 1.0107008302397151, 0.9000525228949743, 0.8281053592139827, 0.9864644406941374, 0.9634046283926403, 1.082525303058116, 0.8800863039866691, 0.8844648016263674, 1.0517844903018179, 0.9513221577991663, 1.0405783158229664, 0.6449587890197575, 0.7590366710074704, 0.7299005444557485, 0.5441534632218462, 0.7607884009691891, 0.9798394842977745, 0.8601736180315919, 0.5979109772775628, 0.7261100646329834, 0.8805288843603722, 0.9330771683962842, 0.5118183348248304, 0.5472091674988414, 1.0307986988032045, 1.0702155634436223, 0.8456308846545948, 0.9556264910041729, 0.8875880380716241, 0.7240051004614547, 0.8712221740802759, 0.8605989529516012, 0.6989228854616328, 0.781356068681046, 0.8243263349686111, 0.79082583584722, 0.5793559877685156, 0.9414714651569224, 0.9583044908304095, 0.5949168864867771, 0.6632613807371477, 1.0958601306509594, 0.5946079148513779, 0.7698658748108984, 0.8159017135306874, 0.8566156821458519, 0.9353823696137227, 0.747533129331458, 0.6967244220607247]
[0.617315473241581, 1.0843790526479267, 0.6295526503377679, 0.8577788746358674, 0.6669621566366374, 0.9915269400076763, 0.6178426056423263, 0.8877306821591395, 1.080624597192961, 0.6145570458002967, 1.0741416921731761, 0.6794550025927197, 0.6332784254127384, 1.0845538727938955, 0.5049133276215847, 0.7149148810680981, 0.9280988940603363, 0.7235922710735594, 0.6638186918301507, 0.6439774435335422, 0.9928626510160956, 1.0377688411448958, 1.0154845612508483, 1.0378376671701832, 0.9661120398105565, 0.5177964273563005, 1.0020666246918666, 0.6863071074944908, 0.6392182724738229, 0.5621019198958856, 0.5822012311291853, 0.752280567798042, 0.678265956967938, 0.8043182956518247, 1.0675345646813614, 0.5660453616221615, 0.5503732514624613, 0.7366179865528802, 0.8874090648980906, 0.694442864747107, 0.7887854481075552, 0.5974312960090918, 1.0242981110684566, 0.6320950244165753, 0.6709116400980418, 0.8448353523805887, 1.002107394552787, 0.7168745876645177, 0.7270729585555811, 0.7760359336558955]
[0.3284498679585235, 0.3649012822074408, 0.35332438759712564, 0.3555673657337222, 0.21208937069415948, 0.6055896530274782, 0.48791630649588147, 0.3216576975765021, 0.6668347648006094, 0.1790973229113102, 0.30436326387876855, 0.5367140455874678, 0.2788026973762697, 0.18575212490675097, 0.13278725499427044, 0.21436028260085646, 0.24236897212610303, 0.4062311443306404, 0.17944959018042472, 0.14755642322927978, 0.5609640530024891, 0.3654424977522832, 0.31738345260281586, 0.2100187130144503, 0.14073504346285615, 0.41759160107439264, 0.57536611838548, 0.15462739841281595, 0.09332930120058598, 0.3044572290341715, 0.19610262543054457, 0.3180352871355713, 0.2564984842151849, 0.1796778113987868, 0.23987115568381373, 0.2649064904055684, 0.09715011500984967, 0.24198948353055727, 0.3399941890939042, 0.3065457169431061, 0.25662724051382463, 0.1469397993799489, 0.5369489926179579, 0.37586827936725875, 0.22647940729216026, 0.2708034559526612, 0.6106779295720653, 0.2784670475921863, 0.23529634237090044, 0.21041039826864266]
[98.43527591335823, 925.8776224605116, 290.8791848400695, 248.92234969335428, 290.6017556413805, 179.9781632377619, 42.76817783377554, 203.2748912038063, 204.4776973384252, 128.75159612034258, 77.16938790182397, 236.00837103330588, 39.36485037609391, 258.9100094610043, 694.6454611080403, 123.15752670651811, 281.8048597434787, 75.3057192981717, 117.38096059853177, 270.53811102010116, 65.24832006036162, 440.3959008848623, 50.161121275219486, 265.6963671514251, 36.88577353056391, 186.58690182628297, 388.5741750009253, 1023.9858750544093, 47.216871077991236, 338.44024506563284, 270.40198968117824, 969.5358533328631, 898.9919759091376, 444.2035582651136, 306.3728841141977, 309.0039351430714, 252.2541651721292, 1254.5138047712724, 35.84407344953193, 282.0169377364253, 154.86159363744656, 197.85522116214725, 253.36340908682737, 233.40307119882962, 710.9594882817406, 241.2510893096397, 326.8994032836813, 223.91710438612077, 50.83342897220039, 366.88981823164653]
[33.9456693175603, 347.0288692444305, 105.03227111067125, 86.95141259666043, 55.888645197284234, 107.33529265760457, 19.736784853801975, 68.8397851888664, 127.0451674572947, 24.83243509247376, 22.402683377866975, 125.20525700656029, 11.472629864171584, 44.93196439945734, 89.97552953514234, 26.043804273310574, 75.404290150492, 28.386478912004044, 20.0471690777154, 34.77869946576741, 36.92241399565624, 161.69969487106414, 16.300165111276378, 51.98352940777652, 4.817692236573208, 80.26866344882737, 214.332376113519, 175.6215182723145, 5.054487080151542, 104.19915141050932, 51.3897479652431, 318.42312881253406, 250.52931397190468, 86.00578203436568, 72.40159483497364, 83.45998601291977, 22.18681356131286, 323.44870031063175, 11.774503670775418, 78.79448602289948, 40.06082820129561, 31.59624083169226, 135.23099818639596, 90.82170950219012, 163.21566866461856, 67.18514481495637, 200.06377472307034, 64.21821465396621, 11.174623779130377, 68.53955093067286]
[-7.823620433208879, 4129.388112302558, 954.3959242003474, 744.6117484667714, 953.0087782069024, 399.89081618880954, -286.1591108311223, 516.3744560190315, 522.3884866921261, 143.7579806017129, -114.15306049088016, 680.0418551665296, -303.1757481195304, 794.5500473050214, 2973.227305540201, 115.78763353259052, 909.0242987173935, -123.47140350914154, 86.90480299265889, 852.6905551005057, -173.7583996981919, 1701.9795044243112, -249.19439362390258, 828.4818357571256, -315.5711323471804, 432.9345091314148, 1442.8708750046264, 4619.929375272047, -263.9156446100438, 1192.2012253281641, 852.0099484058912, 4347.679266664315, 3994.9598795456886, 1721.0177913255682, 1031.8644205709884, 1045.019675715357, 761.2708258606461, 5772.569023856361, -320.7796327523403, 910.0846886821264, 274.30796818723275, 489.276105810736, 766.8170454341368, 667.0153559941481, 3054.797441408703, 706.2554465481985, 1134.4970164184067, 619.5855219306038, -245.832855138998, 1334.449091158233]
[-330.2716534121985, 1235.1443462221525, 25.161355553356263, -65.24293701669778, -220.55677401357886, 36.67646328802287, -401.3160757309902, -155.80107405566795, 135.22583728647345, -375.8378245376312, -387.9865831106651, 126.02628503280144, -442.63685067914207, -275.3401780027133, -50.12235232428831, -369.78097863344715, -122.97854924754002, -358.06760543997984, -399.76415461142295, -326.10650267116296, -315.3879300217188, 308.49847435532075, -418.49917444361813, -240.0823529611174, -475.911538817134, -98.65668275586312, 571.661880567595, 378.1075913615725, -474.72756459924227, 20.99575705254657, -243.0512601737845, 1092.11564406267, 752.6465698595233, -69.97108982817153, -137.99202582513178, -82.70006993540106, -389.0659321934357, 1117.2435015531587, -441.1274816461229, -106.02756988550264, -299.69585899352194, -342.0187958415387, 176.15499093197997, -45.89145248904948, 316.0783433230929, -164.07427592521816, 500.31887361535166, -178.90892673016893, -444.1268811043481, -157.3022453466357]
[157.4638613582433, 32.038147932015406, 62.27780607095388, 165.02856669440317, 52.97485913305845, 62.30538314678416, 60.1871560493577, 117.16993905984928, 105.0105232056483, 167.50024310181908, 94.96720841110553, 166.39977360090987, 139.14062558307526, 48.75060121355448, 60.18711622279096, 129.96251702322903, 53.94362323238894, 61.262933544627124, 60.89756429985894, 146.63959881545404, 63.92570329635326, 82.44090214132923, 66.95819053160034, 82.32352905575684, 65.93233807485568, 66.12052278101565, 101.67925884587052, 43.655055422707065, 91.02438033220314, 69.55967696456236, 90.51767069484517, 75.6970961557633, 68.75649802592051, 45.52068075456176, 138.3387162166273, 59.86304921337969, 111.04699262671677, 84.5533150200359, 129.00448845365392, 45.48672838511151, 122.36882547866648, 80.4134552261872, 52.573835587512555, 150.0467198960252, 88.32056580588147, 113.80584354722575, 137.5654307640895, 83.73833453655332, 135.13191665372315, 96.80218772518663]
[3, 1, 1, 3, 1, 1, 1, 2, 2, 3, 2, 3, 3, 1, 1, 3, 1, 1, 1, 3, 1, 1, 1, 1, 1, 2, 2, 1, 2, 2, 2, 2, 2, 1, 3, 1, 2, 2, 3, 1, 2, 1, 1, 3, 2, 3, 3, 1, 3, 2]
[4, 18, 14, 5, 1, 1, 10, 0, 6, 10, 13, 3, 2, 13, 4, 5, 0, 6, 8, 19, 16, 7, 17, 0, 10, 18, 2, 1, 8, 3, 8, 11, 13, 0, 15, 14, 8, 10, 12, 3, 2, 8, 11, 14, 8, 18, 6, 7, 15, 7]
[8, 20, 20, 9, 17, 20, 14, 16, 10, 20, 20, 19, 14, 20, 16, 20, 20, 18, 12, 20, 20, 15, 20, 8, 18, 20, 6, 9, 20, 20, 16, 15, 20, 20, 20, 20, 16, 14, 16, 20, 20, 20, 20, 20, 20, 20, 18, 20, 20, 20]
2
[0.0, 0.0]
[66.66666666666667, 66.66666666666667]
[[1.0, 1.0, 1.0, 1.0, 1.0, 2.0, 1.0, 1.0, 1.0, 2.0, 1.0, 1.0, 1.0, 2.0, 2.0, 1.0, 1.0, 2.0, 1.0, 1.0, 1.0, 2.0, 1.0, 1.0, 1.0, 1.0, 1.0, 1.0, 1.0, 1.0, 1.0, 1.0, 1.0, 1.0, 2.0, 1.0, 2.0, 1.0, 1.0, 1.0, 1.0, 1.0, 2.0, 1.0, 2.0, 2.0, 2.0, 2.0, 1.0, 1.0, 1.0, 1.0], [1.0, 1.0, 1.0, 1.0, 1.0, 2.0, 1.0, 1.0, 1.0, 2.0, 1.0, 1.0, 1.0, 2.0, 2.0, 1.0, 1.0, 2.0, 1.0, 1.0, 1.0, 2.0, 1.0, 1.0, 1.0, 1.0, 1.0, 1.0, 1.0, 1.0, 1.0, 1.0, 1.0, 1.0, 2.0, 1.0, 2.0, 1.0, 1.0, 1.0, 1.0, 1.0, 2.0, 1.0, 2.0, 2.0, 2.0, 2.0, 1.0, 1.0, 1.0, 1.0], [1.0, 1.0, 1.0, 1.0, 1.0, 1.0, 1.0, 1.0, 1.0, 1.0, 1.0, 1.0, 1.0, 1.0, 1.0, 1.0, 1.0, 1.0, 1.0, 1.0, 1.0, 1.0, 1.0, 1.0, 1.0, 1.0, 1.0, 1.0, 1.0, 1.0, 1.0, 1.0, 1.0, 1.0, 1.0, 1.0, 1.0, 1.0, 1.0, 1.0, 1.0, 1.0, 1.0, 1.0, 1.0, 1.0, 1.0, 1.0, 1.0, 1.0, 1.0, 1.0], [1.0, 1.0, 1.0, 1.0, 1.0, 1.0, 1.0, 1.0, 1.0, 1.0, 1.0, 1.0, 1.0, 1.0, 1.0, 1.0, 1.0, 1.0, 1.0, 1.0, 1.0, 1.0, 1.0, 1.0, 1.0, 1.0, 1.0, 1.0, 1.0, 1.0, 1.0, 1.0, 1.0, 1.0, 1.0, 1.0, 1.0, 1.0, 1.0, 1.0, 1.0, 1.0, 1.0, 1.0, 1.0, 1.0, 1.0, 1.0, 1.0, 1.0, 1.0, 1.0], [1.0, 1.0, 1.0, 1.0, 1.0, 2.0, 1.0, 1.0, 1.0, 1.0, 1.0, 1.0, 1.0, 1.0, 1.0, 1.0, 1.0, 1.0, 1.0, 1.0, 1.0, 2.0, 1.0, 1.0, 1.0, 1.0, 1.0, 1.0, 2.0, 1.0, 1.0, 1.0, 2.0, 1.0, 1.0, 1.0, 2.0, 1.0, 1.0, 1.0, 1.0, 1.0, 1.0, 1.0, 1.0, 1.0, 1.0, 1.0, 1.0, 1.0, 1.0, 1.0], [2.0, 2.0, 1.0, 1.0, 2.0, 1.0, 2.0, 2.0, 1.0, 1.0, 1.0, 1.0, 1.0, 1.0, 1.0, 1.0, 2.0, 1.0, 1.0, 1.0, 1.0, 1.0, 1.0, 1.0, 1.0, 1.0, 1.0, 1.0, 1.0, 2.0, 2.0, 1.0, 1.0, 1.0, 1.0, 1.0, 1.0, 1.0, 1.0, 1.0, 1.0, 1.0, 1.0, 1.0, 1.0, 1.0, 1.0, 1.0, 1.0, 1.0, 1.0, 1.0], [1.0, 1.0, 1.0, 1.0, 1.0, 2.0, 1.0, 1.0, 1.0, 1.0, 1.0, 1.0, 1.0, 1.0, 1.0, 1.0, 1.0, 1.0, 1.0, 1.0, 1.0, 2.0, 1.0, 1.0, 1.0, 1.0, 1.0, 2.0, 2.0, 1.0, 1.0, 1.0, 2.0, 1.0, 1.0, 1.0, 2.0, 1.0, 2.0, 1.0, 1.0, 1.0, 1.0, 1.0, 1.0, 1.0, 2.0, 2.0, 1.0, 1.0, 1.0, 1.0], [1.0, 1.0, 1.0, 1.0, 1.0, 2.0, 1.0, 1.0, 1.0, 1.0, 1.0, 1.0, 1.0, 1.0, 1.0, 1.0, 1.0, 1.0, 1.0, 1.0, 1.0, 2.0, 1.0, 1.0, 1.0, 1.0, 1.0, 2.0, 2.0, 1.0, 1.0, 1.0, 2.0, 1.0, 1.0, 1.0, 2.0, 1.0, 2.0, 1.0, 1.0, 1.0, 1.0, 1.0, 1.0, 1.0, 1.0, 2.0, 1.0, 1.0, 1.0, 1.0], [1.0, 1.0, 1.0, 1.0, 1.0, 1.0, 1.0, 1.0, 1.0, 1.0, 1.0, 1.0, 1.0, 1.0, 1.0, 1.0, 1.0, 1.0, 1.0, 1.0, 1.0, 1.0, 1.0, 1.0, 1.0, 1.0, 1.0, 1.0, 1.0, 1.0, 1.0, 1.0, 1.0, 1.0, 1.0, 1.0, 1.0, 1.0, 1.0, 1.0, 1.0, 1.0, 1.0, 1.0, 1.0, 1.0, 1.0, 1.0, 1.0, 1.0, 1.0, 1.0], [2.0, 2.0, 1.0, 1.0, 1.0, 1.0, 1.0, 1.0, 1.0, 1.0, 1.0, 1.0, 2.0, 1.0, 1.0, 2.0, 1.0, 1.0, 1.0, 1.0, 2.0, 1.0, 1.0, 1.0, 1.0, 1.0, 2.0, 2.0, 2.0, 1.0, 1.0, 1.0, 2.0, 1.0, 1.0, 1.0, 1.0, 2.0, 1.0, 1.0, 2.0, 2.0, 1.0, 1.0, 1.0, 1.0, 1.0, 1.0, 1.0, 1.0, 1.0, 2.0], [1.0, 1.0, 1.0, 1.0, 1.0, 1.0, 1.0, 1.0, 1.0, 1.0, 1.0, 1.0, 1.0, 1.0, 1.0, 1.0, 1.0, 1.0, 1.0, 1.0, 1.0, 1.0, 1.0, 1.0, 1.0, 1.0, 1.0, 1.0, 1.0, 1.0, 1.0, 1.0, 1.0, 1.0, 1.0, 1.0, 1.0, 1.0, 1.0, 1.0, 1.0, 1.0, 1.0, 1.0, 1.0, 1.0, 1.0, 1.0, 1.0, 1.0, 1.0, 1.0], [1.0, 1.0, 1.0, 1.0, 1.0, 1.0, 1.0, 1.0, 1.0, 1.0, 1.0, 1.0, 1.0, 1.0, 1.0, 1.0, 1.0, 1.0, 1.0, 1.0, 1.0, 1.0, 1.0, 1.0, 1.0, 1.0, 1.0, 1.0, 1.0, 1.0, 1.0, 1.0, 1.0, 1.0, 1.0, 1.0, 1.0, 1.0, 1.0, 1.0, 1.0, 1.0, 1.0, 1.0, 1.0, 1.0, 1.0, 1.0, 1.0, 1.0, 1.0, 1.0], [1.0, 1.0, 1.0, 1.0, 1.0, 1.0, 1.0, 1.0, 1.0, 2.0, 1.0, 1.0, 1.0, 1.0, 1.0, 1.0, 1.0, 1.0, 1.0, 1.0, 1.0, 1.0, 1.0, 1.0, 1.0, 1.0, 1.0, 1.0, 1.0, 1.0, 1.0, 1.0, 1.0, 1.0, 2.0, 1.0, 1.0, 1.0, 1.0, 1.0, 1.0, 1.0, 2.0, 1.0, 2.0, 2.0, 1.0, 1.0, 1.0, 1.0, 1.0, 1.0], [2.0, 2.0, 1.0, 1.0, 1.0, 1.0, 1.0, 1.0, 1.0, 1.0, 1.0, 1.0, 1.0, 1.0, 1.0, 1.0, 1.0, 1.0, 1.0, 1.0, 1.0, 1.0, 1.0, 1.0, 1.0, 1.0, 1.0, 1.0, 1.0, 2.0, 1.0, 1.0, 1.0, 1.0, 1.0, 1.0, 1.0, 1.0, 1.0, 1.0, 1.0, 1.0, 1.0, 1.0, 1.0, 1.0, 1.0, 1.0, 1.0, 1.0, 1.0, 1.0], [2.0, 2.0, 1.0, 1.0, 1.0, 1.0, 1.0, 1.0, 1.0, 1.0, 1.0, 1.0, 1.0, 1.0, 1.0, 1.0, 1.0, 1.0, 1.0, 1.0, 1.0, 1.0, 1.0, 1.0, 1.0, 1.0, 1.0, 1.0, 1.0, 2.0, 1.0, 1.0, 1.0, 1.0, 1.0, 1.0, 1.0, 1.0, 1.0, 1.0, 1.0, 1.0, 1.0, 1.0, 1.0, 1.0, 1.0, 1.0, 1.0, 1.0, 1.0, 1.0], [1.0, 1.0, 1.0, 1.0, 1.0, 1.0, 1.0, 1.0, 1.0, 2.0, 1.0, 1.0, 1.0, 1.0, 1.0, 1.0, 1.0, 1.0, 1.0, 1.0, 1.0, 1.0, 1.0, 1.0, 1.0, 1.0, 1.0, 1.0, 1.0, 1.0, 1.0, 1.0, 1.0, 1.0, 2.0, 1.0, 1.0, 1.0, 1.0, 1.0, 1.0, 1.0, 2.0, 1.0, 2.0, 1.0, 1.0, 1.0, 1.0, 1.0, 1.0, 1.0], [1.0, 1.0, 1.0, 1.0, 1.0, 2.0, 1.0, 1.0, 1.0, 1.0, 1.0, 1.0, 1.0, 1.0, 1.0, 1.0, 1.0, 1.0, 1.0, 1.0, 1.0, 2.0, 1.0, 1.0, 1.0, 1.0, 1.0, 1.0, 2.0, 1.0, 1.0, 1.0, 2.0, 1.0, 1.0, 1.0, 2.0, 1.0, 1.0, 1.0, 1.0, 1.0, 1.0, 1.0, 1.0, 1.0, 1.0, 2.0, 1.0, 1.0, 1.0, 1.0], [2.0, 2.0, 1.0, 1.0, 1.0, 1.0, 1.0, 1.0, 1.0, 1.0, 1.0, 1.0, 1.0, 1.0, 1.0, 1.0, 1.0, 1.0, 1.0, 1.0, 1.0, 1.0, 1.0, 1.0, 1.0, 1.0, 1.0, 1.0, 1.0, 2.0, 1.0, 1.0, 1.0, 1.0, 1.0, 1.0, 1.0, 1.0, 1.0, 1.0, 1.0, 1.0, 1.0, 1.0, 1.0, 1.0, 1.0, 1.0, 1.0, 1.0, 1.0, 1.0], [1.0, 1.0, 1.0, 1.0, 1.0, 1.0, 1.0, 1.0, 1.0, 1.0, 1.0, 1.0, 1.0, 1.0, 1.0, 1.0, 1.0, 1.0, 1.0, 1.0, 1.0, 1.0, 1.0, 1.0, 1.0, 1.0, 1.0, 1.0, 2.0, 1.0, 1.0, 1.0, 2.0, 1.0, 1.0, 1.0, 1.0, 1.0, 1.0, 1.0, 1.0, 1.0, 1.0, 1.0, 1.0, 1.0, 1.0, 1.0, 1.0, 1.0, 1.0, 1.0], [1.0, 1.0, 1.0, 1.0, 1.0, 1.0, 1.0, 1.0, 1.0, 1.0, 1.0, 1.0, 1.0, 1.0, 1.0, 1.0, 1.0, 1.0, 1.0, 1.0, 1.0, 1.0, 1.0, 1.0, 1.0, 1.0, 1.0, 1.0, 1.0, 1.0, 1.0, 1.0, 1.0, 1.0, 1.0, 1.0, 1.0, 1.0, 1.0, 1.0, 1.0, 1.0, 1.0, 1.0, 1.0, 1.0, 1.0, 1.0, 1.0, 1.0, 1.0, 1.0], [1.0, 1.0, 1.0, 1.0, 1.0, 1.0, 1.0, 1.0, 1.0, 2.0, 1.0, 1.0, 1.0, 1.0, 1.0, 1.0, 1.0, 1.0, 1.0, 1.0, 1.0, 1.0, 1.0, 1.0, 1.0, 1.0, 1.0, 1.0, 1.0, 1.0, 1.0, 1.0, 1.0, 1.0, 2.0, 1.0, 1.0, 1.0, 1.0, 1.0, 1.0, 1.0, 1.0, 1.0, 1.0, 1.0, 1.0, 1.0, 1.0, 1.0, 1.0, 1.0], [2.0, 2.0, 1.0, 1.0, 2.0, 1.0, 2.0, 2.0, 1.0, 1.0, 1.0, 1.0, 1.0, 1.0, 1.0, 1.0, 2.0, 1.0, 1.0, 1.0, 1.0, 1.0, 1.0, 1.0, 1.0, 1.0, 1.0, 1.0, 1.0, 2.0, 2.0, 1.0, 1.0, 1.0, 1.0, 1.0, 1.0, 1.0, 1.0, 1.0, 1.0, 1.0, 1.0, 1.0, 1.0, 1.0, 1.0, 1.0, 1.0, 1.0, 1.0, 1.0], [1.0, 1.0, 1.0, 1.0, 1.0, 1.0, 1.0, 1.0, 1.0, 1.0, 1.0, 1.0, 1.0, 1.0, 1.0, 1.0, 1.0, 1.0, 1.0, 1.0, 1.0, 1.0, 1.0, 1.0, 1.0, 1.0, 1.0, 1.0, 1.0, 1.0, 1.0, 1.0, 1.0, 1.0, 1.0, 1.0, 1.0, 1.0, 1.0, 1.0, 1.0, 1.0, 1.0, 1.0, 1.0, 1.0, 1.0, 1.0, 1.0, 1.0, 1.0, 1.0], [1.0, 1.0, 1.0, 1.0, 1.0, 1.0, 1.0, 1.0, 1.0, 1.0, 1.0, 1.0, 1.0, 1.0, 1.0, 1.0, 1.0, 1.0, 1.0, 1.0, 1.0, 1.0, 1.0, 1.0, 1.0, 1.0, 1.0, 1.0, 1.0, 1.0, 1.0, 1.0, 1.0, 1.0, 1.0, 1.0, 1.0, 1.0, 1.0, 1.0, 1.0, 1.0, 1.0, 1.0, 1.0, 1.0, 1.0, 1.0, 1.0, 1.0, 1.0, 1.0], [1.0, 1.0, 1.0, 1.0, 1.0, 1.0, 1.0, 1.0, 1.0, 1.0, 1.0, 1.0, 1.0, 1.0, 1.0, 1.0, 1.0, 1.0, 1.0, 1.0, 1.0, 1.0, 1.0, 1.0, 1.0, 1.0, 1.0, 1.0, 1.0, 1.0, 1.0, 1.0, 1.0, 1.0, 1.0, 1.0, 1.0, 1.0, 1.0, 1.0, 1.0, 1.0, 1.0, 1.0, 1.0, 1.0, 1.0, 1.0, 1.0, 1.0, 1.0, 1.0], [1.0, 1.0, 1.0, 1.0, 1.0, 1.0, 1.0, 1.0, 1.0, 1.0, 1.0, 1.0, 1.0, 1.0, 1.0, 1.0, 1.0, 1.0, 1.0, 1.0, 1.0, 1.0, 1.0, 1.0, 1.0, 1.0, 1.0, 1.0, 1.0, 1.0, 1.0, 1.0, 1.0, 1.0, 1.0, 1.0, 1.0, 1.0, 1.0, 1.0, 1.0, 1.0, 1.0, 1.0, 1.0, 1.0, 1.0, 1.0, 1.0, 1.0, 1.0, 1.0], [1.0, 1.0, 1.0, 1.0, 1.0, 1.0, 1.0, 1.0, 1.0, 2.0, 1.0, 1.0, 1.0, 1.0, 1.0, 1.0, 1.0, 1.0, 1.0, 1.0, 1.0, 1.0, 1.0, 1.0, 1.0, 1.0, 1.0, 1.0, 1.0, 1.0, 1.0, 1.0, 1.0, 1.0, 2.0, 1.0, 1.0, 1.0, 1.0, 1.0, 1.0, 1.0, 2.0, 1.0, 2.0, 1.0, 1.0, 1.0, 1.0, 1.0, 1.0, 1.0], [1.0, 1.0, 1.0, 1.0, 1.0, 1.0, 2.0, 2.0, 1.0, 2.0, 1.0, 1.0, 1.0, 1.0, 1.0, 1.0, 1.0, 1.0, 1.0, 1.0, 1.0, 1.0, 1.0, 1.0, 1.0, 1.0, 1.0, 1.0, 1.0, 2.0, 1.0, 1.0, 1.0, 1.0, 1.0, 1.0, 1.0, 1.0, 1.0, 1.0, 1.0, 1.0, 1.0, 1.0, 1.0, 1.0, 1.0, 1.0, 1.0, 1.0, 1.0, 1.0], [1.0, 1.0, 1.0, 1.0, 2.0, 1.0, 2.0, 2.0, 1.0, 2.0, 1.0, 1.0, 1.0, 1.0, 1.0, 1.0, 2.0, 1.0, 2.0, 1.0, 1.0, 1.0, 1.0, 1.0, 1.0, 1.0, 1.0, 1.0, 1.0, 2.0, 2.0, 1.0, 1.0, 1.0, 1.0, 1.0, 1.0, 1.0, 1.0, 1.0, 1.0, 1.0, 1.0, 1.0, 1.0, 1.0, 1.0, 1.0, 1.0, 1.0, 1.0, 1.0], [1.0, 1.0, 1.0, 1.0, 1.0, 2.0, 1.0, 1.0, 1.0, 1.0, 1.0, 1.0, 1.0, 2.0, 2.0, 1.0, 1.0, 2.0, 1.0, 1.0, 1.0, 2.0, 1.0, 1.0, 1.0, 1.0, 1.0, 2.0, 2.0, 1.0, 1.0, 1.0, 2.0, 2.0, 1.0, 1.0, 2.0, 1.0, 2.0, 1.0, 2.0, 1.0, 1.0, 1.0, 1.0, 2.0, 2.0, 2.0, 2.0, 1.0, 1.0, 1.0], [1.0, 1.0, 1.0, 1.0, 1.0, 2.0, 1.0, 1.0, 1.0, 1.0, 1.0, 1.0, 1.0, 1.0, 1.0, 1.0, 1.0, 1.0, 1.0, 1.0, 1.0, 2.0, 1.0, 1.0, 1.0, 1.0, 1.0, 1.0, 2.0, 1.0, 1.0, 1.0, 2.0, 1.0, 1.0, 1.0, 2.0, 1.0, 2.0, 1.0, 1.0, 1.0, 1.0, 1.0, 1.0, 1.0, 1.0, 2.0, 1.0, 1.0, 1.0, 1.0], [1.0, 1.0, 1.0, 1.0, 1.0, 1.0, 1.0, 1.0, 1.0, 1.0, 1.0, 1.0, 1.0, 1.0, 1.0, 1.0, 1.0, 1.0, 1.0, 1.0, 1.0, 1.0, 1.0, 1.0, 1.0, 1.0, 1.0, 1.0, 1.0, 1.0, 1.0, 1.0, 1.0, 1.0, 1.0, 1.0, 1.0, 1.0, 1.0, 1.0, 1.0, 1.0, 1.0, 1.0, 1.0, 1.0, 1.0, 1.0, 1.0, 1.0, 1.0, 1.0], [1.0, 1.0, 1.0, 1.0, 2.0, 1.0, 2.0, 2.0, 1.0, 2.0, 1.0, 1.0, 1.0, 1.0, 1.0, 1.0, 2.0, 1.0, 2.0, 1.0, 1.0, 1.0, 1.0, 1.0, 1.0, 1.0, 1.0, 1.0, 1.0, 2.0, 2.0, 1.0, 1.0, 1.0, 1.0, 1.0, 1.0, 1.0, 1.0, 1.0, 1.0, 1.0, 1.0, 1.0, 1.0, 1.0, 1.0, 1.0, 1.0, 1.0, 1.0, 1.0], [1.0, 1.0, 1.0, 1.0, 1.0, 1.0, 1.0, 1.0, 1.0, 1.0, 1.0, 1.0, 1.0, 1.0, 1.0, 1.0, 1.0, 1.0, 1.0, 1.0, 1.0, 1.0, 1.0, 1.0, 1.0, 1.0, 1.0, 1.0, 1.0, 2.0, 1.0, 1.0, 1.0, 1.0, 1.0, 1.0, 1.0, 1.0, 1.0, 1.0, 1.0, 1.0, 1.0, 1.0, 1.0, 1.0, 1.0, 1.0, 1.0, 1.0, 1.0, 1.0], [2.0, 2.0, 1.0, 1.0, 1.0, 1.0, 1.0, 1.0, 1.0, 1.0, 1.0, 1.0, 2.0, 1.0, 1.0, 2.0, 1.0, 1.0, 1.0, 1.0, 2.0, 1.0, 1.0, 1.0, 1.0, 1.0, 2.0, 1.0, 1.0, 1.0, 1.0, 1.0, 1.0, 1.0, 1.0, 1.0, 1.0, 2.0, 1.0, 1.0, 2.0, 2.0, 1.0, 1.0, 1.0, 1.0, 1.0, 1.0, 1.0, 1.0, 1.0, 1.0], [1.0, 1.0, 1.0, 1.0, 1.0, 1.0, 1.0, 1.0, 1.0, 1.0, 1.0, 1.0, 1.0, 1.0, 1.0, 1.0, 1.0, 1.0, 1.0, 1.0, 1.0, 1.0, 1.0, 1.0, 1.0, 1.0, 1.0, 1.0, 1.0, 1.0, 1.0, 1.0, 1.0, 1.0, 1.0, 1.0, 1.0, 1.0, 1.0, 1.0, 1.0, 1.0, 1.0, 1.0, 1.0, 1.0, 1.0, 1.0, 1.0, 1.0, 1.0, 1.0], [2.0, 2.0, 1.0, 1.0, 2.0, 1.0, 2.0, 2.0, 1.0, 1.0, 1.0, 1.0, 1.0, 1.0, 1.0, 1.0, 2.0, 1.0, 1.0, 1.0, 1.0, 1.0, 1.0, 1.0, 1.0, 1.0, 1.0, 1.0, 1.0, 2.0, 2.0, 1.0, 1.0, 1.0, 1.0, 1.0, 1.0, 1.0, 1.0, 1.0, 1.0, 1.0, 1.0, 1.0, 1.0, 1.0, 1.0, 1.0, 1.0, 1.0, 1.0, 1.0], [1.0, 1.0, 1.0, 1.0, 1.0, 1.0, 1.0, 1.0, 1.0, 2.0, 1.0, 1.0, 1.0, 1.0, 1.0, 1.0, 1.0, 1.0, 1.0, 1.0, 1.0, 1.0, 1.0, 1.0, 1.0, 1.0, 1.0, 1.0, 1.0, 1.0, 1.0, 1.0, 1.0, 1.0, 2.0, 1.0, 1.0, 1.0, 1.0, 1.0, 1.0, 1.0, 1.0, 1.0, 1.0, 1.0, 1.0, 1.0, 1.0, 1.0, 1.0, 1.0], [1.0, 1.0, 1.0, 1.0, 1.0, 1.0, 2.0, 2.0, 1.0, 1.0, 1.0, 1.0, 1.0, 1.0, 1.0, 1.0, 1.0, 1.0, 1.0, 1.0, 1.0, 1.0, 1.0, 1.0, 1.0, 1.0, 1.0, 1.0, 1.0, 2.0, 2.0, 1.0, 1.0, 1.0, 1.0, 1.0, 1.0, 1.0, 1.0, 1.0, 1.0, 1.0, 1.0, 1.0, 1.0, 1.0, 1.0, 1.0, 1.0, 1.0, 1.0, 1.0], [1.0, 1.0, 1.0, 1.0, 1.0, 1.0, 1.0, 1.0, 1.0, 1.0, 1.0, 1.0, 1.0, 1.0, 1.0, 1.0, 1.0, 1.0, 1.0, 1.0, 1.0, 1.0, 1.0, 1.0, 1.0, 1.0, 1.0, 1.0, 1.0, 1.0, 1.0, 1.0, 1.0, 1.0, 1.0, 1.0, 1.0, 1.0, 1.0, 1.0, 1.0, 1.0, 1.0, 1.0, 1.0, 1.0, 1.0, 1.0, 1.0, 1.0, 1.0, 1.0], [1.0, 1.0, 1.0, 1.0, 1.0, 1.0, 1.0, 1.0, 1.0, 2.0, 1.0, 1.0, 1.0, 1.0, 1.0, 1.0, 1.0, 1.0, 1.0, 1.0, 1.0, 1.0, 1.0, 1.0, 1.0, 1.0, 1.0, 1.0, 1.0, 2.0, 1.0, 1.0, 1.0, 1.0, 2.0, 1.0, 1.0, 1.0, 1.0, 1.0, 1.0, 1.0, 1.0, 1.0, 1.0, 1.0, 1.0, 1.0, 1.0, 1.0, 1.0, 1.0], [1.0, 1.0, 1.0, 1.0, 1.0, 1.0, 1.0, 1.0, 1.0, 2.0, 1.0, 1.0, 1.0, 1.0, 1.0, 1.0, 1.0, 1.0, 1.0, 1.0, 1.0, 1.0, 1.0, 1.0, 1.0, 1.0, 1.0, 1.0, 1.0, 1.0, 1.0, 1.0, 1.0, 1.0, 2.0, 1.0, 1.0, 1.0, 1.0, 1.0, 1.0, 1.0, 1.0, 1.0, 1.0, 1.0, 1.0, 1.0, 1.0, 1.0, 1.0, 1.0], [2.0, 2.0, 1.0, 1.0, 1.0, 1.0, 1.0, 1.0, 1.0, 1.0, 1.0, 1.0, 2.0, 1.0, 1.0, 2.0, 1.0, 1.0, 1.0, 1.0, 1.0, 1.0, 1.0, 1.0, 1.0, 1.0, 2.0, 1.0, 1.0, 1.0, 1.0, 1.0, 1.0, 1.0, 1.0, 1.0, 1.0, 1.0, 1.0, 1.0, 1.0, 1.0, 1.0, 1.0, 1.0, 1.0, 1.0, 1.0, 1.0, 1.0, 1.0, 1.0], [1.0, 1.0, 1.0, 1.0, 1.0, 1.0, 1.0, 1.0, 1.0, 1.0, 1.0, 1.0, 1.0, 1.0, 1.0, 1.0, 1.0, 1.0, 1.0, 1.0, 1.0, 1.0, 1.0, 1.0, 1.0, 1.0, 1.0, 1.0, 1.0, 1.0, 1.0, 1.0, 1.0, 1.0, 1.0, 1.0, 1.0, 1.0, 1.0, 1.0, 1.0, 1.0, 1.0, 1.0, 1.0, 1.0, 1.0, 1.0, 1.0, 1.0, 1.0, 1.0], [2.0, 2.0, 1.0, 1.0, 1.0, 1.0, 1.0, 1.0, 1.0, 1.0, 1.0, 1.0, 2.0, 1.0, 1.0, 2.0, 1.0, 1.0, 1.0, 1.0, 1.0, 1.0, 1.0, 1.0, 1.0, 1.0, 2.0, 1.0, 1.0, 1.0, 1.0, 1.0, 1.0, 1.0, 1.0, 1.0, 1.0, 1.0, 1.0, 1.0, 1.0, 1.0, 1.0, 1.0, 1.0, 1.0, 1.0, 1.0, 1.0, 1.0, 1.0, 1.0], [2.0, 2.0, 1.0, 1.0, 1.0, 1.0, 1.0, 1.0, 1.0, 1.0, 1.0, 1.0, 2.0, 1.0, 1.0, 1.0, 1.0, 1.0, 1.0, 1.0, 1.0, 1.0, 1.0, 1.0, 1.0, 1.0, 1.0, 1.0, 1.0, 2.0, 1.0, 1.0, 1.0, 1.0, 1.0, 1.0, 1.0, 1.0, 1.0, 1.0, 1.0, 1.0, 1.0, 1.0, 1.0, 1.0, 1.0, 1.0, 1.0, 1.0, 1.0, 1.0], [2.0, 2.0, 1.0, 1.0, 1.0, 1.0, 2.0, 1.0, 1.0, 1.0, 1.0, 1.0, 1.0, 1.0, 1.0, 1.0, 1.0, 1.0, 1.0, 1.0, 1.0, 1.0, 1.0, 1.0, 1.0, 1.0, 1.0, 1.0, 1.0, 2.0, 1.0, 1.0, 1.0, 1.0, 1.0, 1.0, 1.0, 1.0, 1.0, 1.0, 1.0, 1.0, 1.0, 1.0, 1.0, 1.0, 1.0, 1.0, 1.0, 1.0, 1.0, 1.0], [2.0, 2.0, 1.0, 1.0, 1.0, 1.0, 2.0, 2.0, 1.0, 1.0, 1.0, 1.0, 1.0, 1.0, 1.0, 1.0, 2.0, 1.0, 1.0, 1.0, 1.0, 1.0, 1.0, 1.0, 1.0, 1.0, 1.0, 1.0, 1.0, 2.0, 2.0, 1.0, 1.0, 1.0, 1.0, 1.0, 1.0, 1.0, 1.0, 1.0, 1.0, 1.0, 1.0, 1.0, 1.0, 1.0, 1.0, 1.0, 1.0, 1.0, 1.0, 1.0], [1.0, 1.0, 1.0, 1.0, 1.0, 1.0, 1.0, 1.0, 1.0, 1.0, 1.0, 1.0, 1.0, 1.0, 1.0, 1.0, 1.0, 1.0, 1.0, 1.0, 1.0, 1.0, 1.0, 1.0, 1.0, 1.0, 1.0, 1.0, 1.0, 2.0, 1.0, 1.0, 1.0, 1.0, 1.0, 1.0, 1.0, 1.0, 1.0, 1.0, 1.0, 1.0, 1.0, 1.0, 1.0, 1.0, 1.0, 1.0, 1.0, 1.0, 1.0, 1.0], [1.0, 1.0, 1.0, 1.0, 1.0, 1.0, 1.0, 1.0, 1.0, 1.0, 1.0, 1.0, 1.0, 1.0, 1.0, 1.0, 1.0, 1.0, 1.0, 1.0, 1.0, 1.0, 1.0, 1.0, 1.0, 1.0, 1.0, 1.0, 1.0, 1.0, 1.0, 1.0, 1.0, 1.0, 1.0, 1.0, 1.0, 1.0, 1.0, 1.0, 1.0, 1.0, 1.0, 1.0, 1.0, 1.0, 1.0, 1.0, 1.0, 1.0, 1.0, 1.0], [1.0, 1.0, 1.0, 1.0, 1.0, 1.0, 1.0, 1.0, 1.0, 1.0, 1.0, 1.0, 1.0, 1.0, 1.0, 1.0, 1.0, 1.0, 1.0, 1.0, 1.0, 1.0, 1.0, 1.0, 1.0, 1.0, 1.0, 1.0, 1.0, 1.0, 1.0, 1.0, 1.0, 1.0, 1.0, 1.0, 1.0, 1.0, 1.0, 1.0, 1.0, 1.0, 1.0, 1.0, 1.0, 1.0, 1.0, 1.0, 1.0, 1.0, 1.0, 1.0], [1.0, 1.0, 1.0, 1.0, 1.0, 1.0, 1.0, 1.0, 1.0, 2.0, 1.0, 1.0, 1.0, 1.0, 1.0, 1.0, 1.0, 1.0, 1.0, 1.0, 1.0, 1.0, 1.0, 1.0, 1.0, 1.0, 1.0, 1.0, 1.0, 1.0, 1.0, 1.0, 1.0, 1.0, 1.0, 1.0, 1.0, 1.0, 1.0, 1.0, 1.0, 1.0, 1.0, 1.0, 1.0, 1.0, 1.0, 1.0, 1.0, 1.0, 1.0, 1.0]]
