120 2510.856666666667 0 1680 28 60
[20.76, 23.68, 91.78, 59.15, 78.15, 23.2, 40.16, 56.84, 47.3, 15.04, 48.7, 76.09, 48.71, 79.58, 7.01, 85.86, 8.5, 85.53, 77.56, 13.8, 42.87, 93.26, 40.42, 17.6, 14.93, 41.98, 87.0, 9.36, 41.89, 91.18, 83.26, 75.94, 43.04, 11.09, 51.24, 13.33, 43.54, 75.9, 18.66, 11.54, 56.71, 90.93, 48.25, 76.37, 46.98, 81.68, 41.62, 23.93, 79.13, 43.38, 48.79, 19.42, 15.58, 46.55, 42.26, 87.0, 17.7, 50.93, 84.08, 85.99, 48.62, 73.73, 45.69, 7.41, 40.23, 21.42, 15.33, 57.36, 90.77, 26.45, 17.75, 87.37, 85.71, 44.19, 76.15, 74.51, 19.61, 7.82, 50.89, 84.24, 74.72, 87.57, 16.87, 9.32, 53.17, 21.89, 50.0, 75.46, 40.46, 75.71, 49.93, 13.77, 84.42, 78.93, 56.2, 23.58, 48.21, 54.8, 91.85, 8.38, 83.16, 6.94, 57.99, 86.49, 17.25, 21.63, 81.81, 26.13, 75.82, 7.17, 49.3, 10.52, 90.89, 18.83, 86.19, 13.62, 13.55, 54.81, 17.87, 23.71]
[13.21, 9.72, 42.85, 54.95, 19.77, 49.47, 77.53, 82.01, 80.75, 59.93, 44.24, 46.95, 75.49, 87.28, 24.62, 22.69, 48.67, 43.93, 47.63, 47.96, 59.31, 76.99, 14.32, 21.32, 88.4, 44.86, 48.06, 10.1, 11.03, 85.88, 23.89, 78.1, 25.26, 88.53, 14.33, 54.79, 19.35, 17.47, 56.78, 84.74, 87.47, 73.62, 45.7, 59.42, 87.99, 6.85, 80.55, 48.23, 55.66, 60.0, 56.76, 91.81, 45.69, 51.28, 82.93, 55.94, 86.49, 40.02, 81.49, 16.83, 9.8, 56.32, 13.11, 79.24, 86.67, 7.7, 76.38, 77.0, 83.13, 54.37, 18.84, 85.73, 82.96, 91.41, 48.0, 78.89, 57.89, 49.83, 22.06, 83.84, 11.18, 46.85, 44.71, 47.64, 40.87, 49.01, 46.96, 88.71, 46.72, 78.71, 10.56, 91.08, 22.54, 48.58, 84.01, 45.79, 84.86, 85.31, 24.36, 79.06, 58.04, 81.33, 92.64, 91.96, 87.52, 85.48, 85.19, 7.13, 78.77, 89.65, 9.07, 44.25, 9.08, 54.42, 85.64, 58.37, 52.03, 73.43, 82.45, 87.05]
[1, 1, 6, 5, 3, 4, 8, 8, 8, 4, 5, 6, 8, 9, 1, 3, 4, 6, 6, 4, 5, 9, 2, 1, 7, 5, 6, 1, 2, 9, 3, 9, 2, 7, 2, 4, 2, 3, 4, 7, 8, 9, 5, 6, 8, 3, 8, 4, 6, 5, 5, 7, 4, 5, 8, 6, 7, 5, 9, 3, 2, 6, 2, 7, 8, 1, 7, 8, 9, 4, 1, 9, 9, 8, 6, 9, 4, 4, 2, 9, 3, 6, 4, 4, 5, 4, 5, 9, 5, 9, 2, 7, 3, 6, 8, 4, 8, 8, 3, 7, 6, 7, 8, 9, 7, 7, 9, 1, 9, 7, 2, 4, 3, 4, 9, 4, 4, 8, 7, 7]
[1, 2, 3, 4, 5, 6, 7, 8, 9, 10, 11, 12, 13, 14, 15, 16, 17, 18, 19, 20, 21, 22, 23, 24, 25, 26, 27, 28, 29, 30, 31, 32, 33, 34, 35, 36, 37, 38, 39, 40, 41, 42, 43, 44, 45, 46, 47, 48, 49, 50, 51, 52, 53, 54, 55, 56, 57, 58, 59, 60, 61, 62, 63, 64, 65, 66, 67, 68, 69, 70, 71, 72, 73, 74, 75, 76, 77, 78, 79, 80, 81, 82, 83, 84, 85, 86, 87, 88, 89, 90, 91, 92, 93, 94, 95, 96, 97, 98, 99, 100, 101, 102, 103, 104, 105, 106, 107, 108, 109, 110, 111, 112, 113, 114, 115, 116, 117, 118, 119, 120]
[1, 1, 3, 3, 3, 2, 1, 1, 1, 2, 3, 3, 1, 3, 1, 3, 2, 3, 3, 2, 3, 3, 3, 1, 1, 3, 3, 1, 3, 3, 3, 3, 3, 1, 3, 2, 3, 3, 2, 1, 1, 3, 3, 3, 1, 3, 1, 2, 3, 3, 3, 1, 2, 3, 1, 3, 1, 3, 3, 3, 3, 3, 3, 1, 1, 1, 1, 1, 3, 2, 1, 3, 3, 1, 3, 3, 2, 2, 3, 3, 3, 3, 2, 2, 3, 2, 3, 3, 3, 3, 3, 1, 3, 3, 1, 2, 1, 1, 3, 1, 3, 1, 1, 3, 1, 1, 3, 1, 3, 1, 3, 2, 3, 2, 3, 2, 2, 1, 1, 1]
[1, 1, 2, 2, 3, 2, 2, 2, 2, 2, 2, 2, 2, 2, 1, 3, 2, 2, 2, 2, 2, 2, 2, 1, 2, 2, 2, 1, 2, 2, 3, 2, 2, 2, 2, 2, 2, 3, 2, 2, 2, 2, 2, 2, 2, 3, 2, 2, 2, 2, 2, 2, 2, 2, 2, 2, 2, 2, 2, 3, 2, 2, 2, 2, 2, 1, 2, 2, 2, 2, 1, 2, 2, 2, 2, 2, 2, 2, 2, 2, 3, 2, 2, 2, 2, 2, 2, 2, 2, 2, 2, 2, 3, 2, 2, 2, 2, 2, 3, 2, 2, 2, 2, 2, 2, 2, 2, 1, 2, 2, 2, 2, 3, 2, 2, 2, 2, 2, 2, 2]
[9, 2, 10, 1, 10, 4, 10, 3, 3, 7, 4, 8, 5, 9, 10, 10, 8, 6, 7, 3, 7, 1, 6, 1, 10, 9, 3, 8, 3, 1, 8, 7, 8, 2, 8, 2, 3, 4, 2, 3, 2, 6, 2, 2, 2, 3, 1, 5, 3, 3, 1, 9, 8, 1, 1, 7, 5, 8, 4, 10, 3, 1, 7, 4, 2, 9, 5, 7, 7, 1, 8, 2, 4, 3, 7, 1, 9, 10, 9, 4, 8, 4, 3, 9, 2, 1, 10, 2, 2, 2, 10, 1, 1, 2, 1, 9, 8, 7, 2, 4, 8, 7, 1, 4, 9, 3, 5, 6, 3, 6, 10, 9, 9, 5, 1, 6, 2, 7, 1, 2]
[2813.06, 2462.5, 1836.91, 1348.82, 1685.34, 1637.6, 1575.63, 1608.71, 1897.03, 2456.45, 2566.14, 1685.73, 2115.77, 2115.01, 1152.58, 1411.38, 1550.56, 2216.84, 3829.52, 2497.57, 2782.96, 1263.86, 2237.19, 1246.51, 1152.74, 1870.6, 2379.81, 1223.43, 1145.28, 1336.16, 1889.69, 2009.37, 1263.81, 1954.58, 1939.83, 2042.58, 1050.26, 1971.74, 2060.64, 1049.9, 2258.02, 2144.94, 2502.12, 2297.82, 2064.45, 2122.6, 1369.7, 1952.21, 1388.79, 1406.27, 1340.46, 3056.3, 1544.28, 1256.62, 1283.38, 3391.27, 2275.72, 1135.99, 1107.03, 1434.64, 2732.63, 1290.2, 2941.72, 1875.29, 2022.96, 2060.27, 2322.02, 4150.37, 2012.01, 1407.56, 1818.69, 1956.94, 1885.66, 2056.22, 4719.96, 1278.89, 2536.87, 1235.06, 1754.57, 2919.32, 1154.87, 1982.04, 1463.06, 2337.56, 2084.28, 1253.51, 1231.93, 2502.75, 1995.4, 2090.66, 1903.22, 1389.43, 1285.75, 1798.01, 1406.7, 2892.5, 1614.9, 2887.51, 2137.86, 1731.69, 2056.21, 3805.61, 1302.33, 1625.05, 2464.64, 2908.64, 2490.59, 2203.57, 1778.28, 2176.13, 1682.32, 2593.27, 2444.04, 2061.75, 1291.03, 2274.29, 2180.52, 2325.96, 1373.05, 2423.86]
[0.31, 0.13, 0.85, 0.53, 0.88, 0.42, 0.88, 0.41, 0.36, 0.62, 0.43, 0.29, 0.88, 0.41, 0.87, 0.79, 0.25, 0.56, 0.26, 0.31, 0.6, 0.55, 0.55, 0.39, 0.73, 0.38, 0.44, 0.24, 0.41, 0.46, 0.26, 0.76, 0.27, 0.13, 0.19, 0.12, 0.45, 0.35, 0.14, 0.35, 0.12, 0.56, 0.14, 0.15, 0.13, 0.38, 0.43, 0.87, 0.43, 0.23, 0.51, 0.32, 0.26, 0.45, 0.43, 0.78, 0.88, 0.13, 0.42, 0.81, 0.45, 0.41, 0.24, 0.34, 0.15, 0.35, 0.89, 0.08, 0.76, 0.4, 0.15, 0.13, 0.35, 0.28, 0.08, 0.46, 0.29, 0.77, 0.31, 0.38, 0.19, 0.43, 0.36, 0.39, 0.13, 0.52, 0.84, 0.15, 0.12, 0.12, 0.8, 0.47, 0.53, 0.11, 0.47, 0.39, 0.13, 0.39, 0.13, 0.39, 0.17, 0.22, 0.49, 0.41, 0.38, 0.48, 0.9, 0.58, 0.48, 0.58, 0.85, 0.39, 0.31, 0.89, 0.55, 0.56, 0.12, 0.53, 0.51, 0.11]
[0.81, 0.54, 0.51, 0.92, 0.84, 0.93, 1.02, 0.54, 1.0, 0.62, 0.97, 0.99, 1.08, 0.79, 0.55, 0.54, 1.08, 0.7, 0.86, 0.94, 0.84, 0.85, 0.78, 0.6, 0.86, 0.51, 0.71, 0.81, 0.92, 0.91, 0.57, 0.86, 0.84, 0.93, 0.6, 0.57, 0.64, 1.05, 0.68, 0.67, 0.93, 0.69, 0.63, 0.8, 1.06, 0.92, 0.73, 0.93, 0.85, 0.56, 0.63, 0.52, 1.09, 0.85, 0.67, 0.57, 0.77, 0.76, 0.75, 0.55, 1.07, 1.06, 0.79, 0.86, 1.04, 0.97, 0.82, 0.61, 0.64, 0.68, 0.96, 0.63, 0.73, 0.77, 0.55, 1.01, 0.69, 0.8, 0.97, 0.6, 0.9, 0.56, 1.08, 0.59, 0.81, 0.52, 1.09, 0.78, 1.06, 1.02, 0.72, 0.66, 1.07, 0.71, 0.63, 0.72, 0.88, 0.86, 0.51, 0.82, 0.91, 1.03, 0.81, 1.06, 0.97, 0.56, 0.59, 0.97, 0.66, 0.62, 0.75, 0.71, 0.86, 0.62, 0.71, 0.61, 0.9, 0.7, 1.03, 0.69]
[1.07, 0.72, 1.0, 0.78, 1.06, 0.72, 0.98, 0.89, 1.06, 1.03, 0.56, 1.02, 0.84, 1.06, 0.61, 0.55, 0.78, 0.96, 0.56, 0.62, 0.54, 0.84, 1.06, 0.61, 0.8, 1.07, 0.86, 0.81, 0.65, 1.01, 0.62, 0.69, 0.54, 0.77, 1.02, 0.59, 0.83, 1.07, 0.8, 1.02, 0.61, 0.95, 0.77, 0.96, 0.93, 0.58, 0.92, 0.85, 0.97, 0.8, 1.03, 0.92, 1.09, 0.78, 0.91, 0.82, 0.95, 0.54, 0.96, 0.99, 0.68, 0.81, 0.52, 1.05, 0.6, 0.95, 0.99, 0.61, 0.61, 0.73, 0.7, 0.98, 1.07, 0.69, 1.04, 0.89, 0.76, 0.55, 0.64, 0.55, 0.59, 0.95, 1.02, 0.59, 0.8, 0.83, 0.5, 0.7, 0.82, 1.07, 0.9, 0.92, 0.52, 1.06, 0.98, 1.05, 0.73, 1.07, 0.93, 0.96, 0.69, 0.79, 0.82, 0.54, 0.6, 0.59, 0.59, 0.5, 0.87, 0.93, 0.62, 0.8, 0.94, 0.62, 1.01, 0.91, 1.01, 0.73, 0.75, 0.77]
[0.51, 0.95, 0.52, 1.03, 1.02, 1.1, 0.81, 0.7, 0.95, 0.96, 0.81, 0.61, 0.64, 1.1, 0.81, 0.96, 0.62, 0.54, 0.89, 1.03, 0.57, 0.89, 0.52, 0.99, 1.04, 0.59, 0.84, 0.92, 0.66, 0.8, 0.62, 1.09, 0.58, 1.01, 0.56, 0.7, 0.75, 0.62, 0.97, 0.68, 0.81, 0.75, 1.09, 1.01, 0.78, 1.05, 1.05, 0.56, 0.75, 0.97, 0.58, 0.64, 0.52, 0.57, 0.77, 1.09, 0.59, 0.96, 0.91, 0.67, 0.75, 0.69, 0.91, 1.01, 1.09, 0.95, 0.55, 0.68, 0.91, 0.92, 0.67, 0.85, 0.63, 0.79, 0.53, 0.75, 0.71, 0.81, 0.93, 0.74, 0.73, 0.66, 0.85, 1.02, 1.06, 0.77, 0.65, 0.68, 1.07, 0.5, 0.89, 0.53, 1.09, 1.09, 0.81, 0.73, 0.69, 1.0, 0.68, 0.87, 0.7, 0.73, 0.6, 0.76, 0.73, 1.07, 1.04, 0.63, 0.55, 0.9, 0.7, 0.98, 0.85, 0.94, 0.67, 0.99, 0.62, 0.59, 0.97, 0.76]
[0.75, 0.94, 0.56, 0.77, 0.91, 0.56, 0.63, 0.82, 0.59, 0.57, 0.52, 1.08, 0.84, 0.86, 0.56, 0.61, 0.7, 0.9, 0.8, 0.62, 0.64, 0.95, 0.57, 0.96, 1.0, 0.57, 1.03, 0.7, 0.9, 0.61, 1.01, 0.72, 0.91, 0.87, 0.83, 0.93, 0.62, 1.05, 0.57, 0.93, 0.94, 0.93, 0.92, 0.86, 0.59, 0.87, 1.04, 0.93, 0.81, 0.7, 0.96, 0.8, 0.72, 0.58, 1.06, 0.61, 0.58, 1.02, 0.96, 0.94, 0.57, 0.89, 0.81, 0.66, 0.75, 0.72, 0.51, 0.77, 0.72, 0.59, 0.58, 1.09, 0.67, 1.08, 0.76, 1.0, 1.05, 0.61, 0.86, 1.06, 1.05, 0.59, 0.76, 0.57, 0.64, 0.71, 0.72, 0.98, 0.5, 0.89, 0.88, 0.84, 0.77, 0.82, 0.94, 0.54, 1.03, 0.78, 1.08, 1.09, 0.71, 0.59, 0.88, 0.82, 1.06, 0.53, 0.57, 0.63, 1.03, 0.66, 0.66, 0.65, 0.88, 0.71, 0.76, 0.61, 0.66, 0.65, 0.54, 0.66]
[1.03, 0.97, 1.05, 1.05, 0.9, 0.95, 0.96, 1.01, 0.85, 0.6, 0.61, 1.09, 1.06, 0.75, 0.58, 0.86, 0.71, 0.83, 0.51, 1.09, 1.1, 0.91, 0.9, 0.74, 0.75, 0.56, 0.54, 1.07, 0.77, 1.04, 1.06, 1.01, 1.01, 0.88, 0.61, 0.77, 1.08, 0.71, 0.8, 0.5, 0.68, 0.55, 0.5, 0.65, 0.87, 0.84, 0.6, 0.79, 0.53, 0.7, 0.71, 0.9, 0.54, 1.03, 1.09, 1.09, 1.1, 0.55, 0.84, 0.8, 0.86, 0.87, 1.08, 0.58, 0.91, 0.77, 0.58, 0.81, 0.85, 0.85, 1.03, 0.68, 1.09, 0.6, 0.9, 1.01, 1.1, 0.79, 0.56, 0.72, 0.58, 0.67, 0.71, 1.09, 0.93, 0.79, 0.84, 0.59, 0.76, 1.05, 0.58, 0.84, 0.61, 0.53, 0.94, 0.99, 0.99, 0.67, 0.82, 0.69, 1.05, 0.72, 0.53, 0.78, 0.9, 0.89, 0.52, 1.01, 1.01, 1.04, 0.98, 1.0, 0.97, 0.88, 0.94, 0.65, 0.62, 0.64, 0.65, 0.58]
[0.34, 0.34, 0.16, 0.61, 0.75, 0.39, 0.49, 0.28, 0.5, 0.21, 0.14, 0.73, 0.51, 0.6, 0.09, 0.15, 0.26, 0.27, 0.18, 0.41, 0.18, 0.55, 0.22, 0.26, 0.54, 0.1, 0.29, 0.46, 0.27, 0.47, 0.23, 0.47, 0.24, 0.56, 0.17, 0.17, 0.26, 0.51, 0.24, 0.22, 0.3, 0.25, 0.24, 0.43, 0.39, 0.41, 0.44, 0.33, 0.27, 0.21, 0.25, 0.22, 0.24, 0.22, 0.54, 0.34, 0.28, 0.22, 0.53, 0.28, 0.27, 0.46, 0.33, 0.35, 0.46, 0.49, 0.13, 0.16, 0.22, 0.23, 0.27, 0.39, 0.36, 0.27, 0.2, 0.68, 0.43, 0.17, 0.28, 0.19, 0.24, 0.14, 0.5, 0.22, 0.41, 0.19, 0.21, 0.22, 0.35, 0.52, 0.3, 0.22, 0.28, 0.35, 0.44, 0.29, 0.45, 0.49, 0.28, 0.51, 0.32, 0.25, 0.18, 0.27, 0.4, 0.16, 0.11, 0.2, 0.33, 0.35, 0.21, 0.36, 0.59, 0.22, 0.34, 0.22, 0.23, 0.12, 0.26, 0.16]
[95.12, 587.79, 974.23, 525.91, 441.64, 577.85, 492.38, 590.12, 394.92, 345.23, 301.69, 641.48, 243.41, 111.27, 848.59, 1234.22, 468.49, 407.08, 203.95, 424.38, 373.7, 287.48, 442.62, 407.5, 511.04, 95.41, 348.56, 415.83, 385.4, 552.86, 449.67, 345.11, 349.75, 625.41, 276.88, 591.35, 514.38, 486.83, 670.16, 450.0, 769.25, 387.91, 580.43, 686.12, 547.68, 257.59, 422.0, 357.94, 362.81, 385.25, 608.46, 95.62, 422.16, 481.95, 341.55, 223.49, 362.09, 523.29, 368.02, 388.39, 538.41, 655.75, 197.53, 210.08, 605.36, 98.88, 277.36, 257.33, 370.55, 431.88, 327.23, 440.8, 218.28, 238.1, 228.55, 378.34, 72.97, 1015.71, 122.5, 202.15, 313.0, 279.66, 343.85, 110.64, 689.06, 476.25, 181.66, 423.26, 775.95, 640.4, 1144.98, 217.74, 568.0, 598.34, 497.46, 69.45, 482.23, 303.03, 947.55, 431.44, 336.38, 258.1, 776.83, 344.06, 93.37, 265.86, 292.6, 435.24, 434.79, 388.28, 467.54, 61.98, 88.74, 389.38, 406.49, 460.58, 750.78, 274.37, 369.26, 667.05]
[32.1, 197.72, 137.33, 323.6, 324.28, 243.27, 240.82, 155.46, 200.98, 69.47, 47.99, 469.17, 125.88, 65.64, 86.32, 186.03, 118.11, 109.76, 34.5, 178.2, 62.98, 157.48, 104.75, 106.7, 272.73, 10.3, 96.78, 166.25, 105.11, 264.01, 107.07, 154.42, 84.07, 335.66, 39.33, 106.31, 132.3, 254.36, 151.95, 92.11, 237.05, 104.6, 149.27, 298.27, 214.39, 107.62, 174.67, 114.69, 84.84, 90.38, 149.04, 23.33, 94.51, 105.57, 188.05, 75.41, 102.11, 109.7, 192.49, 113.53, 150.95, 299.95, 63.61, 70.53, 284.42, 46.75, 40.33, 36.72, 73.6, 95.83, 93.22, 167.11, 76.76, 69.53, 45.33, 248.58, 31.42, 152.05, 38.79, 42.57, 71.84, 35.68, 181.88, 22.71, 270.57, 92.01, 37.84, 89.64, 293.07, 329.86, 336.57, 49.45, 157.92, 204.99, 226.97, 20.15, 219.94, 149.99, 254.23, 227.25, 100.54, 66.87, 132.78, 91.08, 38.02, 43.03, 28.29, 85.03, 153.94, 129.7, 92.1, 23.0, 55.08, 78.95, 141.22, 92.41, 167.17, 28.81, 90.46, 96.69]
[-24.4, 2438.94, 4371.17, 2129.57, 1708.19, 2389.23, 1961.88, 2450.61, 1474.58, 1226.13, 1008.47, 2707.42, 717.04, 56.34, 3742.97, 5671.09, 1842.43, 1535.4, 519.77, 1621.91, 1368.5, 937.42, 1713.08, 1537.52, 2055.2, -22.96, 1242.82, 1579.16, 1426.99, 2264.28, 1748.34, 1225.57, 1248.74, 2627.06, 884.38, 2456.75, 2071.89, 1934.14, 2850.8, 1750.02, 3346.25, 1439.53, 2402.15, 2930.6, 2238.38, 787.96, 1609.99, 1289.72, 1314.04, 1426.27, 2542.28, -21.91, 1610.8, 1909.76, 1207.76, 617.47, 1310.43, 2116.43, 1340.08, 1441.97, 2192.04, 2778.77, 487.65, 550.42, 2526.79, -5.62, 886.81, 786.63, 1352.77, 1659.38, 1136.15, 1703.98, 591.42, 690.5, 642.73, 1391.7, -135.17, 4578.57, 112.51, 510.74, 1064.98, 898.3, 1219.26, 53.21, 2945.29, 1881.25, 408.32, 1616.32, 3379.77, 2702.02, 5224.91, 588.68, 2340.01, 2491.69, 1987.32, -152.74, 1911.15, 1015.13, 4237.77, 1657.22, 1181.92, 790.49, 3384.17, 1220.28, -33.17, 829.31, 963.02, 1676.19, 1673.94, 1441.38, 1837.68, -190.11, -56.29, 1446.92, 1532.43, 1802.91, 3253.89, 871.83, 1346.32, 2835.26]
[-339.5, 488.6, 186.65, 1118.0, 1121.42, 716.37, 704.09, 277.29, 504.91, -152.65, -260.04, 1845.86, 129.4, -171.81, -68.41, 430.14, 90.57, 48.81, -327.49, 391.01, -185.12, 287.41, 23.75, 33.51, 863.65, -448.5, -16.12, 331.26, 25.57, 820.03, 35.33, 272.08, -79.66, 1178.32, -303.35, 31.57, 161.5, 771.8, 259.73, -39.44, 685.23, 22.99, 246.33, 991.36, 571.93, 38.08, 373.34, 73.46, -75.79, -48.1, 245.18, -383.33, -27.46, 27.87, 440.23, -122.96, 10.57, 48.51, 462.44, 67.63, 254.77, 999.76, -181.95, -147.34, 922.11, -266.26, -298.37, -316.41, -131.99, -20.87, -33.88, 335.55, -116.18, -152.36, -273.35, 742.88, -342.91, 260.26, -306.03, -287.17, -140.82, -321.6, 409.41, -386.47, 852.85, -39.93, -310.8, -51.82, 965.36, 1149.28, 1182.86, -252.74, 289.6, 524.95, 634.83, -399.26, 599.72, 249.93, 771.17, 636.23, 2.69, -165.64, 163.89, -44.61, -309.88, -284.84, -358.53, -74.86, 269.72, 148.48, -39.51, -385.0, -224.59, -105.25, 206.12, -37.94, 335.83, -355.93, -47.69, -16.55]
[56.26, 49.25, 73.48, 53.95, 67.41, 49.13, 31.51, 32.17, 37.94, 73.69, 102.65, 67.43, 42.32, 84.6, 23.05, 56.46, 46.52, 88.67, 153.18, 74.93, 111.32, 50.55, 89.49, 24.93, 23.05, 74.82, 95.19, 24.47, 45.81, 53.45, 75.59, 80.37, 50.55, 39.09, 77.59, 61.28, 42.01, 78.87, 61.82, 21.0, 45.16, 85.8, 100.08, 91.91, 41.29, 84.9, 27.39, 58.57, 55.55, 56.25, 53.62, 61.13, 46.33, 50.26, 25.67, 135.65, 45.51, 45.44, 44.28, 57.39, 109.31, 51.61, 117.67, 37.51, 40.46, 41.21, 46.44, 83.01, 80.48, 42.23, 36.37, 78.28, 75.43, 41.12, 188.8, 51.16, 76.11, 37.05, 70.18, 116.77, 46.19, 79.28, 43.89, 70.13, 83.37, 37.61, 49.28, 100.11, 79.82, 83.63, 76.13, 27.79, 51.43, 71.92, 28.13, 86.78, 32.3, 57.75, 85.51, 34.63, 82.25, 76.11, 26.05, 65.0, 49.29, 58.17, 99.62, 44.07, 71.13, 43.52, 67.29, 77.8, 97.76, 61.85, 51.64, 68.23, 65.42, 46.52, 27.46, 48.48]
[2, 1, 3, 2, 3, 2, 1, 1, 1, 3, 5, 3, 1, 4, 1, 3, 2, 4, 8, 3, 5, 2, 4, 1, 1, 4, 5, 1, 2, 2, 4, 4, 2, 1, 4, 2, 2, 4, 2, 1, 1, 4, 5, 4, 1, 4, 1, 2, 2, 3, 2, 2, 2, 2, 1, 7, 1, 2, 2, 3, 5, 2, 6, 1, 1, 1, 1, 2, 4, 2, 1, 4, 4, 1, 10, 2, 3, 1, 3, 6, 2, 4, 2, 3, 4, 1, 2, 5, 4, 4, 4, 1, 2, 3, 1, 4, 1, 2, 4, 1, 4, 2, 1, 3, 1, 2, 5, 1, 3, 1, 3, 3, 5, 2, 2, 3, 3, 1, 1, 1]
[26, 34, 0, 28, 25, 25, 36, 35, 50, 40, 2, 53, 11, 32, 28, 51, 6, 37, 36, 16, 16, 32, 38, 15, 0, 17, 22, 2, 20, 30, 54, 34, 57, 53, 51, 52, 16, 58, 8, 51, 48, 10, 54, 56, 58, 38, 0, 47, 45, 40, 6, 15, 31, 46, 40, 19, 2, 23, 56, 47, 28, 15, 8, 10, 25, 15, 34, 32, 40, 58, 34, 5, 10, 15, 29, 4, 38, 13, 12, 2, 21, 59, 5, 47, 50, 19, 47, 3, 33, 36, 2, 27, 28, 32, 49, 41, 51, 0, 8, 10, 34, 40, 10, 6, 32, 16, 44, 37, 49, 17, 8, 25, 20, 59, 39, 52, 41, 55, 29, 54]
[50, 60, 12, 60, 37, 60, 60, 60, 60, 60, 14, 60, 35, 44, 40, 60, 18, 60, 60, 28, 60, 60, 50, 27, 36, 60, 46, 14, 32, 60, 60, 46, 60, 60, 60, 60, 60, 60, 56, 60, 60, 34, 60, 60, 60, 60, 24, 59, 57, 52, 60, 39, 60, 60, 60, 60, 38, 60, 60, 60, 52, 27, 20, 46, 60, 39, 46, 60, 60, 60, 58, 17, 58, 39, 60, 40, 60, 60, 24, 26, 33, 60, 29, 60, 60, 60, 60, 51, 60, 60, 60, 60, 40, 60, 60, 60, 60, 24, 56, 34, 46, 60, 22, 60, 60, 52, 60, 60, 60, 60, 32, 60, 44, 60, 51, 60, 60, 60, 41, 60]
2
[0.0, 0.0]
[33.33, 66.67]
[[0, 1, 1, 1, 3, 2, 2, 1, 2, 2, 2, 1, 1, 2, 2, 3, 0, 3, 0, 3, 2, 0, 1, 3, 1, 0, 2, 1, 3, 0, 1, 3, 2, 3, 1, 2, 1, 0, 1, 2, 1, 1, 2, 3, 1, 2, 2, 3, 2, 1, 2, 1, 1, 2, 0, 1, 2, 3, 2, 1, 3, 3, 1, 2, 1, 1, 2, 1, 1, 2, 3, 1, 0, 3, 3, 2, 2, 3, 1, 0, 1, 3, 2, 3, 0, 0, 1, 0, 1, 3, 1, 3, 1, 2, 3, 2, 2, 0, 2, 2, 3, 1, 3, 1, 2, 3, 2, 2, 3, 1, 3, 2, 1, 0, 3, 1, 3, 1, 0, 2, 1, 2], [1, 0, 2, 2, 3, 2, 3, 1, 1, 2, 1, 0, 1, 2, 1, 2, 1, 3, 0, 3, 2, 0, 1, 3, 2, 1, 0, 1, 3, 2, 2, 3, 3, 2, 2, 0, 2, 0, 2, 3, 0, 0, 2, 3, 1, 2, 1, 3, 1, 1, 2, 1, 1, 1, 0, 1, 1, 3, 0, 2, 3, 3, 2, 2, 2, 0, 1, 2, 0, 2, 3, 1, 1, 3, 3, 1, 2, 2, 0, 0, 2, 3, 3, 3, 0, 0, 2, 1, 1, 2, 1, 2, 2, 1, 3, 2, 2, 1, 1, 2, 3, 0, 2, 0, 2, 3, 0, 1, 2, 2, 2, 0, 2, 0, 3, 0, 3, 0, 0, 1, 0, 1], [1, 2, 0, 0, 2, 2, 2, 1, 2, 2, 2, 1, 1, 2, 2, 3, 0, 2, 1, 2, 2, 1, 1, 3, 0, 0, 2, 1, 2, 0, 0, 3, 2, 3, 0, 2, 1, 1, 0, 1, 1, 2, 2, 3, 1, 2, 2, 2, 2, 1, 2, 1, 1, 2, 1, 1, 2, 2, 2, 1, 3, 2, 1, 2, 0, 2, 2, 0, 2, 2, 3, 1, 0, 3, 3, 2, 2, 3, 1, 1, 1, 3, 1, 2, 1, 1, 1, 1, 1, 3, 1, 3, 1, 2, 2, 2, 2, 1, 2, 2, 2, 2, 2, 2, 3, 3, 2, 2, 3, 0, 3, 2, 1, 1, 2, 1, 3, 1, 1, 2, 2, 2], [1, 2, 0, 0, 2, 2, 1, 1, 2, 2, 2, 1, 1, 2, 2, 3, 0, 2, 1, 2, 2, 1, 1, 3, 0, 0, 2, 1, 2, 0, 0, 3, 2, 3, 0, 2, 0, 1, 0, 1, 1, 2, 3, 3, 1, 2, 2, 2, 2, 1, 2, 1, 1, 2, 1, 1, 2, 2, 2, 1, 3, 2, 0, 2, 0, 2, 2, 0, 2, 2, 3, 1, 0, 3, 3, 3, 2, 3, 1, 1, 1, 3, 1, 2, 1, 1, 1, 1, 1, 3, 1, 3, 0, 2, 2, 2, 2, 1, 2, 2, 2, 2, 2, 2, 3, 3, 2, 2, 3, 0, 3, 2, 0, 1, 2, 1, 3, 1, 1, 2, 2, 2], [3, 3, 2, 2, 0, 1, 0, 2, 2, 1, 2, 2, 1, 0, 1, 1, 3, 0, 2, 0, 0, 2, 1, 1, 2, 2, 3, 1, 0, 3, 2, 1, 0, 1, 1, 3, 1, 2, 1, 1, 2, 3, 2, 1, 1, 0, 2, 1, 2, 2, 0, 1, 1, 3, 2, 1, 2, 0, 3, 1, 1, 0, 1, 0, 1, 3, 2, 2, 2, 1, 1, 2, 2, 1, 1, 2, 0, 1, 2, 3, 1, 1, 1, 0, 2, 2, 1, 2, 1, 1, 1, 1, 1, 3, 0, 0, 1, 2, 2, 2, 0, 3, 0, 3, 2, 1, 3, 2, 1, 2, 1, 3, 1, 2, 1, 2, 1, 2, 2, 1, 2, 2], [2, 2, 2, 2, 1, 0, 1, 1, 1, 0, 1, 1, 0, 0, 0, 1, 2, 1, 1, 1, 0, 1, 0, 1, 1, 1, 1, 0, 1, 2, 1, 1, 1, 1, 1, 2, 1, 1, 1, 1, 1, 2, 1, 1, 0, 0, 1, 1, 1, 1, 0, 0, 0, 1, 1, 0, 1, 0, 1, 0, 1, 1, 1, 0, 1, 2, 1, 2, 1, 0, 1, 1, 1, 1, 1, 1, 0, 1, 1, 1, 1, 1, 1, 1, 1, 1, 0, 1, 0, 1, 0, 1, 1, 2, 1, 0, 1, 1, 1, 1, 1, 2, 0, 2, 1, 1, 1, 1, 1, 2, 1, 2, 1, 1, 1, 1, 1, 1, 1, 0, 1, 1], [2, 3, 2, 1, 0, 1, 0, 2, 2, 2, 2, 2, 1, 0, 2, 2, 2, 0, 2, 0, 0, 2, 1, 2, 1, 2, 3, 1, 1, 2, 1, 2, 0, 2, 1, 3, 0, 2, 1, 0, 2, 3, 2, 1, 1, 1, 2, 0, 2, 2, 1, 1, 1, 3, 2, 1, 2, 1, 3, 1, 2, 0, 1, 1, 1, 3, 2, 2, 3, 2, 2, 2, 2, 2, 2, 2, 1, 2, 2, 2, 0, 2, 0, 1, 2, 2, 1, 2, 1, 2, 1, 2, 1, 3, 0, 1, 2, 2, 2, 2, 0, 3, 1, 3, 2, 2, 3, 3, 2, 1, 2, 3, 1, 2, 0, 2, 2, 2, 2, 2, 3, 3], [1, 1, 1, 1, 2, 1, 2, 0, 1, 1, 1, 0, 0, 1, 1, 2, 1, 2, 0, 2, 1, 0, 0, 2, 1, 1, 1, 0, 2, 1, 1, 2, 2, 2, 1, 1, 1, 0, 1, 2, 0, 1, 1, 2, 0, 1, 1, 2, 1, 0, 2, 0, 0, 1, 0, 0, 1, 2, 1, 1, 2, 2, 1, 1, 1, 1, 1, 1, 1, 1, 2, 0, 1, 2, 2, 1, 1, 2, 0, 0, 1, 2, 2, 2, 0, 0, 1, 0, 0, 2, 0, 2, 1, 1, 2, 1, 1, 0, 1, 1, 2, 1, 2, 1, 1, 2, 1, 1, 2, 1, 2, 1, 1, 0, 2, 0, 2, 0, 0, 1, 1, 1], [2, 1, 2, 2, 2, 1, 2, 1, 0, 0, 0, 1, 1, 1, 0, 1, 2, 2, 1, 2, 1, 1, 0, 1, 2, 2, 0, 1, 1, 2, 2, 1, 2, 1, 1, 1, 2, 1, 2, 2, 1, 1, 0, 1, 1, 1, 0, 2, 0, 1, 1, 0, 0, 0, 1, 0, 0, 1, 0, 1, 1, 2, 2, 1, 2, 1, 0, 2, 0, 0, 1, 0, 2, 1, 1, 0, 1, 1, 1, 1, 2, 1, 2, 2, 1, 1, 1, 1, 1, 1, 1, 1, 2, 1, 2, 1, 0, 1, 0, 0, 2, 1, 1, 1, 0, 1, 0, 0, 1, 2, 1, 1, 2, 1, 3, 1, 1, 1, 1, 0, 0, 0], [2, 2, 2, 2, 1, 0, 2, 1, 0, 0, 0, 1, 1, 1, 0, 0, 2, 2, 2, 1, 1, 1, 0, 1, 2, 2, 1, 1, 1, 3, 2, 1, 2, 0, 2, 1, 2, 1, 2, 2, 1, 1, 0, 1, 1, 1, 0, 2, 0, 1, 1, 0, 0, 1, 1, 1, 0, 1, 1, 1, 0, 2, 2, 1, 2, 1, 0, 2, 1, 0, 1, 1, 2, 1, 1, 0, 1, 0, 1, 2, 2, 0, 2, 1, 1, 2, 1, 1, 1, 0, 1, 0, 2, 1, 2, 1, 0, 1, 0, 0, 2, 1, 1, 1, 0, 1, 1, 1, 0, 2, 0, 1, 2, 2, 2, 1, 1, 1, 1, 0, 1, 1], [2, 1, 2, 2, 2, 1, 2, 1, 0, 0, 0, 1, 1, 1, 0, 1, 2, 2, 1, 1, 1, 1, 0, 1, 2, 2, 1, 1, 1, 2, 2, 1, 2, 1, 1, 1, 2, 1, 2, 2, 1, 1, 0, 1, 1, 1, 0, 2, 0, 1, 1, 0, 0, 1, 1, 1, 0, 1, 1, 1, 1, 2, 2, 1, 2, 1, 0, 2, 1, 0, 1, 1, 2, 1, 1, 0, 1, 0, 1, 1, 2, 1, 2, 1, 1, 1, 1, 1, 1, 1, 1, 1, 2, 1, 2, 1, 0, 1, 0, 0, 2, 1, 1, 1, 0, 1, 1, 0, 1, 2, 1, 1, 2, 1, 2, 1, 1, 1, 1, 0, 1, 0], [1, 0, 1, 1, 2, 1, 2, 0, 1, 1, 1, 0, 1, 2, 1, 2, 1, 2, 0, 2, 2, 0, 0, 2, 1, 1, 1, 1, 2, 1, 1, 2, 2, 2, 1, 1, 2, 0, 1, 2, 0, 0, 1, 2, 1, 2, 1, 3, 1, 0, 2, 1, 1, 1, 0, 1, 1, 2, 0, 1, 2, 2, 2, 2, 1, 0, 1, 1, 0, 1, 2, 0, 1, 2, 2, 1, 2, 2, 0, 0, 1, 2, 2, 2, 0, 0, 1, 0, 1, 2, 1, 2, 2, 1, 2, 2, 1, 0, 1, 1, 3, 0, 2, 0, 1, 2, 0, 0, 2, 1, 2, 1, 2, 0, 3, 0, 2, 0, 0, 1, 0, 1], [1, 1, 1, 1, 1, 0, 1, 0, 1, 1, 1, 1, 0, 0, 1, 1, 1, 1, 1, 1, 1, 1, 0, 1, 1, 1, 1, 0, 1, 1, 1, 2, 1, 1, 0, 2, 1, 1, 0, 1, 1, 1, 1, 1, 0, 1, 1, 1, 1, 0, 1, 0, 0, 1, 1, 0, 1, 1, 1, 0, 1, 1, 1, 0, 1, 1, 1, 1, 1, 1, 2, 0, 1, 2, 1, 1, 0, 1, 1, 1, 0, 1, 1, 1, 1, 1, 0, 0, 0, 1, 0, 1, 1, 2, 1, 1, 1, 0, 1, 1, 1, 1, 1, 1, 1, 2, 1, 1, 1, 1, 1, 2, 1, 1, 1, 1, 1, 1, 1, 1, 1, 1], [2, 2, 2, 2, 0, 0, 0, 1, 1, 1, 1, 2, 0, 0, 1, 1, 2, 0, 2, 0, 0, 2, 1, 1, 1, 2, 2, 1, 0, 2, 1, 1, 0, 1, 1, 2, 1, 2, 1, 1, 2, 2, 1, 1, 0, 0, 1, 1, 1, 1, 0, 1, 1, 2, 2, 1, 1, 0, 2, 0, 1, 1, 1, 0, 1, 2, 1, 2, 2, 1, 1, 1, 2, 1, 1, 1, 0, 1, 2, 2, 1, 1, 1, 0, 2, 2, 0, 1, 0, 1, 1, 1, 1, 2, 0, 0, 1, 1, 1, 1, 0, 2, 0, 2, 1, 1, 2, 2, 1, 2, 1, 2, 1, 2, 1, 2, 1, 2, 2, 1, 2, 2], [2, 1, 2, 2, 1, 0, 2, 1, 0, 0, 0, 1, 1, 1, 0, 1, 2, 2, 1, 1, 1, 1, 0, 1, 2, 2, 1, 1, 1, 2, 2, 1, 2, 0, 1, 1, 2, 1, 2, 2, 1, 1, 0, 1, 1, 1, 0, 2, 0, 1, 1, 0, 0, 1, 1, 0, 0, 1, 1, 1, 1, 2, 2, 1, 2, 1, 0, 2, 1, 0, 1, 1, 2, 1, 1, 0, 1, 0, 1, 1, 1, 1, 2, 1, 1, 1, 1, 1, 1, 1, 1, 0, 2, 1, 2, 1, 0, 1, 0, 0, 2, 1, 1, 1, 0, 1, 1, 1, 1, 2, 0, 1, 2, 1, 2, 1, 1, 1, 1, 0, 1, 0], [3, 2, 3, 3, 1, 1, 2, 2, 1, 0, 1, 2, 1, 1, 1, 0, 3, 2, 2, 1, 1, 2, 1, 0, 2, 3, 2, 2, 1, 3, 3, 0, 2, 0, 2, 2, 2, 2, 2, 2, 2, 2, 0, 0, 1, 1, 1, 2, 1, 2, 1, 1, 1, 2, 2, 1, 1, 1, 2, 1, 0, 2, 2, 1, 2, 2, 1, 3, 2, 0, 0, 2, 3, 0, 0, 1, 1, 0, 2, 2, 2, 0, 2, 1, 2, 2, 1, 2, 1, 0, 2, 0, 2, 2, 2, 1, 0, 2, 1, 0, 2, 2, 1, 2, 0, 0, 2, 2, 0, 3, 0, 2, 2, 2, 2, 2, 0, 2, 2, 1, 2, 1], [0, 1, 0, 0, 3, 2, 2, 1, 2, 2, 2, 1, 1, 2, 2, 3, 0, 2, 0, 2, 2, 0, 1, 3, 1, 0, 2, 1, 2, 0, 1, 3, 2, 3, 1, 2, 1, 1, 1, 2, 1, 2, 2, 3, 1, 2, 2, 2, 2, 1, 2, 1, 1, 2, 0, 1, 2, 3, 2, 1, 3, 2, 1, 2, 1, 1, 2, 0, 1, 2, 3, 1, 0, 3, 3, 2, 2, 3, 1, 0, 1, 3, 2, 2, 0, 0, 1, 1, 1, 3, 1, 3, 1, 2, 2, 2, 2, 0, 2, 2, 3, 1, 2, 2, 3, 3, 2, 2, 3, 0, 3, 2, 1, 0, 3, 1, 3, 1, 1, 2, 2, 2], [3, 3, 2, 2, 0, 1, 0, 2, 2, 2, 2, 2, 1, 0, 2, 2, 2, 0, 2, 0, 0, 2, 2, 1, 1, 2, 3, 1, 0, 2, 1, 2, 0, 2, 1, 3, 1, 2, 1, 0, 2, 3, 2, 1, 1, 1, 2, 0, 2, 2, 1, 2, 1, 3, 2, 1, 2, 1, 3, 1, 2, 0, 1, 1, 1, 3, 2, 2, 3, 2, 2, 2, 2, 2, 2, 2, 0, 2, 2, 2, 1, 2, 0, 0, 2, 2, 1, 2, 1, 2, 1, 2, 1, 3, 0, 0, 2, 2, 2, 2, 0, 3, 1, 3, 2, 2, 3, 3, 2, 2, 2, 3, 1, 2, 0, 2, 2, 2, 2, 2, 3, 3], [0, 0, 1, 1, 2, 1, 2, 0, 1, 2, 1, 0, 1, 2, 1, 2, 0, 2, 0, 2, 2, 0, 1, 3, 1, 1, 1, 1, 2, 1, 1, 3, 2, 2, 1, 1, 1, 0, 1, 2, 0, 1, 2, 3, 1, 2, 1, 3, 1, 0, 2, 1, 1, 1, 0, 1, 1, 2, 1, 1, 2, 2, 1, 2, 1, 1, 1, 1, 1, 2, 3, 0, 1, 3, 3, 1, 2, 2, 0, 0, 1, 2, 2, 2, 0, 0, 1, 0, 1, 2, 1, 2, 2, 1, 2, 2, 2, 0, 1, 2, 3, 1, 2, 1, 2, 3, 1, 1, 2, 1, 2, 1, 2, 0, 3, 0, 3, 0, 0, 1, 1, 1], [3, 3, 2, 2, 0, 1, 0, 2, 2, 1, 1, 2, 1, 0, 1, 1, 2, 0, 2, 0, 0, 2, 1, 1, 1, 2, 2, 1, 0, 2, 1, 1, 0, 1, 1, 3, 1, 2, 1, 1, 2, 3, 1, 1, 1, 0, 2, 1, 2, 2, 0, 1, 1, 2, 2, 1, 2, 0, 2, 1, 1, 0, 1, 0, 1, 3, 2, 2, 2, 1, 1, 2, 2, 1, 1, 2, 0, 1, 2, 2, 1, 1, 1, 0, 2, 2, 1, 2, 1, 1, 1, 1, 1, 3, 0, 0, 1, 2, 1, 1, 0, 3, 0, 3, 1, 1, 2, 2, 1, 2, 1, 3, 1, 2, 1, 2, 1, 2, 2, 1, 2, 2], [2, 2, 2, 2, 0, 0, 0, 1, 1, 1, 1, 2, 1, 0, 1, 1, 2, 0, 2, 0, 0, 2, 1, 1, 1, 2, 2, 1, 0, 2, 1, 1, 0, 1, 1, 2, 1, 2, 1, 1, 2, 2, 1, 1, 1, 0, 1, 1, 1, 1, 0, 1, 1, 2, 2, 1, 1, 0, 2, 0, 1, 1, 1, 0, 1, 2, 1, 2, 2, 1, 1, 1, 2, 1, 1, 1, 0, 1, 2, 2, 1, 1, 1, 0, 2, 2, 0, 1, 0, 1, 1, 1, 1, 2, 0, 0, 1, 1, 1, 1, 0, 2, 0, 2, 1, 1, 2, 2, 1, 2, 1, 2, 1, 2, 1, 2, 1, 2, 2, 1, 2, 2], [0, 0, 1, 1, 2, 1, 2, 0, 1, 1, 1, 0, 1, 2, 1, 2, 0, 2, 0, 2, 2, 0, 1, 3, 1, 0, 1, 1, 2, 1, 1, 3, 2, 2, 1, 1, 1, 0, 1, 2, 0, 1, 2, 2, 1, 2, 1, 2, 1, 0, 2, 1, 1, 1, 0, 1, 1, 2, 1, 1, 2, 2, 1, 2, 1, 1, 1, 1, 1, 1, 3, 0, 1, 2, 2, 1, 2, 2, 0, 0, 1, 2, 2, 2, 0, 0, 1, 0, 1, 2, 0, 2, 1, 1, 2, 2, 1, 0, 1, 1, 2, 1, 2, 1, 2, 3, 1, 1, 2, 1, 2, 1, 1, 0, 3, 0, 2, 0, 0, 1, 1, 1], [1, 1, 1, 1, 1, 0, 1, 0, 0, 0, 0, 0, 0, 1, 0, 1, 1, 2, 1, 1, 1, 1, 0, 1, 1, 1, 1, 0, 1, 2, 1, 1, 1, 1, 1, 1, 1, 1, 1, 1, 0, 1, 1, 1, 0, 1, 1, 2, 0, 0, 1, 0, 0, 1, 1, 0, 0, 1, 1, 0, 1, 2, 1, 1, 1, 1, 0, 1, 1, 0, 1, 0, 1, 1, 1, 1, 1, 1, 0, 1, 1, 1, 2, 1, 1, 1, 0, 0, 0, 1, 0, 1, 1, 1, 1, 1, 1, 0, 0, 1, 2, 1, 1, 1, 1, 1, 1, 1, 1, 1, 1, 1, 1, 1, 2, 0, 1, 1, 1, 0, 1, 1], [3, 3, 3, 3, 1, 1, 2, 2, 1, 1, 1, 2, 1, 1, 1, 0, 3, 1, 3, 1, 1, 3, 1, 0, 2, 3, 2, 2, 1, 3, 2, 0, 1, 0, 2, 2, 2, 2, 2, 2, 2, 2, 1, 0, 1, 0, 1, 2, 1, 2, 0, 1, 1, 2, 2, 1, 1, 0, 2, 2, 0, 2, 2, 1, 2, 3, 1, 3, 2, 1, 0, 2, 3, 0, 0, 1, 1, 0, 2, 3, 2, 0, 2, 1, 2, 3, 1, 2, 1, 0, 2, 0, 2, 2, 1, 1, 1, 2, 1, 1, 1, 3, 0, 3, 1, 0, 2, 2, 0, 3, 0, 3, 2, 3, 2, 2, 0, 2, 2, 1, 2, 2], [1, 2, 0, 0, 2, 1, 1, 1, 2, 2, 2, 1, 1, 1, 2, 2, 1, 1, 1, 1, 1, 1, 1, 2, 0, 0, 2, 1, 2, 1, 0, 3, 1, 2, 0, 2, 0, 1, 0, 1, 1, 2, 2, 2, 1, 2, 2, 1, 2, 1, 2, 1, 1, 2, 1, 1, 2, 2, 2, 0, 2, 1, 0, 1, 0, 2, 2, 0, 2, 2, 3, 1, 0, 3, 2, 2, 1, 2, 1, 1, 0, 2, 1, 2, 1, 1, 1, 1, 1, 2, 1, 2, 0, 2, 1, 1, 2, 1, 2, 2, 1, 2, 2, 2, 2, 3, 2, 2, 2, 0, 2, 2, 0, 1, 1, 1, 3, 1, 1, 2, 2, 2], [0, 1, 0, 0, 2, 1, 2, 1, 2, 2, 2, 1, 1, 2, 2, 3, 0, 2, 1, 2, 2, 0, 1, 3, 0, 0, 2, 1, 2, 0, 0, 3, 2, 2, 0, 2, 1, 1, 0, 2, 1, 2, 2, 3, 1, 2, 2, 2, 2, 0, 2, 1, 1, 2, 0, 1, 2, 2, 2, 1, 3, 2, 1, 2, 1, 2, 2, 0, 1, 2, 3, 1, 0, 3, 3, 2, 2, 2, 1, 1, 1, 3, 2, 2, 0, 0, 1, 1, 1, 3, 1, 2, 1, 2, 2, 2, 2, 0, 2, 2, 2, 2, 2, 2, 2, 3, 2, 2, 3, 0, 2, 2, 1, 0, 2, 1, 3, 1, 1, 2, 2, 2], [2, 0, 2, 2, 3, 1, 3, 1, 0, 1, 1, 1, 1, 2, 1, 2, 2, 3, 1, 2, 2, 1, 1, 2, 2, 2, 0, 1, 2, 2, 2, 2, 3, 2, 2, 0, 2, 1, 2, 3, 1, 0, 1, 2, 1, 2, 1, 3, 0, 1, 2, 1, 1, 0, 1, 1, 0, 2, 0, 2, 2, 3, 3, 2, 2, 0, 0, 2, 0, 1, 2, 1, 2, 2, 2, 1, 2, 2, 1, 1, 2, 2, 3, 2, 1, 1, 2, 1, 1, 2, 1, 2, 3, 0, 3, 2, 1, 1, 1, 1, 3, 0, 2, 0, 1, 2, 0, 0, 2, 2, 2, 0, 3, 1, 3, 1, 2, 1, 1, 1, 0, 0], [1, 1, 1, 1, 1, 0, 1, 0, 1, 1, 1, 1, 0, 1, 1, 2, 1, 1, 1, 1, 1, 1, 0, 2, 1, 1, 1, 0, 1, 1, 1, 2, 1, 1, 0, 1, 1, 1, 0, 1, 0, 1, 1, 2, 0, 1, 1, 1, 1, 0, 1, 0, 0, 1, 0, 0, 1, 1, 1, 0, 1, 1, 1, 1, 1, 1, 1, 1, 1, 1, 2, 0, 1, 2, 2, 1, 1, 1, 0, 1, 0, 2, 1, 1, 0, 1, 0, 0, 0, 1, 0, 1, 1, 1, 1, 1, 1, 0, 1, 1, 1, 1, 1, 1, 1, 2, 1, 1, 2, 1, 1, 2, 1, 1, 2, 0, 2, 1, 1, 1, 1, 1], [3, 3, 2, 2, 0, 1, 1, 2, 1, 1, 1, 2, 1, 0, 1, 1, 2, 0, 2, 0, 0, 2, 1, 1, 2, 2, 2, 1, 0, 3, 2, 1, 0, 1, 1, 3, 1, 2, 1, 1, 2, 2, 1, 0, 1, 0, 2, 1, 1, 2, 0, 1, 1, 2, 2, 1, 2, 0, 2, 1, 1, 1, 1, 0, 1, 3, 2, 2, 2, 1, 1, 2, 2, 1, 1, 2, 0, 1, 2, 2, 1, 1, 1, 0, 2, 2, 1, 2, 1, 1, 1, 1, 1, 3, 0, 0, 1, 2, 1, 1, 0, 3, 0, 3, 1, 1, 2, 2, 1, 2, 1, 3, 1, 2, 1, 2, 1, 2, 2, 1, 2, 2], [0, 2, 0, 0, 3, 2, 2, 1, 2, 3, 2, 1, 1, 2, 2, 3, 0, 2, 1, 2, 2, 1, 2, 3, 1, 0, 2, 1, 3, 0, 1, 3, 2, 3, 1, 2, 1, 1, 1, 2, 1, 2, 3, 3, 1, 2, 3, 2, 2, 1, 2, 2, 2, 2, 1, 1, 2, 3, 2, 1, 3, 2, 1, 2, 1, 2, 2, 0, 2, 2, 3, 1, 0, 3, 3, 3, 2, 3, 1, 1, 1, 3, 2, 3, 1, 1, 1, 1, 1, 3, 1, 3, 1, 2, 2, 2, 3, 1, 3, 3, 2, 2, 3, 2, 3, 4, 2, 2, 3, 0, 3, 2, 1, 1, 2, 1, 3, 1, 1, 2, 2, 2], [1, 2, 0, 0, 2, 1, 1, 1, 2, 2, 2, 1, 1, 1, 2, 3, 1, 1, 1, 1, 1, 1, 1, 2, 0, 0, 2, 1, 2, 1, 0, 3, 1, 2, 0, 2, 0, 1, 0, 1, 1, 2, 2, 2, 1, 2, 2, 1, 2, 1, 2, 1, 1, 2, 1, 1, 2, 2, 2, 1, 2, 1, 0, 1, 0, 2, 2, 0, 2, 2, 3, 1, 0, 3, 3, 2, 1, 2, 1, 1, 0, 3, 1, 2, 1, 1, 1, 1, 1, 3, 1, 2, 0, 3, 1, 1, 2, 1, 2, 2, 1, 2, 2, 2, 2, 3, 2, 2, 3, 0, 2, 3, 0, 1, 1, 1, 3, 1, 1, 2, 2, 2], [3, 3, 3, 3, 1, 1, 2, 2, 1, 1, 1, 2, 2, 1, 1, 0, 3, 2, 3, 1, 1, 3, 1, 0, 3, 3, 2, 2, 1, 3, 3, 0, 2, 0, 2, 2, 2, 2, 2, 2, 2, 2, 1, 0, 2, 1, 1, 2, 1, 2, 1, 1, 1, 2, 3, 2, 1, 1, 2, 2, 0, 2, 3, 1, 3, 3, 1, 3, 2, 1, 0, 2, 3, 0, 0, 1, 1, 0, 2, 3, 2, 0, 2, 1, 3, 3, 2, 2, 2, 0, 2, 0, 3, 2, 2, 1, 1, 2, 1, 1, 2, 2, 1, 3, 1, 0, 2, 2, 0, 3, 0, 3, 3, 3, 2, 2, 0, 2, 3, 1, 2, 2], [2, 3, 2, 2, 0, 1, 0, 2, 2, 2, 2, 2, 1, 0, 2, 2, 2, 0, 2, 0, 0, 2, 1, 1, 1, 2, 3, 1, 0, 2, 1, 2, 0, 1, 1, 3, 1, 2, 1, 0, 2, 3, 2, 1, 1, 1, 2, 0, 2, 2, 1, 1, 1, 3, 2, 1, 2, 1, 3, 1, 2, 0, 1, 1, 1, 3, 2, 2, 3, 2, 2, 2, 2, 2, 2, 2, 0, 1, 2, 2, 1, 2, 0, 0, 2, 2, 1, 2, 1, 2, 1, 1, 1, 3, 0, 0, 2, 2, 2, 2, 0, 3, 1, 3, 2, 2, 3, 3, 2, 2, 1, 3, 1, 2, 0, 2, 2, 2, 2, 2, 3, 3], [3, 2, 3, 3, 1, 1, 2, 2, 1, 0, 1, 2, 1, 1, 0, 0, 3, 2, 2, 1, 1, 2, 1, 0, 2, 2, 2, 1, 1, 3, 2, 0, 1, 0, 2, 2, 2, 2, 2, 2, 2, 2, 0, 0, 1, 0, 1, 2, 1, 2, 0, 1, 1, 2, 2, 1, 1, 0, 2, 1, 0, 2, 2, 0, 2, 2, 1, 3, 2, 0, 0, 1, 2, 0, 0, 1, 1, 0, 2, 2, 2, 0, 2, 1, 2, 2, 1, 2, 1, 0, 1, 0, 2, 2, 2, 1, 0, 2, 1, 0, 2, 2, 0, 2, 0, 0, 2, 1, 0, 3, 0, 2, 2, 2, 2, 2, 0, 2, 2, 0, 2, 1], [1, 2, 0, 0, 1, 1, 1, 1, 1, 2, 1, 1, 0, 1, 1, 2, 1, 1, 1, 1, 1, 1, 1, 2, 0, 0, 2, 0, 1, 1, 0, 2, 1, 2, 0, 2, 0, 1, 0, 1, 1, 2, 2, 2, 0, 1, 2, 1, 1, 1, 1, 1, 1, 2, 1, 0, 2, 1, 2, 0, 2, 1, 0, 1, 0, 2, 2, 0, 2, 1, 2, 1, 0, 2, 2, 2, 1, 2, 1, 1, 0, 2, 1, 1, 1, 1, 0, 1, 0, 2, 0, 2, 0, 2, 1, 1, 2, 1, 2, 2, 1, 2, 1, 2, 2, 2, 2, 2, 2, 0, 2, 2, 0, 1, 1, 1, 2, 1, 1, 1, 2, 2], [2, 0, 2, 2, 3, 2, 3, 1, 1, 1, 1, 1, 2, 2, 1, 2, 2, 3, 1, 3, 2, 1, 1, 2, 2, 2, 0, 1, 3, 2, 2, 2, 3, 2, 2, 0, 3, 1, 2, 3, 1, 0, 1, 2, 2, 2, 1, 3, 1, 1, 2, 1, 1, 0, 1, 1, 1, 2, 0, 2, 2, 3, 3, 2, 2, 0, 1, 2, 0, 1, 2, 1, 2, 2, 2, 1, 2, 2, 1, 1, 2, 2, 3, 3, 1, 1, 2, 1, 2, 2, 1, 2, 3, 0, 3, 2, 1, 1, 1, 1, 3, 0, 2, 0, 1, 2, 0, 0, 2, 2, 2, 0, 3, 1, 4, 1, 2, 1, 1, 1, 0, 0], [1, 2, 1, 0, 1, 1, 0, 1, 2, 2, 2, 2, 1, 1, 2, 2, 1, 1, 1, 1, 1, 1, 1, 2, 0, 1, 2, 1, 1, 1, 0, 2, 1, 2, 0, 3, 0, 1, 0, 0, 1, 2, 2, 2, 1, 1, 2, 1, 2, 1, 1, 1, 1, 2, 1, 1, 2, 1, 2, 0, 2, 1, 0, 1, 0, 2, 2, 1, 2, 2, 2, 1, 1, 2, 2, 2, 1, 2, 1, 2, 0, 2, 0, 1, 1, 1, 0, 1, 1, 2, 1, 2, 0, 3, 1, 1, 2, 1, 2, 2, 1, 2, 1, 2, 2, 3, 2, 2, 2, 0, 2, 3, 0, 1, 1, 1, 2, 2, 1, 2, 2, 2], [0, 0, 1, 1, 2, 1, 2, 0, 1, 1, 1, 0, 1, 2, 1, 2, 1, 2, 0, 2, 2, 0, 1, 2, 1, 1, 1, 1, 2, 1, 1, 2, 2, 2, 1, 1, 1, 0, 1, 2, 0, 1, 1, 2, 1, 2, 1, 2, 1, 0, 2, 1, 1, 1, 0, 1, 1, 2, 1, 1, 2, 2, 2, 2, 1, 0, 1, 1, 0, 1, 2, 0, 1, 2, 2, 1, 2, 2, 0, 0, 1, 2, 2, 2, 0, 0, 1, 0, 1, 2, 1, 2, 2, 1, 2, 2, 1, 0, 1, 1, 3, 0, 2, 0, 2, 2, 1, 1, 2, 1, 2, 1, 2, 0, 3, 0, 2, 0, 0, 1, 1, 1], [1, 2, 0, 0, 1, 1, 1, 1, 2, 2, 2, 1, 0, 1, 2, 2, 1, 1, 1, 1, 1, 1, 1, 2, 0, 0, 2, 0, 1, 1, 0, 2, 1, 2, 0, 2, 0, 1, 0, 1, 1, 2, 2, 2, 0, 1, 2, 1, 2, 1, 1, 1, 1, 2, 1, 1, 2, 2, 2, 0, 2, 1, 0, 1, 0, 2, 2, 0, 2, 2, 2, 1, 0, 2, 2, 2, 1, 2, 1, 1, 0, 2, 1, 1, 1, 1, 0, 1, 1, 2, 0, 2, 0, 2, 1, 1, 2, 1, 2, 2, 1, 2, 1, 2, 2, 3, 2, 2, 2, 0, 2, 2, 0, 1, 1, 1, 2, 1, 1, 1, 2, 2], [2, 3, 1, 1, 1, 1, 0, 2, 2, 2, 2, 2, 1, 1, 2, 2, 2, 0, 2, 1, 1, 2, 1, 2, 1, 2, 3, 1, 1, 2, 1, 2, 0, 2, 1, 3, 0, 2, 1, 0, 2, 3, 2, 2, 1, 1, 2, 0, 2, 2, 1, 1, 1, 3, 2, 1, 2, 1, 3, 1, 2, 0, 1, 1, 1, 3, 2, 1, 3, 2, 2, 2, 2, 2, 2, 2, 1, 2, 2, 2, 0, 2, 0, 1, 2, 2, 1, 2, 1, 2, 1, 2, 0, 3, 0, 1, 2, 2, 2, 2, 0, 3, 1, 3, 2, 2, 3, 3, 2, 1, 2, 3, 0, 2, 0, 2, 2, 2, 2, 2, 3, 3], [1, 0, 1, 1, 2, 1, 2, 0, 1, 1, 1, 0, 1, 2, 1, 2, 1, 2, 0, 2, 2, 0, 0, 2, 1, 1, 1, 0, 2, 1, 1, 2, 2, 2, 1, 1, 1, 0, 1, 2, 0, 1, 1, 2, 1, 2, 1, 2, 1, 0, 2, 0, 1, 1, 0, 1, 1, 2, 1, 1, 2, 2, 1, 1, 1, 0, 1, 1, 0, 1, 2, 0, 1, 2, 2, 1, 2, 2, 0, 0, 1, 2, 2, 2, 0, 0, 1, 0, 1, 2, 0, 2, 1, 1, 2, 2, 1, 0, 1, 1, 2, 0, 2, 0, 1, 2, 1, 1, 2, 1, 2, 1, 2, 0, 3, 0, 2, 0, 0, 1, 0, 1], [1, 0, 2, 2, 3, 2, 3, 1, 1, 1, 1, 0, 1, 2, 1, 2, 2, 3, 1, 3, 2, 1, 1, 2, 2, 2, 0, 1, 2, 2, 2, 2, 3, 2, 2, 0, 2, 1, 2, 3, 1, 0, 1, 2, 1, 2, 1, 3, 1, 1, 2, 1, 1, 0, 1, 1, 1, 2, 0, 2, 2, 3, 2, 2, 2, 0, 1, 2, 0, 1, 2, 1, 2, 2, 2, 1, 2, 2, 1, 1, 2, 2, 3, 3, 1, 1, 2, 1, 1, 2, 1, 2, 2, 0, 3, 2, 1, 1, 1, 1, 3, 0, 2, 0, 1, 2, 0, 0, 2, 2, 2, 0, 3, 1, 3, 1, 2, 0, 1, 1, 0, 0], [2, 2, 2, 3, 2, 1, 2, 1, 0, 0, 0, 1, 1, 1, 0, 0, 2, 2, 2, 1, 1, 2, 1, 1, 2, 2, 1, 1, 1, 3, 2, 1, 2, 0, 2, 1, 2, 1, 2, 2, 1, 1, 0, 1, 1, 1, 0, 3, 0, 1, 1, 1, 1, 1, 2, 1, 0, 1, 1, 1, 1, 2, 2, 1, 2, 1, 0, 3, 1, 0, 1, 1, 2, 1, 1, 0, 1, 0, 1, 2, 2, 0, 2, 1, 2, 2, 1, 1, 1, 0, 1, 0, 2, 1, 2, 1, 0, 1, 0, 0, 2, 1, 1, 1, 0, 1, 1, 1, 0, 3, 0, 1, 2, 2, 3, 1, 1, 1, 1, 0, 1, 1], [3, 3, 3, 3, 1, 1, 1, 2, 1, 1, 1, 2, 1, 1, 1, 0, 3, 1, 3, 1, 1, 2, 1, 0, 2, 3, 2, 2, 0, 3, 2, 0, 1, 0, 2, 2, 2, 2, 2, 2, 2, 2, 1, 0, 1, 0, 1, 2, 1, 2, 0, 1, 1, 2, 2, 1, 1, 0, 2, 1, 0, 2, 2, 0, 2, 2, 1, 3, 2, 1, 0, 2, 3, 0, 0, 1, 1, 0, 2, 3, 2, 0, 2, 0, 2, 3, 1, 2, 1, 0, 2, 0, 2, 2, 1, 0, 1, 2, 1, 1, 1, 2, 0, 3, 1, 0, 2, 2, 0, 3, 0, 3, 2, 3, 2, 2, 0, 2, 2, 1, 2, 2], [1, 1, 1, 1, 1, 0, 1, 0, 1, 1, 1, 1, 0, 0, 1, 1, 1, 1, 1, 1, 1, 1, 0, 1, 1, 1, 1, 0, 1, 1, 1, 2, 1, 1, 0, 2, 1, 1, 0, 1, 1, 1, 1, 1, 0, 1, 1, 1, 1, 0, 1, 0, 0, 1, 1, 0, 1, 1, 1, 0, 1, 1, 1, 0, 1, 1, 1, 1, 1, 1, 2, 0, 1, 1, 1, 1, 0, 1, 1, 1, 0, 1, 1, 1, 1, 1, 0, 0, 0, 1, 0, 1, 1, 2, 1, 1, 1, 0, 1, 1, 1, 1, 1, 1, 1, 2, 1, 1, 1, 1, 1, 2, 1, 1, 2, 1, 1, 1, 1, 1, 1, 1], [2, 2, 2, 2, 0, 0, 1, 1, 1, 1, 1, 2, 1, 0, 1, 1, 2, 1, 2, 0, 0, 2, 1, 0, 2, 2, 2, 1, 0, 2, 2, 1, 1, 0, 1, 2, 1, 2, 1, 1, 2, 2, 1, 0, 1, 0, 1, 1, 1, 1, 0, 1, 0, 2, 2, 1, 1, 0, 2, 1, 0, 1, 2, 0, 1, 2, 1, 2, 2, 0, 0, 1, 2, 1, 0, 1, 0, 0, 2, 2, 1, 0, 1, 0, 2, 2, 1, 1, 1, 1, 1, 0, 1, 2, 1, 0, 1, 1, 1, 1, 1, 2, 0, 2, 1, 1, 2, 2, 0, 2, 0, 2, 2, 2, 1, 2, 1, 2, 2, 0, 2, 2], [2, 1, 2, 2, 2, 1, 2, 1, 0, 0, 0, 1, 1, 1, 0, 1, 2, 2, 1, 2, 1, 1, 1, 1, 2, 2, 1, 1, 2, 3, 2, 1, 2, 1, 2, 1, 2, 1, 2, 2, 1, 1, 0, 1, 1, 1, 0, 3, 0, 1, 1, 1, 1, 0, 1, 1, 0, 1, 1, 1, 1, 2, 2, 1, 2, 1, 0, 3, 1, 0, 1, 1, 2, 1, 1, 0, 1, 1, 1, 1, 2, 1, 2, 2, 1, 1, 1, 1, 1, 1, 1, 1, 2, 1, 2, 1, 0, 1, 0, 0, 2, 1, 1, 1, 0, 1, 1, 0, 1, 2, 1, 1, 2, 2, 3, 1, 1, 1, 1, 0, 1, 0], [3, 3, 2, 2, 1, 1, 0, 2, 2, 2, 2, 3, 1, 1, 2, 2, 2, 0, 3, 1, 1, 2, 2, 2, 1, 2, 3, 1, 1, 2, 1, 2, 0, 2, 1, 3, 1, 2, 1, 0, 2, 3, 3, 2, 1, 1, 3, 0, 2, 2, 1, 2, 2, 3, 2, 2, 3, 1, 3, 1, 2, 0, 1, 1, 1, 3, 3, 2, 3, 2, 2, 2, 2, 2, 2, 3, 1, 2, 2, 3, 1, 2, 0, 1, 2, 2, 1, 2, 1, 2, 2, 2, 1, 3, 0, 1, 2, 2, 3, 2, 0, 3, 1, 3, 3, 3, 3, 3, 2, 1, 2, 3, 1, 2, 0, 2, 2, 3, 2, 2, 3, 3], [2, 1, 2, 2, 2, 1, 2, 1, 0, 0, 0, 1, 1, 1, 0, 1, 2, 2, 1, 2, 1, 1, 0, 1, 2, 2, 0, 1, 1, 2, 2, 1, 2, 1, 1, 1, 2, 1, 2, 2, 1, 1, 0, 1, 1, 1, 0, 2, 0, 1, 1, 0, 0, 0, 1, 1, 0, 1, 0, 1, 1, 2, 2, 1, 2, 1, 0, 2, 0, 0, 1, 1, 2, 1, 1, 0, 1, 1, 1, 1, 2, 1, 2, 2, 1, 1, 1, 1, 1, 1, 1, 1, 2, 1, 2, 1, 0, 1, 0, 0, 2, 1, 1, 1, 0, 1, 0, 0, 1, 2, 1, 1, 2, 1, 3, 1, 1, 1, 1, 0, 0, 0], [1, 1, 1, 1, 2, 1, 2, 0, 1, 1, 1, 0, 0, 1, 1, 2, 1, 2, 0, 2, 1, 0, 0, 2, 1, 0, 1, 0, 2, 1, 1, 2, 2, 2, 1, 1, 1, 0, 1, 2, 0, 1, 1, 2, 0, 1, 1, 2, 1, 0, 1, 0, 0, 1, 0, 0, 1, 2, 1, 1, 2, 2, 1, 1, 1, 1, 1, 1, 1, 1, 2, 0, 1, 2, 2, 1, 1, 2, 0, 0, 1, 2, 2, 2, 0, 0, 1, 0, 0, 2, 0, 2, 1, 1, 2, 1, 1, 0, 1, 1, 2, 1, 2, 1, 1, 2, 1, 1, 2, 1, 2, 1, 1, 0, 2, 0, 2, 0, 0, 1, 1, 1], [2, 2, 2, 2, 0, 0, 1, 2, 1, 1, 1, 2, 1, 0, 1, 1, 2, 1, 2, 0, 0, 2, 1, 0, 2, 2, 2, 1, 0, 2, 2, 1, 1, 0, 1, 2, 1, 2, 1, 1, 2, 2, 1, 0, 1, 0, 1, 1, 1, 1, 0, 1, 1, 2, 2, 1, 1, 0, 2, 1, 0, 1, 1, 0, 1, 2, 1, 2, 2, 1, 1, 1, 2, 1, 1, 1, 0, 0, 2, 2, 1, 1, 1, 0, 2, 2, 1, 2, 1, 1, 1, 0, 1, 2, 1, 0, 1, 2, 1, 1, 1, 2, 0, 2, 1, 1, 2, 2, 1, 2, 0, 2, 1, 2, 1, 2, 1, 2, 2, 1, 2, 2], [1, 1, 1, 1, 1, 0, 1, 0, 0, 0, 0, 1, 0, 1, 0, 1, 1, 2, 1, 1, 1, 1, 0, 1, 1, 1, 1, 0, 1, 2, 1, 1, 1, 1, 1, 1, 1, 1, 1, 1, 0, 1, 1, 1, 0, 1, 1, 2, 0, 0, 1, 0, 0, 1, 1, 0, 0, 1, 1, 0, 1, 2, 1, 1, 1, 1, 0, 2, 1, 0, 1, 0, 1, 1, 1, 1, 1, 1, 0, 1, 1, 1, 2, 1, 1, 1, 0, 0, 0, 1, 0, 1, 1, 1, 1, 1, 0, 0, 0, 0, 2, 1, 1, 1, 1, 1, 1, 1, 1, 1, 1, 1, 1, 1, 2, 0, 1, 1, 1, 0, 1, 1], [1, 1, 1, 1, 1, 0, 1, 0, 0, 0, 0, 1, 0, 1, 0, 1, 1, 1, 1, 1, 1, 1, 0, 1, 1, 1, 1, 0, 1, 2, 1, 1, 1, 1, 1, 1, 1, 1, 1, 1, 1, 1, 1, 1, 0, 0, 1, 2, 0, 0, 1, 0, 0, 1, 1, 0, 0, 1, 1, 0, 1, 1, 1, 0, 1, 1, 1, 2, 1, 0, 1, 0, 1, 1, 1, 1, 1, 1, 1, 1, 1, 1, 1, 1, 1, 1, 0, 0, 0, 1, 0, 1, 1, 1, 1, 1, 1, 0, 1, 1, 1, 1, 1, 1, 1, 1, 1, 1, 1, 1, 1, 1, 1, 1, 2, 1, 1, 1, 1, 0, 1, 1], [2, 1, 2, 2, 3, 1, 3, 1, 0, 1, 1, 1, 1, 2, 1, 2, 2, 3, 1, 2, 2, 1, 1, 2, 2, 2, 0, 1, 2, 2, 2, 2, 3, 2, 2, 0, 2, 1, 2, 3, 1, 0, 1, 2, 1, 2, 0, 3, 0, 1, 2, 1, 1, 0, 1, 1, 0, 2, 0, 2, 2, 3, 3, 2, 2, 0, 0, 3, 0, 1, 2, 1, 2, 2, 2, 0, 2, 2, 1, 1, 2, 2, 3, 2, 1, 1, 2, 1, 1, 2, 1, 2, 3, 0, 3, 2, 1, 1, 1, 1, 3, 0, 2, 0, 1, 2, 0, 0, 2, 3, 2, 0, 3, 1, 3, 1, 2, 1, 1, 1, 0, 0], [0, 0, 1, 1, 2, 1, 2, 0, 1, 1, 1, 0, 1, 2, 1, 2, 0, 2, 0, 2, 2, 0, 1, 2, 1, 0, 1, 0, 2, 1, 1, 3, 2, 2, 1, 1, 1, 0, 1, 2, 0, 1, 2, 2, 1, 2, 1, 2, 1, 0, 2, 1, 1, 1, 0, 1, 1, 2, 1, 1, 2, 2, 1, 2, 1, 1, 1, 1, 1, 1, 2, 0, 0, 2, 2, 1, 2, 2, 0, 0, 1, 2, 2, 2, 0, 0, 1, 0, 1, 2, 0, 2, 1, 1, 2, 2, 1, 0, 1, 1, 2, 1, 2, 1, 2, 3, 1, 1, 2, 1, 2, 1, 1, 0, 2, 0, 2, 0, 0, 1, 1, 1], [1, 1, 1, 1, 1, 0, 1, 0, 0, 1, 1, 1, 0, 1, 0, 1, 1, 1, 1, 1, 1, 1, 0, 1, 1, 1, 1, 0, 1, 1, 1, 2, 1, 1, 0, 1, 1, 1, 1, 1, 1, 1, 1, 1, 0, 1, 1, 2, 1, 0, 1, 0, 0, 1, 1, 0, 1, 1, 1, 0, 1, 1, 1, 0, 1, 1, 1, 1, 1, 0, 1, 0, 1, 1, 1, 1, 1, 1, 0, 1, 1, 1, 1, 1, 1, 1, 0, 0, 0, 1, 0, 1, 1, 1, 1, 1, 1, 0, 1, 1, 1, 1, 1, 1, 1, 2, 1, 1, 1, 1, 1, 1, 1, 1, 2, 0, 1, 1, 1, 0, 1, 1], [2, 1, 2, 2, 2, 1, 2, 1, 0, 0, 0, 1, 1, 1, 0, 1, 2, 2, 1, 2, 1, 1, 0, 1, 2, 2, 0, 1, 2, 2, 2, 1, 2, 1, 2, 1, 2, 1, 2, 2, 1, 1, 0, 1, 1, 1, 0, 3, 0, 1, 1, 0, 0, 0, 1, 1, 0, 1, 0, 1, 1, 2, 2, 1, 2, 1, 0, 2, 0, 0, 1, 1, 2, 1, 1, 0, 1, 1, 1, 1, 2, 1, 2, 2, 1, 1, 1, 1, 1, 1, 1, 1, 2, 1, 2, 1, 0, 1, 0, 0, 2, 1, 1, 1, 0, 1, 0, 0, 1, 2, 1, 1, 2, 1, 3, 1, 1, 1, 1, 0, 0, 0], [3, 3, 2, 2, 0, 0, 1, 2, 1, 1, 1, 2, 1, 0, 1, 1, 3, 1, 2, 0, 0, 2, 1, 0, 2, 2, 2, 1, 0, 3, 2, 1, 1, 0, 1, 2, 1, 2, 2, 1, 2, 2, 1, 0, 1, 0, 1, 1, 1, 2, 0, 1, 1, 2, 2, 1, 1, 0, 2, 1, 0, 1, 2, 0, 2, 2, 1, 2, 2, 1, 0, 2, 2, 1, 0, 1, 0, 0, 2, 2, 1, 1, 1, 0, 2, 2, 1, 2, 1, 1, 1, 0, 2, 2, 1, 0, 1, 2, 1, 1, 1, 2, 0, 2, 1, 1, 2, 2, 1, 2, 0, 3, 2, 2, 1, 2, 1, 2, 2, 1, 2, 2], [2, 0, 2, 2, 3, 1, 3, 1, 0, 1, 1, 0, 1, 2, 1, 2, 2, 3, 1, 2, 2, 1, 1, 2, 2, 2, 0, 1, 2, 2, 2, 2, 3, 2, 2, 0, 2, 1, 2, 3, 1, 0, 1, 2, 1, 2, 1, 3, 0, 1, 2, 1, 1, 0, 1, 1, 0, 2, 0, 2, 2, 3, 2, 2, 2, 0, 0, 2, 0, 1, 2, 1, 2, 2, 2, 0, 2, 2, 1, 1, 2, 2, 3, 2, 1, 1, 2, 1, 1, 2, 1, 2, 2, 0, 3, 2, 1, 1, 1, 1, 3, 0, 2, 0, 1, 2, 0, 0, 2, 2, 2, 0, 2, 1, 3, 1, 2, 1, 1, 1, 0, 0], [1, 2, 1, 1, 1, 0, 1, 1, 1, 1, 1, 1, 0, 0, 1, 1, 1, 1, 1, 1, 0, 1, 0, 2, 0, 1, 2, 0, 1, 1, 1, 2, 1, 1, 0, 2, 0, 1, 0, 1, 1, 2, 1, 1, 0, 1, 1, 1, 1, 1, 1, 0, 0, 2, 1, 0, 1, 1, 2, 0, 1, 1, 1, 1, 0, 2, 1, 1, 1, 1, 2, 1, 1, 2, 1, 1, 0, 1, 1, 1, 0, 1, 1, 1, 1, 1, 0, 1, 0, 1, 0, 1, 1, 2, 1, 1, 1, 0, 1, 1, 1, 2, 1, 2, 1, 2, 2, 1, 1, 1, 1, 2, 1, 1, 1, 1, 2, 1, 1, 1, 1, 1], [3, 3, 3, 3, 1, 1, 2, 2, 1, 0, 1, 2, 1, 1, 1, 0, 3, 2, 2, 1, 1, 2, 1, 0, 2, 3, 2, 1, 1, 3, 2, 0, 2, 0, 2, 2, 2, 2, 2, 2, 2, 2, 1, 0, 1, 0, 1, 2, 1, 2, 0, 1, 1, 2, 2, 1, 1, 0, 2, 1, 0, 2, 2, 0, 2, 2, 1, 3, 2, 0, 0, 2, 3, 0, 0, 1, 1, 0, 2, 2, 2, 0, 2, 1, 2, 2, 1, 2, 1, 0, 1, 0, 2, 2, 2, 1, 0, 2, 1, 1, 2, 2, 0, 2, 1, 0, 2, 2, 0, 3, 0, 2, 2, 2, 2, 2, 0, 2, 2, 1, 2, 2], [3, 3, 2, 2, 0, 1, 0, 2, 2, 2, 2, 2, 1, 1, 2, 2, 2, 0, 2, 0, 1, 2, 2, 2, 1, 2, 3, 1, 1, 2, 1, 2, 0, 2, 1, 3, 1, 2, 1, 0, 2, 3, 2, 2, 1, 1, 2, 0, 2, 2, 1, 2, 1, 3, 2, 1, 2, 1, 3, 1, 2, 0, 1, 1, 1, 3, 2, 2, 3, 2, 2, 2, 2, 2, 2, 3, 1, 2, 2, 3, 1, 2, 0, 1, 2, 2, 1, 2, 1, 2, 1, 2, 1, 3, 0, 1, 2, 2, 2, 2, 0, 3, 1, 3, 2, 2, 3, 3, 2, 2, 2, 3, 1, 2, 0, 2, 2, 2, 2, 2, 3, 3], [1, 2, 1, 0, 1, 1, 1, 1, 2, 2, 2, 2, 1, 1, 2, 2, 1, 1, 1, 1, 1, 1, 1, 2, 0, 1, 3, 1, 1, 1, 0, 3, 1, 2, 0, 3, 0, 2, 0, 1, 1, 2, 2, 2, 1, 2, 2, 1, 2, 1, 1, 1, 1, 3, 1, 1, 2, 2, 2, 1, 2, 1, 0, 1, 0, 2, 2, 0, 2, 2, 3, 1, 1, 3, 2, 2, 1, 2, 2, 2, 0, 2, 0, 1, 1, 1, 1, 1, 1, 2, 1, 2, 0, 3, 1, 1, 2, 1, 2, 2, 1, 2, 2, 2, 2, 3, 2, 2, 2, 0, 2, 3, 0, 1, 1, 1, 3, 2, 1, 2, 2, 2], [2, 2, 2, 2, 0, 0, 1, 1, 1, 1, 1, 2, 0, 0, 1, 1, 2, 1, 2, 0, 0, 2, 1, 1, 1, 2, 2, 1, 0, 2, 1, 1, 1, 0, 1, 2, 1, 2, 1, 1, 1, 2, 1, 0, 0, 0, 1, 1, 1, 1, 0, 1, 0, 2, 2, 0, 1, 0, 2, 1, 0, 1, 1, 0, 1, 2, 1, 2, 2, 0, 1, 1, 2, 1, 1, 1, 0, 0, 1, 2, 1, 1, 1, 0, 2, 2, 0, 1, 0, 1, 1, 0, 1, 2, 1, 0, 1, 1, 1, 1, 1, 2, 0, 2, 1, 1, 2, 2, 1, 2, 0, 2, 1, 2, 1, 1, 1, 2, 2, 0, 2, 2], [1, 2, 0, 0, 1, 1, 1, 1, 2, 2, 2, 1, 1, 1, 2, 2, 1, 1, 1, 1, 1, 1, 1, 2, 0, 1, 2, 1, 1, 1, 0, 3, 1, 2, 0, 2, 0, 1, 0, 1, 1, 2, 2, 2, 1, 1, 2, 1, 2, 1, 1, 1, 1, 2, 1, 1, 2, 2, 2, 0, 2, 1, 0, 1, 0, 2, 2, 0, 2, 2, 2, 1, 1, 2, 2, 2, 1, 2, 1, 1, 0, 2, 1, 1, 1, 1, 1, 1, 1, 2, 1, 2, 0, 3, 1, 1, 2, 1, 2, 2, 1, 2, 2, 2, 2, 3, 2, 2, 2, 0, 2, 3, 0, 1, 1, 1, 2, 1, 1, 2, 2, 2], [1, 0, 2, 2, 3, 2, 3, 1, 1, 1, 1, 0, 1, 2, 1, 2, 1, 3, 1, 3, 2, 1, 1, 3, 2, 2, 0, 1, 3, 2, 2, 3, 3, 2, 2, 0, 2, 0, 2, 3, 0, 0, 1, 2, 1, 2, 1, 3, 1, 1, 2, 1, 1, 0, 1, 1, 1, 2, 0, 2, 2, 3, 2, 2, 2, 0, 1, 2, 0, 1, 2, 1, 2, 2, 2, 1, 2, 2, 0, 1, 2, 2, 3, 3, 1, 1, 2, 1, 1, 2, 1, 2, 2, 0, 3, 2, 1, 1, 1, 1, 3, 0, 2, 0, 1, 2, 0, 0, 2, 2, 2, 0, 2, 1, 3, 0, 2, 0, 0, 1, 0, 0], [2, 1, 2, 2, 2, 1, 2, 1, 0, 0, 0, 1, 1, 1, 0, 1, 2, 2, 1, 2, 1, 1, 0, 1, 2, 2, 0, 1, 2, 2, 2, 1, 2, 1, 2, 1, 2, 1, 2, 2, 1, 1, 0, 1, 1, 1, 0, 3, 0, 1, 1, 0, 1, 0, 1, 1, 0, 1, 0, 1, 1, 2, 2, 1, 2, 1, 0, 2, 0, 0, 1, 1, 2, 1, 1, 0, 1, 1, 1, 1, 2, 1, 2, 2, 1, 1, 1, 1, 1, 1, 1, 1, 2, 0, 2, 1, 0, 1, 0, 0, 2, 1, 1, 1, 0, 1, 0, 0, 1, 2, 1, 1, 2, 1, 3, 1, 1, 1, 1, 0, 0, 0], [1, 2, 0, 0, 2, 2, 2, 1, 2, 2, 2, 1, 1, 2, 2, 3, 0, 2, 1, 2, 2, 1, 1, 3, 0, 0, 2, 1, 2, 0, 0, 3, 2, 3, 0, 2, 1, 1, 0, 1, 1, 2, 3, 3, 1, 2, 3, 2, 2, 1, 2, 2, 2, 3, 1, 1, 2, 2, 2, 1, 3, 2, 0, 2, 0, 2, 2, 0, 2, 2, 3, 1, 0, 3, 3, 3, 2, 3, 1, 1, 1, 3, 1, 2, 1, 1, 1, 1, 1, 3, 1, 3, 1, 2, 2, 2, 2, 1, 2, 3, 2, 2, 2, 2, 3, 3, 2, 2, 3, 0, 3, 2, 0, 1, 2, 1, 3, 1, 1, 2, 2, 2], [1, 0, 2, 2, 2, 1, 3, 1, 0, 1, 1, 0, 1, 2, 1, 2, 1, 3, 1, 2, 2, 1, 1, 2, 2, 1, 0, 1, 2, 2, 2, 2, 3, 2, 2, 0, 2, 0, 2, 3, 0, 0, 1, 2, 1, 2, 1, 3, 0, 1, 2, 1, 1, 0, 1, 1, 0, 2, 0, 1, 2, 3, 2, 2, 2, 0, 0, 2, 0, 1, 2, 0, 2, 2, 2, 1, 2, 2, 0, 0, 2, 2, 3, 2, 1, 1, 1, 1, 1, 2, 1, 2, 2, 0, 3, 2, 1, 1, 1, 1, 3, 0, 2, 0, 1, 2, 0, 0, 2, 2, 2, 0, 2, 1, 3, 0, 2, 0, 0, 1, 0, 0], [2, 2, 2, 2, 1, 0, 2, 1, 0, 0, 0, 1, 1, 1, 0, 0, 2, 2, 2, 1, 1, 1, 0, 1, 2, 2, 1, 1, 1, 2, 2, 1, 2, 0, 1, 1, 2, 1, 2, 2, 1, 1, 0, 1, 1, 0, 0, 2, 0, 1, 1, 0, 0, 1, 1, 0, 0, 1, 1, 1, 0, 2, 2, 0, 2, 1, 0, 2, 1, 0, 1, 1, 2, 1, 1, 0, 1, 0, 1, 2, 1, 0, 2, 1, 1, 2, 1, 1, 1, 0, 1, 0, 2, 1, 2, 1, 0, 1, 0, 0, 2, 1, 1, 1, 0, 1, 1, 1, 0, 2, 0, 1, 2, 2, 2, 1, 1, 1, 1, 0, 1, 1], [3, 3, 3, 3, 1, 1, 2, 2, 1, 1, 1, 2, 2, 1, 1, 0, 3, 2, 3, 1, 1, 3, 1, 0, 3, 3, 2, 2, 1, 3, 3, 0, 2, 0, 2, 2, 2, 2, 2, 2, 2, 2, 1, 0, 2, 0, 1, 2, 1, 2, 1, 1, 1, 2, 2, 1, 1, 0, 2, 2, 0, 2, 3, 1, 2, 2, 1, 3, 2, 1, 0, 2, 3, 0, 0, 1, 1, 0, 2, 3, 2, 0, 2, 1, 2, 3, 2, 2, 1, 0, 2, 0, 2, 2, 2, 1, 1, 2, 1, 1, 2, 2, 0, 2, 1, 0, 2, 2, 0, 3, 0, 2, 3, 3, 2, 2, 0, 2, 2, 1, 2, 2], [1, 1, 1, 1, 2, 1, 2, 0, 0, 1, 1, 0, 0, 1, 1, 2, 1, 2, 0, 2, 1, 0, 0, 2, 1, 1, 1, 0, 2, 1, 1, 2, 2, 1, 1, 1, 1, 0, 1, 2, 0, 1, 1, 2, 0, 1, 1, 2, 1, 0, 1, 0, 0, 1, 0, 0, 1, 2, 1, 1, 2, 2, 1, 1, 1, 1, 1, 1, 0, 1, 2, 0, 1, 2, 2, 1, 1, 1, 0, 0, 1, 2, 2, 2, 0, 0, 1, 0, 0, 2, 0, 1, 1, 1, 2, 1, 1, 0, 1, 1, 2, 1, 2, 1, 1, 2, 1, 1, 2, 1, 1, 1, 1, 0, 2, 0, 2, 0, 0, 1, 1, 1], [0, 1, 0, 0, 2, 1, 2, 1, 2, 2, 2, 1, 1, 2, 2, 3, 0, 2, 1, 2, 2, 1, 1, 3, 0, 0, 2, 1, 2, 0, 0, 3, 2, 2, 0, 2, 1, 1, 0, 2, 1, 2, 2, 3, 1, 2, 2, 2, 2, 1, 2, 1, 1, 2, 0, 1, 2, 2, 2, 1, 3, 2, 1, 2, 1, 2, 2, 0, 2, 2, 3, 1, 0, 3, 3, 2, 2, 2, 1, 1, 1, 3, 2, 2, 0, 1, 1, 1, 1, 3, 1, 2, 1, 2, 2, 2, 2, 0, 2, 2, 2, 2, 2, 2, 3, 3, 2, 2, 3, 0, 2, 2, 1, 0, 2, 1, 3, 1, 1, 2, 2, 2], [3, 3, 3, 3, 1, 1, 2, 2, 1, 1, 1, 2, 2, 1, 1, 0, 3, 2, 3, 1, 1, 2, 1, 0, 3, 3, 2, 2, 1, 3, 3, 0, 2, 0, 2, 2, 2, 2, 2, 2, 2, 2, 1, 0, 1, 1, 1, 2, 1, 2, 1, 1, 1, 2, 2, 1, 1, 1, 2, 2, 0, 2, 3, 1, 2, 2, 1, 3, 2, 1, 0, 2, 3, 0, 0, 1, 1, 0, 2, 3, 2, 0, 2, 1, 2, 3, 2, 2, 1, 0, 2, 0, 2, 2, 2, 1, 1, 2, 1, 1, 2, 2, 1, 2, 1, 0, 2, 2, 0, 3, 0, 2, 3, 3, 2, 2, 0, 2, 2, 1, 2, 2], [3, 3, 3, 3, 1, 1, 2, 2, 1, 1, 1, 2, 1, 1, 1, 0, 3, 2, 3, 1, 1, 2, 1, 0, 2, 3, 2, 2, 1, 3, 3, 0, 2, 0, 2, 2, 2, 2, 2, 2, 2, 2, 1, 0, 1, 0, 1, 2, 1, 2, 1, 1, 1, 2, 2, 1, 1, 0, 2, 1, 0, 2, 2, 1, 2, 2, 1, 3, 2, 1, 0, 2, 3, 0, 0, 1, 1, 0, 2, 3, 2, 0, 2, 1, 2, 3, 1, 2, 1, 0, 2, 0, 2, 2, 2, 1, 1, 2, 1, 1, 2, 2, 0, 2, 1, 0, 2, 2, 0, 3, 0, 2, 2, 3, 2, 2, 0, 2, 2, 1, 2, 2], [2, 1, 2, 3, 2, 1, 2, 1, 0, 0, 0, 1, 1, 1, 0, 1, 2, 2, 1, 2, 1, 1, 1, 1, 2, 2, 1, 1, 2, 3, 2, 1, 2, 1, 2, 1, 2, 1, 2, 2, 1, 1, 0, 1, 1, 1, 0, 3, 0, 1, 1, 1, 1, 0, 1, 1, 0, 1, 0, 1, 1, 3, 2, 1, 2, 1, 0, 3, 1, 0, 1, 1, 2, 1, 1, 0, 1, 1, 1, 1, 2, 1, 3, 2, 1, 1, 1, 1, 1, 1, 1, 1, 2, 1, 2, 1, 0, 1, 0, 0, 2, 1, 1, 1, 0, 1, 0, 0, 1, 3, 1, 1, 2, 2, 3, 1, 1, 1, 1, 0, 0, 0], [2, 2, 2, 2, 0, 0, 1, 1, 1, 1, 1, 2, 0, 0, 1, 1, 2, 0, 2, 0, 0, 2, 1, 1, 1, 2, 2, 1, 0, 2, 1, 1, 0, 1, 1, 2, 1, 2, 1, 1, 2, 2, 1, 1, 0, 0, 1, 1, 1, 1, 0, 1, 1, 2, 2, 1, 1, 0, 2, 0, 1, 1, 1, 0, 1, 2, 1, 2, 2, 1, 1, 1, 2, 1, 1, 1, 0, 1, 2, 2, 1, 1, 1, 0, 2, 2, 0, 1, 0, 1, 1, 1, 1, 2, 0, 0, 1, 1, 1, 1, 1, 2, 0, 2, 1, 1, 2, 2, 1, 2, 1, 2, 1, 2, 1, 2, 1, 2, 2, 1, 2, 2], [3, 2, 3, 3, 1, 1, 2, 2, 1, 0, 0, 2, 1, 1, 0, 0, 3, 2, 2, 1, 1, 2, 1, 0, 2, 2, 2, 1, 1, 3, 2, 0, 1, 0, 2, 2, 2, 2, 2, 2, 2, 2, 0, 0, 1, 0, 1, 2, 1, 2, 0, 1, 1, 2, 2, 1, 1, 0, 2, 1, 0, 2, 2, 0, 2, 2, 1, 3, 2, 0, 0, 1, 2, 0, 0, 1, 1, 0, 2, 2, 2, 0, 2, 1, 2, 2, 1, 2, 1, 0, 1, 0, 2, 2, 2, 1, 0, 2, 0, 0, 2, 2, 0, 2, 0, 0, 2, 1, 0, 3, 0, 2, 2, 2, 2, 2, 0, 2, 2, 0, 2, 1], [1, 0, 1, 1, 2, 1, 2, 0, 1, 1, 1, 0, 1, 2, 1, 2, 1, 2, 0, 2, 2, 0, 0, 2, 1, 1, 1, 0, 2, 1, 1, 2, 2, 2, 1, 1, 1, 0, 1, 2, 0, 1, 1, 2, 1, 2, 1, 2, 1, 0, 2, 0, 1, 1, 0, 0, 1, 2, 1, 1, 2, 2, 2, 1, 1, 0, 1, 1, 0, 1, 2, 0, 1, 2, 2, 1, 2, 2, 0, 0, 1, 2, 2, 2, 0, 0, 1, 0, 1, 2, 0, 2, 2, 1, 2, 2, 1, 0, 1, 1, 2, 0, 2, 0, 1, 2, 1, 0, 2, 1, 2, 1, 2, 0, 3, 0, 2, 0, 0, 1, 0, 1], [0, 0, 1, 1, 3, 1, 2, 0, 1, 2, 1, 0, 1, 2, 1, 2, 0, 2, 0, 2, 2, 0, 1, 3, 1, 1, 1, 1, 2, 1, 1, 3, 2, 2, 1, 1, 2, 0, 1, 2, 0, 1, 2, 3, 1, 2, 1, 3, 1, 0, 2, 1, 1, 1, 0, 1, 1, 2, 1, 1, 2, 3, 2, 2, 1, 1, 1, 1, 0, 2, 3, 0, 1, 3, 3, 1, 2, 2, 0, 0, 1, 2, 2, 2, 0, 0, 1, 0, 1, 2, 1, 2, 2, 1, 2, 2, 2, 0, 1, 2, 3, 1, 2, 1, 2, 3, 1, 1, 2, 1, 2, 1, 2, 0, 3, 0, 3, 0, 0, 1, 1, 1], [1, 2, 1, 1, 1, 1, 0, 1, 2, 2, 2, 1, 0, 1, 1, 2, 1, 1, 1, 1, 1, 1, 1, 2, 0, 1, 2, 0, 1, 1, 0, 2, 1, 2, 0, 2, 0, 1, 0, 0, 1, 2, 2, 2, 0, 1, 2, 1, 2, 1, 1, 1, 1, 2, 1, 1, 2, 1, 2, 0, 2, 1, 0, 1, 0, 2, 2, 1, 2, 1, 2, 1, 1, 2, 2, 2, 1, 2, 1, 1, 0, 2, 0, 1, 1, 1, 0, 1, 0, 2, 0, 2, 0, 2, 1, 1, 2, 1, 2, 2, 1, 2, 1, 2, 2, 2, 2, 2, 2, 1, 2, 2, 0, 1, 1, 1, 2, 1, 1, 1, 2, 2], [3, 3, 3, 3, 1, 1, 2, 2, 1, 0, 1, 2, 1, 1, 1, 0, 3, 2, 2, 1, 1, 2, 1, 0, 2, 3, 2, 2, 1, 3, 3, 0, 2, 0, 2, 2, 2, 2, 2, 2, 2, 2, 0, 0, 1, 0, 1, 2, 1, 2, 1, 1, 1, 2, 2, 1, 1, 1, 2, 1, 0, 2, 2, 1, 2, 2, 1, 3, 2, 0, 0, 2, 3, 0, 0, 1, 1, 0, 2, 2, 2, 0, 2, 1, 2, 2, 1, 2, 1, 0, 2, 0, 2, 2, 2, 1, 1, 2, 1, 1, 2, 2, 0, 2, 0, 0, 2, 2, 0, 3, 0, 2, 2, 2, 2, 2, 0, 2, 2, 1, 2, 2], [2, 3, 1, 1, 1, 1, 0, 2, 2, 2, 2, 2, 1, 1, 2, 2, 2, 0, 2, 1, 1, 2, 2, 2, 1, 2, 3, 1, 1, 2, 1, 2, 0, 2, 1, 3, 0, 2, 1, 0, 2, 3, 2, 2, 1, 1, 2, 0, 2, 2, 1, 2, 1, 3, 2, 1, 2, 1, 3, 1, 2, 0, 0, 1, 1, 3, 2, 1, 3, 2, 2, 2, 2, 2, 2, 3, 1, 2, 2, 2, 0, 2, 0, 1, 2, 2, 1, 2, 1, 2, 1, 2, 0, 3, 0, 1, 2, 2, 2, 2, 0, 3, 1, 3, 2, 2, 3, 3, 2, 1, 2, 3, 0, 2, 0, 2, 2, 2, 2, 2, 3, 3], [3, 3, 2, 2, 0, 1, 1, 2, 2, 1, 1, 2, 1, 0, 1, 1, 2, 0, 2, 0, 0, 2, 1, 1, 2, 2, 2, 1, 0, 3, 2, 1, 0, 1, 1, 3, 1, 2, 1, 1, 2, 3, 1, 0, 1, 0, 2, 1, 2, 2, 0, 1, 1, 2, 2, 1, 2, 0, 2, 1, 1, 1, 1, 0, 1, 3, 2, 2, 2, 1, 1, 2, 2, 1, 1, 2, 0, 1, 2, 2, 1, 1, 1, 0, 2, 2, 1, 2, 1, 1, 1, 1, 1, 3, 0, 0, 1, 2, 1, 1, 0, 3, 0, 3, 1, 1, 2, 2, 1, 2, 1, 3, 1, 2, 1, 2, 1, 2, 2, 1, 2, 2], [0, 0, 1, 1, 2, 1, 2, 0, 1, 1, 1, 0, 1, 2, 1, 2, 0, 2, 0, 2, 2, 0, 1, 2, 1, 0, 1, 0, 2, 1, 1, 3, 2, 2, 1, 1, 1, 0, 1, 2, 0, 1, 2, 2, 1, 2, 1, 2, 1, 0, 2, 1, 1, 1, 0, 1, 1, 2, 1, 1, 2, 2, 1, 2, 1, 1, 1, 1, 1, 1, 2, 0, 0, 2, 2, 1, 2, 2, 0, 0, 1, 2, 2, 2, 0, 0, 1, 0, 1, 2, 0, 2, 1, 1, 2, 2, 1, 0, 1, 1, 2, 1, 2, 1, 2, 3, 1, 1, 2, 1, 2, 1, 1, 0, 2, 0, 2, 0, 0, 1, 1, 1], [0, 0, 1, 1, 2, 1, 2, 0, 1, 2, 1, 0, 1, 2, 1, 2, 0, 2, 0, 2, 2, 0, 1, 3, 1, 0, 1, 1, 2, 1, 1, 3, 2, 2, 1, 1, 1, 0, 1, 2, 0, 1, 2, 3, 1, 2, 1, 2, 1, 0, 2, 1, 1, 1, 0, 1, 1, 2, 1, 1, 2, 2, 1, 2, 1, 1, 1, 1, 1, 2, 3, 0, 1, 3, 3, 1, 2, 2, 0, 0, 1, 2, 2, 2, 0, 0, 1, 0, 1, 2, 1, 2, 1, 1, 2, 2, 2, 0, 1, 2, 3, 1, 2, 1, 2, 3, 1, 1, 2, 1, 2, 1, 1, 0, 3, 0, 3, 0, 0, 1, 1, 1], [1, 2, 1, 1, 1, 0, 1, 1, 1, 1, 1, 1, 0, 0, 1, 1, 1, 1, 1, 1, 0, 1, 0, 1, 1, 1, 2, 0, 1, 1, 1, 2, 1, 1, 0, 2, 0, 1, 0, 1, 1, 2, 1, 1, 0, 1, 1, 1, 1, 1, 1, 0, 0, 2, 1, 0, 1, 1, 2, 0, 1, 1, 1, 0, 1, 2, 1, 1, 1, 1, 2, 1, 1, 2, 1, 1, 0, 1, 1, 1, 0, 1, 1, 1, 1, 1, 0, 1, 0, 1, 0, 1, 1, 2, 1, 0, 1, 1, 1, 1, 1, 2, 1, 2, 1, 2, 2, 1, 1, 1, 1, 2, 1, 1, 1, 1, 1, 1, 1, 1, 1, 1], [0, 1, 1, 1, 2, 1, 2, 0, 1, 1, 1, 0, 0, 1, 1, 2, 1, 2, 0, 2, 1, 0, 0, 2, 1, 1, 1, 0, 2, 1, 1, 2, 2, 2, 1, 1, 1, 0, 1, 2, 0, 1, 1, 2, 0, 1, 1, 2, 1, 0, 2, 0, 0, 1, 0, 0, 1, 2, 1, 1, 2, 2, 1, 1, 1, 1, 1, 1, 1, 1, 2, 0, 1, 2, 2, 1, 1, 2, 0, 0, 1, 2, 2, 2, 0, 0, 1, 0, 1, 2, 0, 2, 1, 1, 2, 2, 1, 0, 1, 1, 2, 1, 2, 1, 2, 2, 1, 1, 2, 1, 2, 1, 1, 0, 2, 0, 2, 0, 0, 1, 1, 1], [1, 1, 1, 1, 1, 0, 1, 0, 1, 1, 1, 1, 0, 0, 1, 1, 1, 1, 1, 1, 0, 1, 0, 1, 1, 1, 1, 0, 1, 1, 1, 2, 1, 1, 0, 2, 1, 1, 1, 1, 1, 1, 1, 1, 0, 1, 1, 1, 1, 0, 1, 0, 0, 1, 1, 0, 1, 1, 1, 0, 1, 1, 1, 0, 1, 1, 1, 1, 1, 1, 1, 0, 1, 1, 1, 1, 0, 1, 1, 1, 0, 1, 1, 1, 1, 1, 0, 1, 0, 1, 0, 1, 1, 2, 1, 1, 1, 0, 1, 1, 1, 1, 1, 1, 1, 2, 1, 1, 1, 1, 1, 2, 1, 1, 1, 1, 1, 1, 1, 0, 1, 1], [3, 2, 3, 3, 1, 1, 2, 2, 1, 0, 1, 2, 1, 1, 1, 0, 3, 2, 2, 1, 1, 2, 1, 0, 2, 3, 2, 1, 1, 3, 3, 0, 2, 0, 2, 2, 2, 2, 2, 2, 2, 2, 0, 0, 1, 1, 1, 2, 1, 2, 1, 1, 1, 2, 2, 1, 1, 1, 2, 1, 0, 2, 2, 1, 2, 2, 1, 3, 2, 0, 0, 2, 3, 0, 0, 1, 1, 0, 2, 2, 2, 0, 2, 1, 2, 2, 1, 2, 1, 0, 1, 0, 2, 2, 2, 1, 0, 2, 0, 0, 2, 2, 1, 2, 0, 0, 2, 1, 0, 3, 0, 2, 2, 2, 2, 2, 0, 2, 2, 0, 2, 1], [1, 1, 1, 1, 1, 0, 1, 0, 1, 1, 1, 1, 0, 1, 1, 2, 1, 1, 1, 1, 1, 0, 0, 2, 1, 1, 1, 0, 1, 1, 1, 2, 1, 1, 0, 1, 1, 1, 0, 1, 0, 1, 1, 2, 0, 1, 1, 2, 1, 0, 1, 0, 0, 1, 0, 0, 1, 1, 1, 0, 1, 1, 1, 1, 1, 1, 1, 1, 1, 1, 2, 0, 1, 2, 2, 1, 1, 1, 0, 1, 0, 2, 1, 1, 0, 1, 0, 0, 0, 1, 0, 1, 1, 1, 1, 1, 1, 0, 1, 1, 2, 1, 1, 1, 1, 2, 1, 1, 2, 1, 1, 1, 1, 1, 2, 0, 2, 1, 0, 1, 1, 1], [3, 2, 3, 3, 1, 1, 2, 2, 1, 0, 1, 2, 1, 1, 0, 0, 3, 2, 2, 1, 1, 2, 1, 0, 2, 2, 2, 1, 1, 3, 2, 0, 1, 0, 2, 2, 2, 2, 2, 2, 2, 2, 0, 0, 1, 0, 1, 2, 1, 2, 0, 1, 1, 2, 2, 1, 1, 0, 2, 1, 0, 2, 2, 0, 2, 2, 1, 3, 2, 0, 0, 1, 2, 0, 0, 1, 1, 0, 2, 2, 2, 0, 2, 1, 2, 2, 1, 2, 1, 0, 1, 0, 2, 2, 2, 1, 0, 2, 1, 0, 2, 2, 0, 2, 0, 0, 2, 1, 0, 3, 0, 2, 2, 2, 2, 2, 0, 2, 2, 0, 2, 1], [1, 2, 1, 0, 1, 1, 1, 1, 2, 2, 2, 2, 1, 1, 2, 2, 1, 1, 2, 1, 1, 1, 1, 2, 0, 1, 3, 1, 1, 1, 0, 3, 1, 2, 0, 3, 0, 2, 0, 0, 1, 2, 2, 2, 1, 1, 2, 1, 2, 1, 1, 1, 1, 3, 1, 1, 2, 2, 2, 1, 2, 1, 0, 1, 0, 2, 2, 1, 2, 2, 2, 1, 1, 2, 2, 2, 1, 2, 2, 2, 0, 2, 0, 1, 1, 1, 1, 1, 1, 2, 1, 2, 0, 3, 1, 1, 2, 1, 2, 2, 1, 2, 2, 2, 2, 3, 2, 2, 2, 0, 2, 3, 0, 1, 1, 1, 2, 2, 1, 2, 2, 2], [2, 1, 2, 2, 3, 2, 3, 1, 1, 1, 1, 1, 2, 2, 1, 2, 2, 3, 1, 3, 2, 1, 1, 2, 2, 2, 0, 1, 3, 2, 3, 2, 3, 2, 2, 0, 3, 1, 2, 3, 1, 0, 1, 2, 2, 2, 1, 3, 1, 1, 2, 1, 1, 0, 1, 1, 1, 2, 0, 2, 2, 3, 3, 2, 3, 0, 0, 2, 0, 1, 2, 1, 2, 2, 2, 1, 2, 2, 1, 1, 2, 2, 3, 3, 1, 1, 2, 1, 2, 2, 1, 2, 3, 0, 3, 2, 1, 1, 1, 1, 3, 0, 2, 0, 1, 2, 0, 0, 2, 3, 2, 0, 3, 1, 4, 1, 2, 1, 1, 1, 0, 0], [3, 3, 2, 2, 0, 1, 0, 2, 2, 2, 2, 2, 1, 0, 2, 2, 2, 0, 2, 0, 0, 2, 1, 1, 1, 2, 3, 1, 0, 2, 1, 2, 0, 2, 1, 3, 1, 2, 1, 0, 2, 3, 2, 1, 1, 1, 2, 0, 2, 2, 1, 1, 1, 3, 2, 1, 2, 1, 3, 1, 2, 0, 1, 1, 1, 3, 2, 2, 3, 2, 2, 2, 2, 2, 2, 2, 0, 2, 2, 2, 1, 2, 0, 0, 2, 2, 1, 2, 1, 2, 1, 2, 1, 3, 0, 0, 2, 2, 2, 2, 0, 3, 1, 3, 2, 2, 3, 3, 2, 2, 2, 3, 1, 2, 0, 2, 2, 2, 2, 2, 3, 3], [2, 2, 2, 2, 0, 0, 1, 1, 1, 1, 1, 2, 1, 0, 1, 1, 2, 0, 2, 0, 0, 2, 1, 1, 1, 2, 2, 1, 0, 2, 1, 1, 0, 1, 1, 2, 1, 2, 1, 1, 2, 2, 1, 0, 1, 0, 1, 1, 1, 1, 0, 1, 1, 2, 2, 1, 1, 0, 2, 1, 1, 1, 1, 0, 1, 2, 1, 2, 2, 1, 1, 1, 2, 1, 1, 1, 0, 1, 2, 2, 1, 1, 1, 0, 2, 2, 0, 2, 1, 1, 1, 1, 1, 2, 0, 0, 1, 1, 1, 1, 0, 2, 0, 2, 1, 1, 2, 2, 1, 2, 1, 2, 1, 2, 1, 2, 1, 2, 2, 1, 2, 2], [2, 2, 2, 2, 1, 1, 2, 1, 0, 0, 0, 1, 1, 1, 0, 0, 2, 2, 2, 1, 1, 1, 1, 1, 2, 2, 1, 1, 1, 3, 2, 1, 2, 0, 2, 1, 2, 1, 2, 2, 1, 1, 0, 1, 1, 1, 0, 2, 0, 1, 1, 0, 1, 1, 1, 1, 0, 1, 1, 1, 0, 2, 2, 1, 2, 1, 0, 2, 1, 0, 1, 1, 2, 1, 1, 0, 1, 0, 1, 2, 2, 1, 2, 1, 1, 2, 1, 1, 1, 0, 1, 0, 2, 1, 2, 1, 0, 1, 0, 0, 2, 1, 1, 1, 0, 1, 1, 1, 0, 2, 0, 1, 2, 2, 2, 1, 1, 1, 1, 0, 1, 1], [0, 1, 1, 1, 2, 1, 2, 0, 1, 1, 1, 0, 0, 1, 1, 2, 0, 2, 0, 2, 1, 0, 0, 2, 1, 0, 1, 0, 2, 1, 1, 2, 2, 2, 1, 1, 1, 0, 1, 2, 0, 1, 1, 2, 0, 1, 1, 2, 1, 0, 2, 0, 0, 1, 0, 0, 1, 2, 1, 0, 2, 2, 1, 1, 1, 1, 1, 1, 1, 1, 2, 0, 0, 2, 2, 1, 1, 2, 0, 0, 1, 2, 2, 2, 0, 0, 1, 0, 0, 2, 0, 2, 1, 1, 2, 1, 1, 0, 1, 1, 2, 1, 2, 1, 2, 2, 1, 1, 2, 1, 2, 1, 1, 0, 2, 0, 2, 0, 0, 1, 1, 1], [2, 1, 2, 2, 2, 1, 2, 1, 0, 0, 0, 1, 1, 1, 0, 1, 2, 2, 1, 1, 1, 1, 0, 1, 2, 2, 1, 1, 1, 3, 2, 1, 2, 1, 2, 1, 2, 1, 2, 2, 1, 1, 0, 1, 1, 1, 0, 3, 0, 1, 1, 0, 1, 1, 1, 1, 0, 1, 1, 1, 1, 2, 2, 1, 2, 1, 0, 2, 1, 0, 1, 1, 2, 1, 1, 0, 1, 0, 1, 1, 2, 1, 2, 1, 1, 1, 1, 1, 1, 0, 1, 1, 2, 1, 2, 1, 0, 1, 0, 0, 2, 1, 1, 1, 0, 1, 1, 0, 1, 2, 1, 1, 2, 1, 3, 1, 1, 1, 1, 0, 1, 0], [2, 2, 2, 2, 2, 1, 2, 1, 0, 0, 0, 1, 1, 1, 0, 0, 2, 2, 2, 1, 1, 1, 1, 1, 2, 2, 1, 1, 1, 3, 2, 1, 2, 0, 2, 1, 2, 1, 2, 2, 1, 1, 0, 1, 1, 1, 0, 2, 0, 1, 1, 0, 1, 1, 1, 1, 0, 1, 1, 1, 1, 2, 2, 1, 2, 1, 0, 3, 1, 0, 1, 1, 2, 1, 1, 0, 1, 0, 1, 2, 2, 1, 2, 1, 1, 2, 1, 1, 1, 0, 1, 0, 2, 1, 2, 1, 0, 1, 0, 0, 2, 1, 1, 1, 0, 1, 1, 1, 0, 2, 0, 1, 2, 2, 3, 1, 1, 1, 1, 0, 1, 1], [3, 3, 2, 2, 0, 1, 0, 2, 2, 2, 2, 3, 1, 0, 2, 2, 3, 0, 3, 0, 0, 2, 2, 1, 1, 2, 3, 1, 0, 2, 1, 2, 0, 2, 1, 3, 1, 3, 1, 0, 2, 3, 2, 1, 1, 1, 2, 0, 2, 2, 1, 2, 1, 3, 2, 1, 2, 1, 3, 1, 2, 0, 1, 1, 1, 3, 2, 2, 3, 2, 2, 2, 2, 2, 2, 2, 1, 2, 2, 3, 1, 2, 0, 0, 2, 3, 1, 2, 1, 2, 2, 2, 1, 3, 0, 0, 2, 2, 2, 2, 0, 3, 1, 3, 2, 2, 3, 3, 2, 2, 2, 3, 1, 2, 0, 2, 2, 3, 2, 2, 3, 3], [1, 0, 2, 2, 3, 2, 3, 1, 1, 1, 1, 0, 1, 2, 1, 2, 1, 3, 1, 3, 2, 1, 1, 3, 2, 2, 0, 1, 3, 2, 2, 2, 3, 2, 2, 0, 2, 0, 2, 3, 0, 0, 1, 2, 1, 2, 1, 3, 1, 1, 2, 1, 1, 0, 1, 1, 1, 2, 0, 2, 2, 3, 2, 2, 2, 0, 1, 2, 0, 1, 2, 1, 2, 2, 2, 1, 2, 2, 0, 1, 2, 2, 3, 3, 1, 1, 2, 1, 1, 2, 1, 2, 2, 0, 3, 2, 1, 1, 1, 1, 3, 0, 2, 0, 1, 2, 0, 0, 2, 2, 2, 0, 2, 1, 3, 0, 2, 0, 0, 1, 0, 0], [3, 2, 2, 2, 0, 0, 1, 2, 1, 1, 1, 2, 1, 0, 1, 1, 2, 1, 2, 0, 0, 2, 1, 0, 2, 2, 2, 1, 0, 3, 2, 1, 1, 0, 1, 2, 1, 2, 1, 1, 2, 2, 1, 0, 1, 0, 1, 1, 1, 2, 0, 1, 1, 2, 2, 1, 1, 0, 2, 1, 0, 1, 2, 0, 2, 2, 1, 2, 2, 1, 0, 2, 2, 1, 0, 1, 0, 0, 2, 2, 1, 0, 1, 0, 2, 2, 1, 2, 1, 1, 1, 0, 2, 2, 1, 0, 1, 2, 1, 1, 1, 2, 0, 2, 1, 1, 2, 2, 0, 2, 0, 2, 2, 2, 1, 2, 0, 2, 2, 1, 2, 2], [1, 0, 2, 2, 3, 2, 3, 1, 1, 1, 1, 0, 1, 2, 1, 2, 2, 3, 1, 3, 2, 1, 1, 3, 2, 2, 0, 1, 3, 2, 2, 3, 3, 2, 2, 0, 2, 0, 2, 3, 0, 0, 1, 3, 1, 2, 1, 3, 1, 1, 2, 1, 1, 0, 1, 1, 1, 2, 0, 2, 2, 3, 2, 2, 2, 0, 1, 2, 0, 1, 2, 1, 2, 2, 2, 1, 2, 2, 0, 1, 2, 2, 3, 3, 1, 1, 2, 1, 1, 2, 1, 2, 2, 0, 3, 2, 1, 1, 1, 1, 3, 0, 2, 0, 1, 2, 0, 0, 2, 2, 2, 0, 2, 1, 3, 1, 2, 0, 1, 1, 0, 0], [2, 2, 3, 3, 2, 1, 2, 1, 0, 0, 0, 1, 1, 1, 0, 0, 3, 2, 2, 1, 1, 2, 1, 1, 2, 2, 1, 1, 1, 3, 2, 1, 2, 0, 2, 1, 2, 2, 2, 2, 1, 1, 0, 1, 1, 1, 0, 3, 0, 1, 1, 1, 1, 1, 2, 1, 0, 1, 1, 1, 1, 2, 2, 1, 2, 1, 0, 3, 1, 0, 1, 1, 3, 1, 1, 0, 1, 0, 1, 2, 2, 0, 2, 1, 2, 2, 1, 2, 1, 0, 1, 0, 2, 1, 2, 1, 0, 2, 0, 0, 2, 1, 1, 1, 0, 1, 1, 1, 0, 3, 0, 1, 3, 2, 3, 1, 1, 2, 2, 0, 1, 1], [3, 3, 3, 3, 1, 1, 2, 2, 1, 1, 1, 2, 2, 1, 1, 0, 3, 2, 3, 1, 1, 3, 1, 0, 3, 3, 2, 2, 1, 4, 3, 0, 2, 0, 2, 2, 3, 2, 3, 2, 2, 2, 1, 0, 2, 1, 1, 3, 1, 2, 1, 1, 1, 2, 3, 2, 1, 1, 2, 2, 0, 2, 3, 1, 3, 2, 1, 3, 2, 1, 0, 2, 3, 0, 0, 1, 1, 0, 2, 3, 2, 0, 2, 1, 3, 3, 2, 2, 2, 0, 2, 0, 3, 2, 2, 1, 1, 2, 1, 1, 2, 2, 1, 2, 1, 0, 2, 2, 0, 3, 0, 2, 3, 3, 2, 2, 0, 2, 2, 1, 2, 2], [2, 0, 2, 2, 3, 1, 3, 1, 0, 1, 1, 0, 1, 2, 1, 2, 2, 3, 1, 2, 2, 1, 1, 2, 2, 2, 0, 1, 2, 2, 2, 2, 3, 2, 2, 0, 2, 1, 2, 3, 1, 0, 1, 2, 1, 2, 1, 3, 0, 1, 2, 1, 1, 0, 1, 1, 0, 2, 0, 2, 2, 3, 2, 2, 2, 0, 0, 2, 0, 1, 2, 1, 2, 2, 2, 0, 2, 2, 1, 1, 2, 2, 3, 2, 1, 1, 2, 1, 1, 2, 1, 2, 2, 0, 3, 2, 1, 1, 1, 1, 3, 0, 2, 0, 1, 2, 0, 0, 2, 2, 2, 0, 3, 1, 3, 1, 2, 1, 1, 1, 0, 0], [2, 1, 2, 2, 2, 1, 3, 1, 0, 1, 0, 0, 1, 2, 1, 2, 2, 3, 1, 2, 2, 1, 1, 2, 2, 2, 0, 1, 2, 2, 2, 2, 3, 1, 2, 0, 2, 1, 2, 3, 1, 0, 1, 2, 1, 2, 0, 3, 0, 1, 2, 1, 1, 0, 1, 1, 0, 2, 0, 1, 2, 3, 2, 2, 2, 0, 0, 2, 0, 1, 2, 1, 2, 2, 2, 0, 2, 1, 0, 1, 2, 2, 3, 2, 1, 1, 1, 1, 1, 1, 1, 1, 2, 0, 3, 2, 1, 1, 0, 1, 3, 0, 2, 0, 1, 2, 0, 0, 2, 2, 1, 0, 2, 1, 3, 1, 2, 1, 1, 1, 0, 0], [3, 2, 3, 3, 1, 1, 2, 2, 1, 0, 1, 2, 1, 1, 1, 0, 3, 2, 2, 1, 1, 2, 1, 0, 2, 3, 2, 2, 1, 3, 3, 0, 2, 0, 2, 2, 2, 2, 2, 2, 2, 2, 0, 0, 1, 0, 1, 2, 1, 2, 1, 1, 1, 2, 2, 1, 1, 1, 2, 1, 0, 2, 2, 1, 2, 2, 1, 3, 2, 0, 0, 2, 3, 0, 0, 1, 1, 0, 2, 2, 2, 0, 2, 1, 2, 2, 1, 2, 1, 0, 2, 0, 2, 2, 2, 1, 0, 2, 1, 0, 2, 2, 0, 2, 0, 0, 2, 2, 0, 3, 0, 2, 2, 2, 2, 2, 0, 2, 2, 1, 2, 2], [1, 2, 0, 0, 2, 2, 1, 1, 2, 2, 2, 1, 1, 2, 2, 3, 0, 2, 1, 2, 2, 1, 1, 3, 0, 0, 2, 1, 2, 0, 0, 3, 2, 3, 0, 2, 0, 1, 0, 1, 1, 2, 3, 3, 1, 2, 2, 1, 2, 1, 2, 1, 1, 3, 1, 1, 2, 2, 2, 1, 3, 2, 0, 2, 0, 2, 2, 0, 2, 2, 3, 1, 0, 3, 3, 3, 2, 3, 1, 1, 1, 3, 1, 2, 1, 1, 1, 1, 1, 3, 1, 3, 0, 3, 2, 2, 2, 1, 2, 2, 2, 2, 2, 2, 3, 3, 2, 2, 3, 0, 3, 3, 0, 1, 2, 1, 3, 1, 1, 2, 2, 2], [3, 2, 3, 3, 1, 1, 2, 2, 1, 0, 1, 2, 1, 1, 0, 0, 3, 2, 2, 1, 1, 2, 1, 0, 2, 2, 2, 1, 1, 3, 2, 0, 1, 0, 2, 2, 2, 2, 2, 2, 2, 2, 0, 0, 1, 0, 1, 2, 1, 2, 0, 1, 1, 2, 2, 1, 1, 0, 2, 1, 0, 2, 2, 0, 2, 2, 1, 3, 2, 0, 0, 1, 2, 0, 0, 1, 1, 0, 2, 2, 2, 0, 2, 1, 2, 2, 1, 2, 1, 0, 1, 0, 2, 2, 2, 1, 0, 2, 1, 0, 2, 2, 0, 2, 0, 0, 2, 1, 0, 3, 0, 2, 2, 2, 2, 2, 0, 2, 2, 0, 2, 1], [2, 0, 2, 2, 3, 2, 3, 1, 1, 1, 1, 1, 2, 2, 1, 2, 2, 3, 1, 3, 2, 1, 1, 3, 2, 2, 0, 2, 3, 2, 3, 3, 3, 2, 2, 0, 3, 1, 2, 3, 1, 0, 1, 3, 2, 2, 1, 3, 1, 1, 2, 1, 1, 0, 1, 1, 1, 3, 0, 2, 2, 3, 3, 2, 3, 0, 1, 2, 0, 1, 2, 1, 2, 2, 2, 1, 2, 2, 1, 1, 2, 2, 3, 3, 1, 1, 2, 1, 2, 2, 1, 2, 3, 0, 3, 2, 1, 1, 1, 1, 3, 0, 2, 0, 1, 2, 0, 0, 2, 3, 2, 0, 3, 1, 4, 1, 2, 1, 1, 1, 0, 0], [1, 2, 1, 0, 1, 1, 1, 1, 2, 2, 2, 2, 1, 1, 2, 2, 1, 1, 2, 1, 1, 1, 1, 2, 0, 1, 3, 1, 1, 1, 0, 3, 1, 2, 0, 3, 0, 2, 0, 0, 2, 3, 2, 2, 1, 2, 2, 1, 2, 1, 1, 1, 1, 3, 1, 1, 2, 2, 2, 1, 2, 1, 0, 1, 0, 2, 2, 0, 2, 2, 3, 1, 1, 3, 2, 2, 1, 2, 2, 2, 0, 2, 0, 1, 1, 1, 1, 1, 1, 2, 1, 2, 0, 3, 1, 1, 2, 1, 2, 2, 1, 2, 2, 2, 3, 3, 3, 2, 2, 0, 2, 3, 0, 1, 1, 1, 3, 2, 1, 2, 2, 2], [0, 0, 1, 1, 2, 1, 2, 0, 1, 2, 1, 0, 1, 2, 1, 2, 0, 2, 0, 2, 2, 0, 1, 3, 1, 0, 1, 1, 2, 1, 1, 3, 2, 2, 1, 1, 1, 0, 1, 2, 0, 1, 2, 3, 1, 2, 2, 2, 1, 0, 2, 1, 1, 1, 0, 1, 1, 2, 1, 1, 2, 2, 1, 2, 1, 1, 1, 1, 1, 2, 3, 0, 0, 3, 3, 2, 2, 2, 0, 0, 1, 2, 2, 2, 0, 0, 1, 0, 1, 2, 1, 2, 1, 1, 2, 2, 2, 0, 1, 2, 2, 1, 2, 1, 2, 3, 1, 1, 2, 1, 2, 1, 1, 0, 3, 0, 3, 0, 0, 1, 1, 1], [3, 3, 2, 2, 1, 1, 0, 2, 3, 2, 2, 3, 1, 1, 2, 2, 3, 0, 3, 1, 1, 3, 2, 2, 1, 2, 3, 2, 1, 2, 1, 2, 0, 2, 1, 4, 1, 3, 1, 0, 3, 3, 3, 2, 2, 1, 3, 0, 3, 2, 1, 2, 2, 3, 2, 2, 3, 1, 3, 1, 2, 0, 1, 1, 1, 3, 3, 2, 3, 2, 2, 2, 2, 2, 2, 3, 1, 2, 3, 3, 1, 2, 0, 1, 2, 3, 1, 2, 1, 2, 2, 2, 1, 4, 0, 1, 2, 2, 3, 3, 0, 3, 1, 3, 3, 2, 3, 3, 2, 2, 2, 4, 1, 3, 0, 3, 2, 3, 3, 2, 3, 3], [1, 0, 1, 1, 2, 1, 2, 0, 1, 1, 1, 0, 1, 2, 1, 2, 1, 2, 0, 2, 2, 0, 0, 2, 1, 1, 1, 0, 2, 1, 1, 2, 2, 2, 1, 1, 1, 0, 1, 2, 0, 1, 1, 2, 1, 2, 1, 2, 1, 0, 2, 0, 1, 1, 0, 0, 1, 2, 1, 1, 2, 2, 1, 1, 1, 0, 1, 1, 0, 1, 2, 0, 1, 2, 2, 1, 2, 2, 0, 0, 1, 2, 2, 2, 0, 0, 1, 0, 1, 2, 0, 2, 1, 1, 2, 2, 1, 0, 1, 1, 2, 0, 2, 1, 1, 2, 1, 1, 2, 1, 2, 1, 1, 0, 3, 0, 2, 0, 0, 1, 1, 1], [3, 3, 3, 3, 1, 1, 2, 2, 1, 1, 1, 2, 1, 1, 1, 0, 3, 2, 3, 1, 1, 2, 1, 0, 3, 3, 2, 2, 1, 3, 3, 0, 2, 0, 2, 2, 2, 2, 2, 2, 2, 2, 1, 0, 1, 1, 1, 2, 1, 2, 1, 1, 1, 2, 2, 1, 1, 1, 2, 2, 0, 2, 3, 1, 2, 2, 1, 3, 2, 1, 0, 2, 3, 0, 0, 1, 1, 0, 2, 3, 2, 0, 2, 1, 2, 3, 1, 2, 1, 0, 2, 0, 2, 2, 2, 1, 1, 2, 1, 1, 2, 2, 0, 2, 1, 0, 2, 2, 0, 3, 0, 2, 3, 3, 2, 2, 0, 2, 2, 1, 2, 2], [1, 0, 1, 1, 2, 1, 2, 0, 1, 1, 1, 0, 1, 2, 1, 2, 1, 2, 0, 2, 2, 0, 1, 2, 1, 1, 1, 1, 2, 1, 1, 2, 2, 2, 1, 1, 2, 0, 1, 2, 0, 0, 1, 2, 1, 2, 1, 3, 1, 0, 2, 1, 1, 1, 0, 1, 1, 2, 1, 1, 2, 2, 2, 2, 1, 0, 1, 1, 0, 1, 2, 0, 1, 2, 2, 1, 2, 2, 0, 0, 1, 2, 2, 2, 0, 0, 1, 0, 1, 2, 1, 2, 2, 1, 2, 2, 1, 0, 1, 1, 3, 0, 2, 0, 2, 2, 1, 1, 2, 1, 2, 1, 2, 0, 3, 0, 2, 0, 0, 1, 0, 1], [0, 0, 1, 1, 2, 1, 2, 0, 1, 1, 1, 0, 1, 2, 1, 2, 1, 2, 0, 2, 2, 0, 1, 2, 1, 1, 1, 1, 2, 1, 1, 3, 2, 2, 1, 1, 1, 0, 1, 2, 0, 1, 1, 2, 1, 2, 1, 2, 1, 0, 2, 1, 1, 1, 0, 1, 1, 2, 1, 1, 2, 2, 1, 2, 1, 0, 1, 1, 0, 1, 2, 0, 1, 2, 2, 1, 2, 2, 0, 0, 1, 2, 2, 2, 0, 0, 1, 0, 1, 2, 0, 2, 1, 1, 2, 2, 1, 0, 1, 1, 2, 0, 2, 1, 2, 2, 1, 1, 2, 1, 2, 1, 1, 0, 3, 0, 2, 0, 0, 1, 1, 1], [2, 1, 2, 2, 1, 0, 2, 1, 0, 0, 0, 1, 1, 1, 0, 1, 2, 2, 1, 1, 1, 1, 0, 1, 2, 2, 1, 1, 1, 2, 2, 1, 2, 0, 1, 1, 2, 1, 1, 2, 1, 1, 0, 1, 1, 0, 0, 2, 0, 1, 1, 0, 0, 1, 1, 0, 0, 1, 1, 1, 1, 2, 2, 0, 2, 1, 0, 2, 1, 0, 1, 1, 2, 1, 1, 0, 1, 0, 1, 1, 1, 1, 2, 1, 1, 1, 1, 1, 0, 0, 1, 0, 2, 1, 2, 1, 0, 1, 0, 0, 2, 1, 1, 1, 0, 1, 1, 1, 1, 2, 0, 1, 2, 1, 2, 1, 1, 1, 1, 0, 1, 1], [1, 0, 2, 2, 2, 1, 3, 1, 0, 1, 1, 0, 1, 2, 1, 2, 2, 3, 1, 2, 2, 1, 1, 2, 2, 2, 0, 1, 2, 2, 2, 2, 3, 2, 2, 0, 2, 1, 2, 3, 0, 0, 1, 2, 1, 2, 1, 3, 0, 1, 2, 1, 1, 0, 1, 1, 0, 2, 0, 1, 2, 3, 2, 2, 2, 0, 0, 2, 0, 1, 2, 1, 2, 2, 2, 0, 2, 2, 0, 1, 2, 2, 3, 2, 1, 1, 1, 1, 1, 2, 1, 2, 2, 0, 3, 2, 1, 1, 1, 1, 3, 0, 2, 0, 1, 2, 0, 0, 2, 2, 2, 0, 2, 1, 3, 1, 2, 0, 1, 1, 0, 0], [2, 1, 2, 2, 2, 1, 3, 1, 0, 1, 0, 1, 1, 2, 0, 1, 2, 3, 1, 2, 2, 1, 1, 2, 2, 2, 0, 1, 2, 2, 2, 2, 3, 1, 2, 0, 2, 1, 2, 3, 1, 0, 1, 2, 1, 2, 0, 3, 0, 1, 2, 1, 1, 0, 1, 1, 0, 2, 0, 1, 2, 3, 2, 2, 2, 0, 0, 2, 0, 1, 2, 1, 2, 2, 2, 0, 2, 1, 1, 1, 2, 2, 3, 2, 1, 1, 1, 1, 1, 1, 1, 1, 2, 0, 3, 2, 1, 1, 0, 1, 3, 0, 2, 0, 1, 2, 0, 0, 2, 2, 1, 0, 2, 1, 3, 1, 2, 1, 1, 1, 0, 0]]
