90 7143.940000000001 0 1680 28 60
[55.17, 59.13, 9.7, 80.75, 59.72, 90.21, 41.99, 17.34, 9.4, 57.39, 75.17, 78.44, 46.93, 51.39, 91.51, 41.27, 87.96, 19.19, 17.64, 44.11, 58.96, 86.53, 85.14, 13.64, 86.78, 74.17, 74.2, 13.35, 51.32, 80.21, 26.03, 56.79, 50.7, 54.01, 41.4, 51.68, 92.14, 74.2, 25.55, 82.77, 10.92, 53.31, 10.93, 82.59, 56.55, 57.16, 52.32, 41.62, 84.71, 86.07, 77.48, 84.35, 89.68, 74.86, 90.97, 9.19, 88.73, 86.2, 49.83, 83.14, 56.76, 44.64, 13.91, 16.62, 20.43, 16.11, 51.34, 12.4, 11.0, 8.94, 93.11, 8.48, 22.65, 90.31, 86.43, 92.37, 42.04, 90.77, 7.93, 44.72, 56.11, 46.32, 88.5, 51.89, 55.34, 46.51, 16.43, 21.86, 44.57, 19.5]
[42.21, 18.61, 81.37, 45.35, 42.49, 76.54, 47.92, 40.83, 41.01, 77.31, 25.73, 80.95, 40.71, 43.16, 58.09, 53.21, 82.85, 41.31, 19.87, 89.92, 21.12, 20.19, 7.73, 46.08, 77.64, 57.73, 42.25, 9.04, 51.42, 89.93, 54.31, 83.35, 89.94, 86.49, 87.17, 13.66, 55.09, 23.1, 16.98, 26.64, 13.61, 84.49, 24.49, 58.35, 81.83, 15.5, 10.02, 44.3, 88.38, 17.74, 51.39, 89.61, 47.22, 55.46, 43.03, 21.58, 6.95, 58.36, 7.72, 84.83, 79.24, 24.32, 49.63, 11.54, 50.91, 8.54, 18.72, 40.85, 41.35, 77.25, 57.5, 77.87, 45.94, 23.26, 54.39, 10.94, 49.12, 77.93, 53.22, 25.86, 81.09, 17.44, 12.98, 82.99, 11.24, 47.65, 79.92, 43.48, 56.03, 10.73]
[5, 2, 7, 6, 5, 9, 5, 4, 4, 8, 3, 9, 5, 5, 6, 5, 9, 4, 1, 8, 2, 3, 3, 4, 9, 6, 6, 1, 5, 9, 4, 8, 8, 8, 8, 2, 6, 3, 1, 3, 1, 8, 1, 6, 8, 2, 2, 5, 9, 3, 6, 9, 6, 6, 6, 1, 3, 6, 2, 9, 8, 2, 4, 1, 4, 1, 2, 4, 4, 7, 6, 7, 4, 3, 6, 3, 5, 9, 4, 2, 8, 2, 3, 8, 2, 5, 7, 4, 5, 1]
[1, 2, 3, 4, 5, 6, 7, 8, 9, 10, 11, 12, 13, 14, 15, 16, 17, 18, 19, 20, 21, 22, 23, 24, 25, 26, 27, 28, 29, 30, 31, 32, 33, 34, 35, 36, 37, 38, 39, 40, 41, 42, 43, 44, 45, 46, 47, 48, 49, 50, 51, 52, 53, 54, 55, 56, 57, 58, 59, 60, 61, 62, 63, 64, 65, 66, 67, 68, 69, 70, 71, 72, 73, 74, 75, 76, 77, 78, 79, 80, 81, 82, 83, 84, 85, 86, 87, 88, 89, 90]
[1, 1, 1, 2, 1, 3, 1, 3, 3, 2, 2, 3, 1, 1, 2, 1, 3, 3, 2, 2, 1, 2, 2, 3, 3, 2, 2, 2, 1, 3, 3, 2, 2, 2, 2, 1, 2, 2, 2, 2, 2, 2, 2, 2, 2, 1, 1, 1, 3, 2, 2, 3, 2, 2, 2, 2, 2, 2, 1, 3, 2, 1, 3, 2, 3, 2, 1, 3, 3, 1, 2, 1, 3, 2, 2, 2, 1, 3, 3, 1, 2, 1, 2, 2, 1, 1, 1, 3, 1, 2]
[2, 3, 2, 3, 2, 3, 2, 1, 1, 2, 2, 3, 2, 2, 3, 2, 3, 1, 2, 2, 3, 2, 2, 1, 3, 3, 3, 2, 2, 3, 1, 2, 2, 2, 2, 3, 3, 2, 2, 2, 2, 2, 2, 3, 2, 3, 3, 2, 3, 2, 3, 3, 3, 3, 3, 2, 2, 3, 3, 3, 2, 3, 1, 2, 1, 2, 3, 1, 1, 2, 3, 2, 1, 2, 3, 2, 2, 3, 1, 3, 2, 3, 2, 2, 3, 2, 2, 1, 2, 2]
[7, 1, 3, 7, 7, 3, 4, 6, 2, 1, 3, 8, 9, 1, 4, 2, 1, 3, 7, 10, 7, 8, 4, 7, 8, 3, 8, 4, 5, 10, 4, 1, 10, 5, 1, 5, 4, 1, 10, 6, 9, 4, 3, 3, 8, 3, 5, 7, 3, 9, 1, 8, 4, 3, 10, 2, 2, 10, 7, 1, 3, 8, 7, 10, 1, 4, 4, 6, 9, 8, 4, 6, 3, 3, 1, 7, 8, 4, 1, 1, 6, 3, 2, 5, 5, 5, 8, 2, 2, 1]
[2827.15, 1946.29, 1925.42, 3401.18, 4394.27, 2282.52, 2779.91, 1463.6, 2614.13, 3245.83, 1633.17, 2868.79, 3044.22, 2021.83, 2807.57, 1897.69, 2026.9, 1724.6, 3939.22, 2034.01, 4672.91, 1663.31, 3538.02, 3066.89, 1582.61, 2439.11, 2505.64, 3269.47, 2400.44, 2512.85, 3027.34, 2123.72, 2120.93, 1837.81, 2045.86, 2393.38, 3498.45, 2759.95, 2603.98, 1285.54, 3161.68, 3460.16, 3393.25, 3724.11, 1639.14, 2948.65, 2052.02, 3130.78, 3232.3, 1891.61, 1994.89, 2365.91, 3365.26, 1902.16, 2796.84, 2750.86, 2685.54, 1924.4, 2673.6, 1787.5, 3252.33, 3622.62, 3935.02, 2663.01, 2367.15, 3364.83, 3709.95, 2330.5, 3629.61, 3601.47, 2793.73, 1698.7, 2702.89, 3698.84, 1684.26, 4594.75, 2483.17, 3591.67, 2773.07, 2746.03, 2723.68, 1584.4, 3040.56, 2690.35, 2196.13, 2715.55, 3466.62, 3282.82, 2760.83, 2827.52]
[0.13, 0.38, 0.45, 0.25, 0.2, 0.4, 0.57, 0.75, 0.39, 0.33, 0.42, 0.32, 0.59, 0.44, 0.52, 0.53, 0.35, 0.43, 0.08, 0.96, 0.31, 0.56, 0.44, 0.04, 0.43, 0.44, 0.75, 0.38, 0.96, 0.87, 0.45, 0.36, 0.93, 0.61, 0.45, 0.7, 0.61, 0.29, 0.85, 0.57, 0.42, 0.42, 0.41, 0.44, 0.44, 0.45, 0.96, 0.26, 0.46, 0.48, 0.53, 0.79, 0.33, 0.42, 0.97, 0.62, 0.52, 0.95, 0.08, 0.49, 0.41, 0.44, 0.33, 0.86, 0.37, 0.3, 0.61, 0.57, 0.48, 0.45, 0.23, 0.69, 0.43, 0.43, 0.4, 0.19, 0.45, 0.25, 0.35, 0.38, 0.73, 0.41, 0.41, 0.9, 0.81, 0.6, 0.78, 0.76, 0.71, 0.31]
[1.04, 0.55, 0.55, 0.94, 0.72, 0.51, 0.79, 1.1, 0.93, 0.8, 0.66, 0.63, 0.61, 1.07, 0.92, 0.55, 0.85, 1.04, 0.96, 1.06, 0.67, 0.95, 0.78, 0.76, 0.87, 0.67, 0.85, 0.96, 0.86, 0.73, 1.03, 0.88, 0.85, 0.52, 0.66, 0.98, 0.67, 0.78, 0.97, 1.02, 1.09, 1.04, 0.65, 1.04, 0.64, 0.67, 0.87, 0.54, 0.82, 0.69, 0.79, 0.74, 0.6, 0.81, 0.8, 0.97, 0.59, 0.65, 0.75, 0.55, 0.89, 0.96, 0.97, 0.54, 1.0, 0.65, 1.08, 0.91, 0.59, 0.74, 1.0, 0.84, 0.88, 0.77, 0.91, 0.89, 1.09, 0.93, 0.82, 0.6, 1.09, 0.78, 0.52, 0.91, 0.65, 0.64, 1.04, 0.71, 1.03, 0.57]
[0.68, 0.7, 0.77, 0.51, 0.83, 0.73, 0.82, 0.72, 0.66, 1.01, 1.04, 0.66, 1.09, 0.56, 0.52, 0.97, 0.62, 0.6, 0.85, 0.99, 0.6, 0.66, 0.53, 0.63, 0.53, 0.8, 0.78, 0.67, 0.68, 0.59, 0.68, 1.03, 1.06, 0.84, 0.65, 0.73, 1.05, 0.87, 0.66, 0.65, 1.1, 0.52, 0.88, 0.65, 0.95, 0.91, 1.01, 0.5, 0.59, 0.54, 0.57, 1.07, 0.8, 0.93, 0.84, 0.89, 0.89, 1.09, 0.63, 0.84, 0.93, 0.87, 0.7, 0.67, 1.09, 0.86, 0.83, 1.06, 0.73, 0.53, 0.68, 0.55, 0.91, 0.73, 1.08, 0.6, 0.67, 0.84, 0.7, 0.8, 0.99, 0.92, 1.0, 1.05, 0.7, 0.54, 0.65, 0.71, 0.78, 0.98]
[0.66, 0.85, 0.96, 1.07, 0.95, 0.55, 0.69, 0.79, 0.83, 0.61, 0.98, 0.79, 1.09, 0.64, 0.89, 0.93, 0.65, 0.7, 0.87, 0.75, 0.65, 0.91, 0.87, 0.7, 0.64, 0.99, 0.78, 1.03, 0.83, 0.91, 1.01, 0.69, 1.01, 1.09, 0.75, 0.97, 0.64, 0.74, 1.07, 0.87, 0.81, 0.9, 0.72, 0.57, 0.55, 1.03, 1.05, 0.6, 0.53, 0.82, 0.67, 0.61, 0.68, 0.87, 0.52, 0.59, 0.78, 0.8, 0.98, 0.91, 0.87, 0.75, 0.97, 0.66, 0.71, 0.6, 0.72, 1.01, 0.82, 0.83, 0.5, 0.81, 1.04, 0.82, 0.76, 0.63, 0.65, 0.69, 0.72, 0.68, 0.9, 0.81, 0.87, 0.74, 0.69, 0.52, 0.81, 0.7, 0.66, 1.02]
[0.86, 0.89, 0.62, 0.65, 0.96, 0.8, 0.64, 0.65, 0.54, 0.91, 0.52, 0.53, 0.99, 1.08, 0.68, 0.56, 0.79, 0.75, 0.6, 0.55, 0.8, 1.02, 0.81, 0.94, 0.56, 0.76, 0.6, 0.87, 0.68, 0.74, 0.6, 0.76, 1.09, 0.57, 0.84, 0.55, 0.66, 1.06, 0.59, 1.03, 0.83, 1.08, 0.88, 0.51, 0.74, 0.87, 0.99, 0.87, 0.7, 0.59, 0.95, 0.78, 1.0, 0.65, 0.63, 0.82, 0.58, 0.79, 0.64, 0.95, 0.87, 0.61, 0.61, 1.07, 0.87, 0.83, 1.03, 0.69, 0.72, 0.76, 0.9, 0.65, 0.79, 0.91, 0.69, 0.6, 0.72, 0.52, 0.55, 0.64, 0.71, 1.05, 0.99, 0.91, 0.61, 1.07, 0.63, 0.77, 0.72, 0.99]
[0.76, 0.5, 0.85, 0.83, 0.55, 1.04, 0.77, 0.86, 1.04, 1.09, 0.85, 0.6, 0.52, 0.77, 0.6, 0.67, 0.66, 0.79, 0.9, 1.06, 0.95, 1.03, 1.04, 0.68, 0.53, 1.07, 0.95, 0.64, 0.63, 1.06, 0.98, 1.05, 0.68, 0.55, 0.58, 1.04, 0.64, 1.06, 1.05, 0.85, 0.53, 0.95, 0.82, 0.82, 0.97, 0.76, 0.56, 0.96, 0.81, 0.83, 0.86, 0.72, 0.52, 0.79, 0.67, 0.7, 0.96, 0.67, 0.65, 1.0, 0.73, 1.02, 0.77, 0.79, 0.83, 0.73, 1.09, 0.61, 0.88, 0.89, 0.52, 0.99, 0.7, 1.08, 0.73, 0.64, 1.05, 0.51, 0.72, 1.01, 0.94, 0.83, 0.97, 0.86, 0.6, 1.06, 0.63, 0.51, 0.7, 0.96]
[0.3, 0.15, 0.21, 0.28, 0.3, 0.17, 0.22, 0.35, 0.29, 0.49, 0.3, 0.1, 0.37, 0.31, 0.17, 0.18, 0.18, 0.26, 0.38, 0.46, 0.2, 0.59, 0.3, 0.21, 0.09, 0.43, 0.29, 0.37, 0.21, 0.31, 0.42, 0.5, 0.67, 0.15, 0.16, 0.4, 0.19, 0.56, 0.42, 0.51, 0.42, 0.5, 0.3, 0.16, 0.24, 0.41, 0.51, 0.14, 0.15, 0.15, 0.25, 0.27, 0.17, 0.34, 0.15, 0.29, 0.22, 0.3, 0.19, 0.4, 0.46, 0.39, 0.31, 0.2, 0.56, 0.2, 0.74, 0.4, 0.22, 0.22, 0.16, 0.24, 0.47, 0.46, 0.38, 0.13, 0.36, 0.14, 0.16, 0.21, 0.65, 0.51, 0.43, 0.56, 0.11, 0.21, 0.22, 0.14, 0.27, 0.54]
[143.64, 172.56, 505.43, 150.4, 200.88, 681.02, 256.69, 748.14, 374.53, 270.39, 623.89, 769.63, 347.69, 164.5, 420.52, 371.63, 75.45, 533.73, 235.92, 300.92, 184.99, 1462.39, 352.41, 188.04, 1012.74, 536.79, 921.27, 170.94, 546.22, 447.41, 377.9, 223.58, 548.34, 476.87, 216.82, 549.12, 224.43, 147.07, 402.77, 840.82, 425.48, 406.92, 779.44, 781.46, 858.25, 702.52, 561.8, 133.06, 772.15, 313.18, 283.98, 1637.28, 282.62, 572.92, 449.87, 426.55, 290.82, 490.18, 151.91, 384.94, 729.63, 924.59, 156.93, 544.31, 138.34, 238.31, 305.64, 647.0, 398.72, 657.58, 288.88, 704.28, 547.73, 594.77, 215.3, 220.39, 841.85, 186.87, 155.44, 91.33, 754.82, 489.61, 334.3, 593.45, 616.89, 477.21, 1068.95, 406.88, 513.72, 294.26]
[44.34, 26.9, 112.98, 43.18, 54.79, 115.18, 53.79, 254.77, 110.61, 130.22, 194.38, 79.09, 131.34, 55.72, 73.57, 69.34, 12.9, 145.8, 91.88, 138.14, 34.74, 867.59, 106.18, 42.06, 82.17, 233.68, 274.24, 63.73, 108.77, 133.46, 160.84, 117.87, 368.7, 60.1, 35.38, 219.2, 41.41, 80.87, 165.4, 436.05, 172.49, 221.38, 228.25, 133.69, 235.76, 291.23, 282.8, 19.74, 101.08, 44.18, 69.26, 445.18, 47.54, 195.63, 63.02, 125.05, 65.99, 140.96, 30.39, 149.31, 343.98, 361.36, 52.59, 104.46, 76.8, 42.36, 236.54, 260.03, 84.87, 127.16, 42.17, 164.64, 260.54, 279.39, 85.58, 31.6, 290.48, 25.36, 26.1, 18.5, 484.07, 233.31, 141.51, 346.54, 63.83, 99.1, 239.31, 59.66, 129.19, 156.53]
[218.18, 362.81, 2027.14, 252.02, 504.42, 2905.09, 783.45, 3240.69, 1372.65, 851.93, 2619.46, 3348.14, 1238.47, 322.49, 1602.6, 1358.14, -122.75, 2168.65, 679.61, 1004.58, 424.96, 6811.94, 1262.05, 440.2, 4563.68, 2183.96, 4106.37, 354.7, 2231.08, 1737.04, 1389.5, 617.88, 2241.69, 1884.35, 584.12, 2245.61, 622.17, 235.37, 1513.86, 3704.11, 1627.38, 1534.58, 3397.2, 3407.29, 3791.25, 3012.58, 2308.98, 165.29, 3360.77, 1065.9, 919.89, 7686.42, 913.11, 2364.58, 1749.33, 1632.75, 954.08, 1950.88, 259.54, 1424.68, 3148.16, 4122.93, 284.65, 2221.55, 191.69, 691.53, 1028.22, 2734.98, 1493.6, 2787.89, 944.38, 3021.4, 2238.66, 2473.85, 576.52, 601.97, 3709.24, 434.36, 277.2, -43.36, 3274.1, 1948.03, 1171.48, 2467.25, 2584.47, 1886.05, 4844.75, 1534.41, 2068.58, 971.32]
[-278.31, -365.52, 64.92, -284.11, -226.03, 75.92, -231.05, 773.86, 53.06, 151.11, 471.91, -104.56, 156.7, -221.39, -132.14, -153.32, -435.49, 229.0, -40.61, 190.69, -326.31, 3837.96, 30.91, -289.71, -89.17, 668.41, 871.22, -181.33, 43.86, 167.28, 304.2, 89.35, 1343.48, -199.49, -323.1, 596.01, -292.96, -95.65, 327.0, 1680.24, 362.44, 606.89, 641.23, 168.46, 678.78, 956.13, 913.99, -401.3, 5.42, -279.12, -153.71, 1725.9, -262.31, 478.15, -184.89, 125.27, -170.05, 204.82, -348.03, 246.55, 1219.92, 1306.79, -237.03, 22.31, -115.99, -288.22, 682.7, 800.15, -75.63, 135.81, -289.14, 323.18, 802.7, 896.93, -72.08, -342.01, 952.39, -373.22, -369.49, -407.51, 1920.35, 666.55, 207.53, 1232.72, -180.85, -4.48, 696.56, -201.71, 145.95, 282.65]
[56.54, 38.93, 38.51, 102.04, 87.89, 91.3, 55.6, 58.54, 104.57, 97.37, 49.0, 114.75, 60.88, 40.44, 84.23, 37.95, 81.08, 68.98, 118.18, 61.02, 93.46, 49.9, 106.14, 122.68, 63.3, 73.17, 75.17, 98.08, 48.01, 100.51, 121.09, 63.71, 63.63, 55.13, 61.38, 47.87, 104.95, 82.8, 78.12, 38.57, 94.85, 103.8, 101.8, 111.72, 49.17, 58.97, 41.04, 62.62, 129.29, 56.75, 59.85, 94.64, 100.96, 57.06, 83.91, 82.53, 80.57, 57.73, 53.47, 71.5, 97.57, 72.45, 157.4, 79.89, 94.69, 100.95, 74.2, 93.22, 145.18, 72.03, 83.81, 33.97, 108.12, 110.97, 50.53, 137.84, 49.66, 143.67, 110.92, 54.92, 81.71, 31.69, 91.22, 80.71, 43.92, 54.31, 69.33, 131.31, 55.22, 84.83]
[2, 1, 1, 4, 3, 4, 1, 3, 5, 4, 2, 6, 2, 1, 4, 1, 4, 3, 5, 2, 3, 2, 5, 6, 3, 3, 3, 4, 1, 5, 6, 3, 3, 2, 2, 1, 4, 3, 3, 1, 4, 4, 4, 5, 2, 2, 1, 2, 6, 2, 2, 5, 4, 2, 3, 3, 3, 2, 1, 3, 4, 2, 8, 3, 5, 4, 2, 4, 7, 2, 3, 1, 5, 5, 2, 6, 1, 7, 5, 1, 3, 1, 4, 3, 1, 1, 2, 7, 1, 4]
[48, 53, 43, 32, 18, 39, 55, 54, 18, 40, 41, 35, 46, 32, 32, 12, 14, 54, 23, 34, 22, 2, 9, 49, 56, 48, 24, 34, 31, 46, 46, 45, 23, 26, 56, 59, 37, 58, 44, 17, 27, 1, 55, 5, 41, 54, 15, 31, 44, 43, 41, 12, 51, 55, 32, 24, 37, 44, 13, 6, 13, 34, 59, 25, 24, 11, 16, 27, 38, 51, 51, 24, 32, 36, 5, 18, 3, 10, 13, 44, 31, 47, 7, 29, 43, 4, 31, 0, 10, 7]
[60, 60, 60, 44, 60, 51, 60, 60, 54, 60, 53, 60, 60, 60, 60, 36, 60, 60, 35, 58, 34, 50, 45, 60, 60, 60, 48, 60, 43, 60, 60, 60, 59, 38, 60, 60, 60, 60, 60, 60, 60, 49, 60, 60, 60, 60, 51, 60, 60, 60, 60, 60, 60, 60, 44, 48, 49, 60, 25, 60, 49, 58, 60, 49, 60, 60, 60, 60, 60, 60, 60, 60, 60, 60, 41, 30, 51, 34, 60, 60, 55, 60, 60, 53, 60, 52, 60, 48, 46, 55]
2
[0.0, 0.0]
[0.0, 66.67]
[[0, 2, 2, 2, 2, 3, 2, 4, 2, 1, 1, 3, 2, 4, 2, 2, 3, 2, 4, 1, 0, 3, 2, 3, 3, 1, 4, 3, 3, 0, 2, 4, 2, 3, 3, 3, 3, 1, 3, 2, 1, 3, 0, 3, 0, 3, 3, 2, 1, 2, 4, 3, 3, 4, 3, 3, 3, 0, 3, 3, 1, 4, 3, 1, 1, 0, 1, 0, 1, 1, 1, 2, 3, 2, 1, 3, 3, 3, 2, 4, 1, 1, 3, 1, 3, 3, 2, 2, 2, 1, 2, 0], [2, 0, 2, 2, 0, 2, 2, 3, 1, 1, 0, 2, 3, 2, 1, 2, 3, 1, 3, 1, 1, 1, 2, 3, 3, 0, 3, 2, 2, 2, 1, 2, 1, 2, 1, 2, 1, 2, 3, 3, 1, 3, 1, 2, 1, 2, 2, 2, 2, 1, 3, 3, 2, 3, 3, 2, 3, 1, 3, 3, 2, 3, 2, 2, 0, 2, 0, 2, 2, 1, 0, 0, 3, 0, 1, 3, 3, 3, 1, 3, 0, 2, 2, 2, 3, 1, 2, 1, 0, 1, 1, 2], [2, 2, 0, 0, 2, 0, 0, 1, 0, 1, 1, 1, 0, 1, 0, 0, 1, 0, 1, 1, 1, 1, 0, 1, 1, 1, 1, 0, 0, 1, 0, 1, 1, 1, 1, 1, 1, 1, 1, 0, 1, 1, 1, 1, 1, 1, 1, 0, 1, 0, 1, 1, 0, 1, 1, 0, 1, 1, 1, 1, 1, 1, 1, 0, 1, 1, 1, 1, 0, 1, 1, 2, 1, 2, 1, 1, 1, 1, 0, 1, 1, 0, 1, 0, 1, 1, 1, 0, 1, 1, 0, 1], [2, 2, 0, 0, 2, 1, 0, 2, 1, 1, 1, 2, 0, 2, 0, 0, 1, 1, 2, 1, 1, 2, 0, 0, 1, 1, 2, 1, 1, 1, 1, 2, 1, 2, 2, 2, 2, 0, 1, 0, 1, 0, 1, 2, 1, 1, 2, 0, 0, 1, 2, 0, 1, 2, 1, 1, 1, 1, 1, 1, 0, 2, 2, 0, 1, 1, 1, 1, 0, 1, 1, 2, 1, 2, 1, 1, 1, 1, 1, 2, 2, 0, 2, 0, 1, 2, 0, 1, 2, 1, 1, 1], [2, 0, 2, 2, 0, 2, 2, 2, 1, 1, 1, 1, 3, 2, 1, 2, 3, 1, 2, 1, 2, 1, 2, 3, 3, 1, 2, 2, 2, 2, 1, 2, 1, 1, 1, 1, 1, 2, 3, 3, 2, 3, 2, 1, 2, 2, 1, 2, 2, 1, 2, 3, 2, 2, 3, 2, 3, 2, 3, 2, 2, 2, 1, 2, 1, 2, 1, 2, 2, 1, 1, 0, 3, 0, 1, 3, 2, 3, 1, 2, 1, 2, 1, 2, 3, 1, 2, 1, 0, 1, 1, 2], [3, 2, 0, 1, 2, 0, 0, 1, 1, 2, 2, 1, 0, 1, 1, 1, 0, 1, 1, 2, 2, 2, 1, 0, 1, 2, 1, 0, 0, 2, 1, 1, 1, 1, 1, 1, 2, 1, 0, 0, 2, 0, 2, 1, 2, 0, 1, 1, 1, 1, 1, 1, 0, 1, 0, 0, 0, 2, 1, 0, 1, 1, 1, 1, 2, 2, 2, 2, 1, 2, 2, 2, 0, 2, 2, 0, 0, 1, 1, 1, 2, 1, 1, 1, 1, 1, 1, 1, 2, 2, 1, 2], [2, 2, 0, 0, 2, 0, 0, 1, 0, 1, 1, 1, 0, 1, 0, 0, 1, 0, 1, 1, 1, 1, 0, 1, 1, 1, 1, 0, 0, 2, 0, 1, 1, 1, 1, 1, 1, 1, 1, 0, 1, 0, 2, 1, 1, 0, 1, 0, 1, 0, 1, 1, 0, 1, 1, 0, 1, 1, 1, 1, 1, 1, 1, 0, 1, 1, 1, 1, 0, 1, 1, 2, 1, 2, 1, 1, 1, 1, 0, 1, 1, 0, 1, 1, 1, 1, 1, 0, 2, 1, 0, 1], [4, 3, 1, 2, 2, 1, 1, 0, 2, 2, 3, 1, 1, 0, 2, 1, 0, 1, 0, 2, 3, 1, 2, 2, 2, 2, 0, 0, 1, 3, 1, 0, 2, 1, 1, 1, 1, 2, 0, 1, 3, 1, 3, 1, 3, 0, 1, 2, 2, 2, 0, 2, 1, 0, 1, 0, 1, 3, 2, 0, 2, 0, 1, 2, 2, 3, 2, 3, 2, 3, 3, 2, 0, 2, 2, 1, 0, 2, 1, 0, 3, 2, 1, 2, 2, 1, 2, 1, 2, 2, 1, 3], [2, 1, 0, 1, 1, 1, 0, 2, 0, 0, 1, 1, 1, 1, 0, 0, 1, 0, 2, 0, 1, 1, 1, 1, 2, 1, 1, 1, 1, 1, 0, 2, 0, 1, 1, 1, 1, 1, 1, 1, 1, 1, 1, 1, 1, 1, 1, 1, 1, 0, 2, 1, 1, 2, 1, 1, 1, 1, 2, 1, 1, 1, 1, 0, 1, 1, 0, 1, 1, 1, 1, 1, 1, 1, 0, 1, 1, 2, 0, 2, 1, 0, 1, 1, 2, 1, 1, 0, 1, 0, 0, 1], [1, 1, 1, 1, 1, 2, 1, 2, 0, 0, 0, 1, 2, 2, 1, 1, 2, 0, 2, 0, 0, 1, 1, 2, 2, 0, 2, 2, 2, 1, 1, 2, 0, 2, 2, 2, 1, 1, 2, 2, 0, 2, 0, 2, 0, 2, 2, 1, 1, 0, 2, 2, 2, 2, 2, 2, 2, 0, 2, 2, 1, 2, 1, 1, 0, 1, 0, 1, 1, 0, 0, 1, 2, 1, 0, 2, 2, 2, 0, 2, 0, 1, 1, 1, 2, 1, 1, 1, 1, 0, 1, 1], [1, 0, 1, 1, 1, 2, 1, 3, 1, 0, 0, 2, 2, 2, 1, 1, 2, 1, 3, 0, 0, 2, 1, 2, 2, 0, 3, 2, 2, 1, 1, 3, 0, 2, 2, 2, 2, 1, 2, 2, 1, 2, 0, 2, 0, 2, 2, 1, 1, 1, 3, 2, 2, 3, 2, 2, 2, 0, 3, 2, 1, 3, 2, 1, 0, 1, 0, 1, 1, 0, 0, 1, 3, 1, 0, 2, 2, 3, 1, 3, 0, 1, 2, 1, 2, 2, 1, 1, 1, 0, 1, 1], [3, 2, 1, 2, 1, 1, 1, 1, 1, 1, 2, 0, 1, 0, 1, 1, 1, 1, 1, 1, 2, 0, 2, 2, 2, 1, 1, 0, 1, 2, 0, 0, 1, 0, 0, 0, 0, 2, 1, 2, 2, 2, 2, 0, 2, 1, 0, 2, 2, 1, 1, 2, 1, 1, 1, 0, 1, 2, 2, 1, 2, 0, 0, 1, 1, 2, 1, 2, 2, 2, 2, 1, 1, 1, 1, 2, 1, 2, 1, 1, 1, 1, 0, 2, 2, 0, 2, 1, 1, 1, 0, 2], [2, 3, 0, 0, 3, 0, 0, 1, 1, 2, 2, 1, 0, 1, 1, 1, 1, 1, 2, 2, 2, 2, 0, 0, 0, 2, 1, 1, 0, 2, 1, 2, 2, 2, 2, 2, 2, 0, 1, 0, 1, 0, 2, 2, 2, 1, 2, 0, 0, 1, 2, 0, 0, 2, 0, 1, 0, 2, 0, 1, 1, 2, 2, 1, 2, 2, 2, 2, 0, 2, 2, 2, 1, 3, 2, 0, 1, 0, 1, 1, 2, 1, 2, 1, 0, 2, 0, 1, 2, 2, 1, 2], [4, 2, 1, 2, 2, 1, 1, 0, 1, 2, 2, 0, 1, 0, 1, 1, 0, 1, 0, 2, 3, 1, 2, 2, 2, 2, 0, 0, 1, 3, 1, 0, 2, 0, 1, 0, 1, 2, 1, 2, 2, 1, 3, 0, 3, 0, 0, 2, 2, 1, 0, 2, 1, 0, 1, 0, 1, 3, 2, 0, 2, 0, 0, 2, 2, 3, 2, 3, 2, 2, 2, 2, 0, 2, 2, 2, 0, 2, 1, 0, 2, 2, 0, 2, 2, 0, 2, 1, 2, 2, 1, 3], [2, 1, 0, 0, 1, 1, 0, 2, 0, 1, 1, 1, 1, 1, 0, 0, 1, 0, 2, 0, 1, 1, 0, 1, 1, 1, 1, 1, 0, 1, 0, 2, 0, 1, 1, 1, 1, 0, 1, 1, 1, 1, 1, 1, 1, 1, 1, 0, 1, 0, 2, 1, 1, 2, 1, 1, 1, 1, 1, 1, 1, 2, 1, 0, 1, 1, 1, 1, 0, 1, 1, 1, 1, 1, 0, 1, 1, 1, 0, 2, 1, 0, 1, 0, 1, 1, 1, 0, 1, 0, 0, 1], [2, 2, 0, 0, 2, 1, 0, 1, 0, 1, 1, 1, 1, 1, 0, 0, 1, 0, 1, 1, 1, 1, 0, 1, 1, 1, 1, 0, 0, 1, 0, 1, 0, 1, 1, 1, 1, 1, 1, 1, 1, 1, 1, 1, 1, 1, 1, 1, 1, 0, 2, 1, 0, 2, 1, 0, 1, 1, 1, 1, 1, 1, 1, 0, 1, 1, 1, 1, 0, 1, 1, 1, 1, 1, 1, 1, 1, 1, 0, 1, 1, 0, 1, 0, 1, 1, 1, 0, 1, 1, 0, 1], [3, 3, 1, 1, 3, 0, 1, 0, 1, 2, 2, 1, 1, 0, 1, 1, 0, 1, 0, 2, 2, 2, 1, 1, 1, 2, 0, 0, 0, 3, 1, 1, 2, 1, 1, 1, 2, 2, 0, 1, 2, 1, 3, 1, 3, 0, 1, 1, 2, 1, 1, 1, 0, 1, 0, 0, 0, 3, 1, 0, 2, 1, 1, 2, 2, 3, 2, 3, 2, 2, 2, 3, 0, 3, 2, 1, 0, 1, 1, 0, 2, 2, 1, 2, 1, 1, 2, 1, 2, 2, 1, 3], [2, 1, 0, 1, 1, 1, 0, 1, 0, 0, 1, 1, 1, 1, 0, 0, 1, 0, 1, 0, 1, 1, 1, 2, 2, 1, 1, 1, 1, 1, 0, 1, 0, 1, 1, 1, 1, 1, 1, 1, 1, 1, 1, 1, 1, 1, 1, 1, 1, 0, 1, 2, 1, 2, 1, 1, 1, 1, 2, 1, 1, 1, 1, 1, 0, 1, 0, 1, 1, 1, 1, 1, 1, 1, 0, 2, 1, 2, 0, 1, 1, 0, 1, 1, 2, 1, 1, 0, 1, 0, 0, 1], [4, 3, 1, 2, 2, 1, 1, 0, 2, 2, 3, 1, 2, 0, 2, 1, 0, 1, 0, 2, 3, 1, 2, 2, 2, 2, 0, 1, 1, 3, 1, 0, 2, 1, 1, 1, 1, 2, 1, 2, 3, 2, 3, 1, 3, 0, 1, 2, 2, 2, 0, 2, 1, 0, 1, 1, 1, 3, 2, 0, 3, 0, 1, 2, 2, 3, 2, 3, 2, 3, 3, 2, 0, 2, 2, 2, 1, 2, 2, 0, 3, 2, 1, 2, 2, 1, 2, 1, 2, 2, 1, 3], [1, 1, 1, 1, 1, 2, 1, 2, 0, 0, 0, 1, 2, 2, 0, 1, 2, 0, 2, 0, 0, 1, 1, 2, 2, 0, 2, 2, 1, 1, 1, 2, 0, 2, 2, 2, 1, 1, 2, 2, 0, 2, 1, 1, 0, 2, 1, 1, 1, 0, 2, 2, 2, 2, 2, 2, 2, 0, 2, 2, 1, 2, 1, 1, 0, 1, 0, 1, 1, 0, 0, 1, 2, 1, 0, 2, 2, 2, 0, 2, 0, 1, 1, 1, 2, 1, 1, 1, 1, 0, 1, 1], [0, 1, 1, 1, 2, 2, 1, 3, 1, 0, 0, 2, 2, 3, 1, 1, 2, 1, 3, 0, 0, 2, 1, 2, 2, 0, 3, 2, 2, 0, 1, 3, 1, 2, 2, 2, 2, 1, 2, 2, 0, 2, 0, 2, 0, 2, 2, 1, 1, 1, 3, 2, 2, 3, 2, 2, 2, 0, 2, 2, 1, 3, 2, 0, 1, 0, 1, 0, 1, 0, 0, 2, 3, 2, 0, 2, 2, 2, 1, 3, 1, 0, 2, 1, 2, 2, 1, 1, 2, 0, 1, 0], [3, 1, 1, 2, 1, 2, 1, 1, 1, 1, 2, 0, 2, 1, 1, 1, 2, 1, 1, 1, 2, 0, 2, 2, 3, 1, 1, 1, 2, 3, 1, 1, 1, 0, 0, 0, 0, 2, 2, 2, 2, 2, 2, 0, 2, 1, 0, 2, 2, 1, 1, 2, 1, 1, 2, 1, 2, 2, 3, 1, 2, 1, 0, 2, 1, 2, 1, 3, 2, 2, 2, 1, 2, 1, 1, 2, 1, 3, 1, 1, 1, 2, 0, 2, 3, 0, 2, 1, 1, 1, 1, 2], [2, 2, 0, 0, 2, 1, 0, 2, 1, 1, 1, 2, 0, 2, 0, 0, 1, 1, 2, 1, 1, 2, 0, 0, 1, 1, 2, 1, 0, 1, 1, 2, 1, 2, 2, 2, 2, 0, 1, 0, 1, 0, 1, 2, 1, 1, 2, 0, 0, 1, 2, 0, 1, 2, 1, 1, 1, 1, 1, 1, 0, 2, 2, 0, 1, 1, 1, 1, 0, 1, 1, 2, 1, 2, 1, 1, 1, 1, 1, 2, 2, 0, 2, 0, 1, 2, 0, 1, 2, 1, 1, 1], [3, 3, 1, 0, 3, 0, 1, 2, 1, 2, 2, 2, 0, 2, 1, 1, 1, 2, 2, 2, 2, 2, 0, 0, 0, 2, 2, 1, 0, 2, 1, 2, 2, 2, 2, 2, 2, 1, 1, 0, 2, 0, 2, 2, 2, 1, 2, 1, 1, 1, 2, 0, 1, 2, 0, 1, 0, 2, 0, 1, 1, 2, 2, 1, 2, 2, 2, 2, 1, 2, 2, 3, 1, 3, 2, 0, 1, 0, 1, 2, 3, 1, 2, 1, 0, 2, 1, 1, 3, 2, 1, 2], [3, 3, 1, 1, 3, 1, 1, 2, 2, 2, 2, 2, 0, 2, 1, 1, 1, 2, 2, 2, 2, 3, 1, 0, 0, 2, 2, 1, 1, 2, 1, 2, 2, 2, 3, 3, 3, 1, 1, 0, 2, 0, 2, 2, 2, 1, 2, 1, 1, 2, 2, 0, 1, 2, 1, 1, 1, 2, 0, 1, 1, 2, 2, 1, 2, 2, 2, 2, 1, 2, 2, 3, 1, 3, 2, 0, 1, 0, 2, 2, 3, 1, 2, 1, 0, 2, 1, 1, 3, 2, 2, 2], [1, 0, 1, 1, 1, 2, 1, 2, 1, 0, 0, 1, 2, 2, 1, 1, 2, 1, 2, 0, 0, 1, 1, 2, 2, 0, 2, 2, 2, 1, 1, 2, 0, 2, 2, 2, 1, 1, 2, 2, 1, 2, 1, 1, 0, 2, 1, 1, 1, 1, 2, 2, 2, 2, 2, 2, 2, 0, 3, 2, 1, 2, 1, 1, 0, 1, 0, 1, 1, 0, 0, 1, 2, 1, 0, 2, 2, 3, 1, 2, 0, 1, 1, 1, 2, 1, 1, 1, 1, 0, 1, 1], [4, 3, 1, 2, 2, 1, 1, 0, 1, 2, 3, 1, 1, 0, 1, 1, 0, 1, 0, 2, 3, 1, 2, 2, 2, 2, 0, 0, 1, 3, 1, 0, 2, 1, 1, 1, 1, 2, 0, 1, 3, 1, 3, 1, 3, 0, 1, 2, 2, 2, 0, 2, 0, 0, 1, 0, 1, 3, 2, 0, 2, 0, 1, 2, 2, 3, 2, 3, 2, 2, 3, 2, 0, 2, 2, 1, 0, 2, 1, 0, 2, 2, 1, 2, 2, 1, 2, 1, 2, 2, 1, 3], [3, 2, 0, 1, 2, 0, 0, 0, 1, 2, 2, 0, 1, 0, 1, 0, 0, 1, 1, 2, 2, 1, 1, 1, 1, 2, 0, 0, 0, 2, 0, 1, 1, 1, 1, 1, 1, 1, 0, 1, 2, 1, 2, 1, 2, 0, 1, 1, 1, 1, 1, 1, 0, 1, 0, 0, 0, 2, 1, 0, 1, 1, 0, 1, 2, 2, 1, 2, 1, 2, 2, 2, 0, 2, 1, 1, 0, 1, 1, 0, 2, 1, 1, 1, 1, 1, 1, 1, 2, 1, 1, 2], [3, 2, 0, 1, 2, 0, 0, 1, 1, 2, 2, 1, 0, 1, 0, 0, 0, 1, 1, 1, 2, 2, 0, 0, 1, 2, 1, 0, 0, 2, 0, 1, 1, 1, 1, 1, 1, 1, 0, 0, 1, 0, 2, 1, 2, 0, 1, 1, 1, 1, 1, 0, 0, 1, 0, 0, 0, 2, 1, 0, 1, 1, 1, 1, 2, 2, 1, 2, 1, 2, 2, 2, 0, 2, 1, 0, 0, 1, 1, 1, 2, 1, 1, 1, 1, 1, 1, 1, 2, 1, 1, 2], [0, 2, 1, 1, 2, 2, 2, 3, 1, 1, 1, 2, 2, 3, 1, 1, 3, 1, 3, 1, 0, 3, 1, 2, 2, 1, 3, 2, 2, 0, 2, 3, 1, 3, 3, 3, 2, 1, 3, 2, 0, 2, 0, 3, 0, 3, 3, 1, 1, 1, 3, 2, 2, 3, 3, 2, 3, 0, 2, 3, 1, 3, 2, 1, 1, 0, 1, 0, 1, 1, 1, 2, 3, 2, 1, 2, 3, 2, 1, 3, 1, 1, 2, 1, 2, 2, 1, 1, 2, 1, 2, 0], [2, 1, 0, 1, 1, 1, 0, 1, 0, 1, 1, 0, 1, 1, 0, 0, 1, 0, 1, 1, 1, 1, 1, 1, 1, 1, 1, 0, 0, 2, 0, 1, 0, 1, 1, 1, 1, 1, 1, 1, 1, 1, 1, 1, 1, 1, 1, 1, 1, 0, 1, 1, 0, 1, 1, 0, 1, 1, 2, 1, 1, 1, 1, 0, 1, 1, 1, 1, 1, 1, 1, 1, 1, 1, 1, 1, 1, 2, 0, 1, 1, 0, 1, 1, 1, 1, 1, 0, 1, 1, 0, 1], [4, 2, 1, 2, 2, 1, 1, 0, 2, 2, 3, 0, 2, 0, 2, 1, 1, 1, 0, 2, 3, 1, 2, 2, 2, 2, 0, 1, 1, 3, 1, 0, 2, 0, 1, 0, 1, 2, 1, 2, 3, 2, 3, 0, 3, 1, 0, 2, 3, 2, 0, 2, 1, 0, 1, 1, 1, 3, 2, 1, 3, 0, 0, 2, 2, 3, 2, 3, 2, 2, 3, 2, 1, 2, 2, 2, 1, 2, 1, 0, 2, 2, 0, 2, 2, 1, 2, 1, 2, 2, 1, 3], [2, 1, 1, 1, 1, 1, 1, 2, 0, 0, 0, 1, 2, 2, 0, 0, 2, 0, 2, 0, 1, 1, 1, 2, 2, 0, 2, 1, 1, 1, 0, 2, 0, 1, 1, 1, 1, 1, 2, 2, 1, 2, 1, 1, 1, 2, 1, 1, 1, 0, 2, 2, 1, 2, 2, 1, 2, 1, 2, 2, 1, 2, 1, 1, 0, 1, 0, 1, 1, 0, 0, 1, 2, 1, 0, 2, 2, 2, 0, 2, 0, 1, 1, 1, 2, 1, 1, 0, 0, 0, 0, 1], [3, 2, 1, 2, 1, 1, 1, 1, 1, 2, 2, 0, 2, 0, 1, 1, 1, 1, 1, 2, 2, 0, 2, 2, 2, 2, 1, 1, 1, 3, 1, 0, 1, 0, 0, 0, 0, 2, 1, 2, 2, 2, 2, 0, 2, 1, 0, 2, 2, 1, 1, 2, 1, 1, 1, 1, 1, 2, 2, 1, 2, 0, 0, 2, 1, 2, 1, 3, 2, 2, 2, 1, 1, 1, 1, 2, 1, 2, 1, 1, 2, 2, 0, 2, 2, 0, 2, 1, 1, 1, 1, 2], [3, 1, 1, 2, 1, 1, 1, 1, 1, 2, 2, 0, 2, 1, 1, 1, 1, 1, 1, 2, 2, 0, 2, 2, 3, 2, 1, 1, 1, 3, 1, 1, 1, 0, 0, 0, 0, 2, 1, 2, 2, 2, 3, 0, 2, 1, 0, 2, 2, 1, 1, 2, 1, 1, 2, 1, 2, 2, 3, 1, 2, 1, 0, 2, 1, 3, 1, 3, 2, 2, 2, 1, 1, 1, 1, 2, 1, 3, 1, 1, 2, 2, 0, 2, 3, 0, 2, 1, 1, 1, 1, 3], [3, 2, 1, 2, 1, 1, 1, 1, 1, 2, 2, 0, 2, 0, 1, 1, 1, 1, 1, 2, 2, 0, 2, 2, 3, 2, 1, 1, 1, 3, 1, 0, 1, 0, 0, 0, 0, 2, 1, 2, 2, 2, 3, 0, 2, 1, 0, 2, 2, 1, 1, 2, 1, 1, 1, 1, 2, 2, 3, 1, 2, 1, 0, 2, 1, 2, 1, 3, 2, 2, 2, 1, 1, 1, 1, 2, 1, 3, 1, 1, 2, 2, 0, 2, 2, 0, 2, 1, 1, 1, 1, 2], [3, 1, 1, 2, 1, 2, 1, 1, 1, 1, 2, 0, 2, 1, 1, 1, 2, 1, 1, 1, 2, 0, 2, 2, 3, 1, 1, 1, 1, 2, 1, 1, 1, 0, 0, 0, 0, 2, 2, 2, 2, 2, 2, 0, 2, 1, 0, 2, 2, 1, 1, 2, 1, 1, 2, 1, 2, 2, 3, 1, 2, 1, 0, 2, 1, 2, 1, 2, 2, 1, 1, 1, 2, 1, 1, 2, 1, 3, 1, 1, 1, 2, 0, 2, 3, 0, 2, 1, 0, 1, 1, 2], [1, 2, 1, 0, 2, 1, 1, 2, 1, 1, 1, 2, 0, 2, 0, 1, 2, 1, 2, 1, 1, 2, 0, 1, 1, 1, 2, 1, 1, 1, 1, 2, 1, 2, 2, 2, 2, 0, 2, 0, 0, 1, 1, 2, 1, 1, 2, 0, 0, 1, 2, 1, 1, 2, 1, 1, 1, 1, 1, 2, 0, 2, 2, 0, 1, 1, 1, 1, 0, 1, 1, 2, 2, 2, 1, 1, 1, 1, 1, 2, 2, 0, 2, 0, 1, 2, 0, 1, 2, 1, 1, 1], [3, 3, 1, 1, 3, 0, 1, 0, 1, 2, 2, 1, 1, 1, 1, 1, 0, 1, 1, 2, 2, 2, 1, 1, 1, 2, 0, 0, 0, 3, 1, 1, 2, 1, 1, 1, 2, 2, 0, 1, 2, 1, 3, 1, 3, 0, 1, 1, 2, 1, 1, 1, 0, 1, 0, 0, 0, 3, 1, 0, 2, 1, 1, 2, 2, 3, 2, 3, 1, 2, 2, 3, 0, 3, 2, 1, 0, 1, 1, 0, 3, 1, 1, 2, 1, 1, 2, 1, 2, 2, 1, 3], [2, 3, 0, 0, 3, 0, 0, 1, 1, 2, 2, 2, 0, 2, 1, 1, 1, 1, 2, 2, 2, 2, 0, 0, 0, 2, 1, 1, 0, 2, 1, 2, 2, 2, 2, 2, 2, 0, 1, 0, 1, 0, 2, 2, 2, 1, 2, 0, 0, 1, 2, 0, 1, 2, 1, 1, 0, 2, 0, 1, 1, 2, 2, 1, 2, 2, 2, 2, 0, 2, 2, 3, 1, 3, 2, 0, 1, 0, 1, 2, 2, 1, 2, 1, 0, 2, 0, 1, 2, 2, 1, 2], [1, 1, 1, 1, 2, 2, 1, 3, 1, 0, 1, 2, 1, 2, 1, 1, 2, 1, 3, 0, 0, 2, 1, 2, 2, 1, 3, 2, 1, 0, 1, 3, 1, 2, 2, 2, 2, 0, 2, 1, 0, 2, 0, 2, 0, 2, 2, 1, 0, 1, 3, 2, 2, 3, 2, 2, 2, 0, 2, 2, 0, 3, 2, 0, 1, 0, 1, 0, 0, 0, 1, 2, 2, 2, 1, 2, 2, 2, 1, 3, 1, 0, 2, 0, 2, 2, 1, 1, 2, 0, 1, 0], [3, 3, 1, 0, 3, 0, 0, 1, 1, 2, 2, 2, 0, 1, 1, 1, 1, 1, 2, 2, 2, 2, 0, 0, 0, 2, 1, 1, 0, 2, 1, 2, 2, 2, 2, 2, 2, 1, 1, 0, 2, 0, 2, 2, 2, 1, 2, 0, 1, 1, 2, 0, 0, 2, 0, 1, 0, 2, 0, 1, 1, 2, 2, 1, 2, 2, 2, 2, 1, 2, 2, 3, 1, 3, 2, 0, 0, 0, 1, 1, 2, 1, 2, 1, 0, 2, 1, 1, 3, 2, 1, 2], [0, 1, 1, 1, 2, 2, 2, 3, 1, 0, 0, 2, 2, 3, 1, 1, 3, 1, 3, 1, 0, 2, 1, 2, 2, 1, 3, 2, 2, 0, 1, 3, 1, 2, 3, 3, 2, 1, 3, 2, 0, 2, 0, 2, 0, 3, 2, 1, 1, 1, 3, 2, 2, 3, 3, 2, 3, 0, 2, 3, 1, 3, 2, 1, 1, 0, 1, 0, 1, 0, 0, 2, 3, 2, 1, 2, 3, 2, 1, 3, 1, 1, 2, 1, 2, 2, 1, 1, 2, 1, 1, 0], [3, 2, 1, 2, 1, 1, 1, 1, 1, 2, 2, 0, 2, 0, 1, 1, 1, 1, 1, 1, 2, 0, 2, 2, 2, 1, 1, 1, 1, 3, 1, 0, 1, 0, 0, 0, 0, 2, 1, 2, 2, 2, 2, 0, 2, 1, 0, 2, 2, 1, 1, 2, 1, 1, 1, 1, 2, 2, 3, 1, 2, 1, 0, 2, 1, 2, 1, 3, 2, 2, 2, 1, 1, 1, 1, 2, 1, 2, 1, 1, 1, 2, 0, 2, 2, 0, 2, 1, 1, 1, 1, 2], [0, 1, 1, 1, 2, 2, 1, 3, 1, 0, 0, 2, 2, 3, 1, 1, 3, 1, 3, 0, 0, 2, 1, 2, 2, 0, 3, 2, 2, 0, 1, 3, 1, 2, 2, 2, 2, 1, 3, 2, 0, 2, 0, 2, 0, 2, 2, 1, 1, 1, 3, 2, 2, 3, 2, 2, 2, 0, 2, 2, 1, 3, 2, 1, 0, 0, 1, 0, 1, 0, 0, 1, 3, 1, 0, 2, 2, 2, 1, 3, 1, 1, 2, 1, 2, 2, 1, 1, 1, 0, 1, 0], [3, 2, 1, 1, 2, 0, 0, 0, 1, 2, 2, 1, 1, 0, 1, 1, 0, 1, 0, 2, 2, 1, 1, 1, 1, 2, 0, 0, 0, 3, 1, 1, 2, 1, 1, 1, 1, 1, 0, 1, 2, 1, 3, 1, 2, 0, 1, 1, 2, 1, 1, 1, 0, 1, 0, 0, 0, 2, 1, 0, 2, 0, 1, 1, 2, 2, 2, 2, 1, 2, 2, 2, 0, 2, 2, 1, 0, 1, 1, 0, 2, 1, 1, 1, 1, 1, 1, 1, 2, 2, 1, 2], [3, 2, 1, 2, 1, 1, 1, 1, 1, 2, 2, 0, 2, 0, 1, 1, 1, 1, 1, 1, 2, 0, 2, 2, 2, 1, 1, 1, 1, 3, 1, 0, 1, 0, 0, 0, 0, 2, 1, 2, 2, 2, 2, 0, 2, 1, 0, 2, 2, 1, 1, 2, 1, 1, 1, 1, 1, 2, 2, 1, 2, 0, 0, 2, 1, 2, 1, 2, 2, 2, 2, 1, 1, 1, 1, 2, 1, 2, 1, 1, 2, 2, 0, 2, 2, 0, 2, 1, 1, 1, 1, 2], [2, 2, 0, 0, 2, 1, 0, 2, 1, 1, 1, 2, 0, 2, 0, 1, 1, 1, 2, 1, 1, 2, 0, 1, 1, 1, 2, 1, 1, 1, 1, 2, 1, 2, 2, 2, 2, 0, 1, 0, 1, 0, 1, 2, 1, 1, 2, 0, 0, 1, 2, 1, 1, 2, 1, 1, 1, 1, 1, 1, 0, 2, 2, 0, 1, 1, 1, 1, 0, 1, 1, 2, 1, 2, 1, 1, 1, 1, 1, 2, 2, 0, 2, 0, 1, 2, 0, 1, 2, 1, 1, 1], [1, 2, 1, 0, 2, 1, 1, 2, 1, 1, 1, 2, 0, 2, 1, 1, 2, 1, 2, 1, 1, 2, 0, 1, 1, 1, 2, 1, 1, 1, 1, 3, 1, 2, 2, 2, 2, 0, 2, 0, 0, 1, 1, 2, 1, 2, 2, 0, 0, 1, 3, 1, 1, 3, 1, 1, 1, 1, 1, 2, 0, 2, 2, 0, 1, 1, 1, 1, 0, 1, 1, 2, 2, 2, 1, 1, 1, 1, 1, 2, 2, 0, 2, 0, 1, 2, 0, 1, 2, 1, 1, 1], [2, 1, 0, 1, 1, 1, 0, 2, 0, 0, 1, 1, 1, 1, 0, 0, 1, 0, 2, 0, 1, 1, 1, 1, 2, 1, 2, 1, 1, 1, 0, 2, 0, 1, 1, 1, 1, 1, 1, 1, 1, 1, 1, 1, 1, 1, 1, 1, 1, 0, 2, 1, 1, 2, 1, 1, 1, 1, 2, 1, 1, 2, 1, 0, 1, 1, 0, 1, 0, 1, 1, 1, 1, 1, 0, 1, 1, 2, 0, 2, 1, 0, 1, 0, 2, 1, 1, 0, 1, 0, 0, 1], [4, 3, 1, 2, 2, 1, 1, 0, 2, 2, 3, 1, 2, 0, 2, 2, 1, 1, 0, 2, 3, 1, 2, 2, 2, 2, 0, 1, 1, 3, 1, 0, 2, 1, 1, 1, 1, 2, 1, 2, 3, 2, 3, 1, 3, 1, 1, 2, 3, 2, 0, 2, 1, 0, 1, 1, 1, 3, 2, 1, 3, 0, 1, 2, 2, 3, 2, 3, 2, 3, 3, 2, 1, 2, 2, 2, 1, 2, 2, 0, 3, 2, 1, 2, 2, 1, 2, 1, 2, 2, 1, 3], [3, 3, 1, 0, 3, 1, 1, 2, 1, 2, 2, 2, 0, 2, 1, 1, 1, 2, 2, 2, 2, 2, 0, 0, 0, 2, 2, 1, 0, 2, 1, 2, 2, 2, 2, 2, 2, 1, 1, 0, 2, 0, 2, 2, 2, 1, 2, 1, 1, 1, 2, 0, 1, 2, 1, 1, 0, 2, 0, 1, 1, 2, 2, 1, 2, 2, 2, 2, 1, 2, 2, 3, 1, 3, 2, 0, 1, 0, 1, 2, 3, 1, 2, 1, 0, 2, 1, 1, 3, 2, 2, 2], [3, 2, 0, 1, 2, 0, 0, 1, 1, 2, 2, 1, 0, 1, 1, 0, 0, 1, 1, 2, 2, 1, 1, 1, 1, 2, 0, 0, 0, 2, 0, 1, 1, 1, 1, 1, 1, 1, 0, 1, 2, 0, 2, 1, 2, 0, 1, 1, 1, 1, 1, 1, 0, 1, 0, 0, 0, 2, 1, 0, 1, 1, 1, 1, 2, 2, 2, 2, 1, 2, 2, 2, 0, 2, 1, 1, 0, 1, 1, 1, 2, 1, 1, 1, 1, 1, 1, 1, 2, 2, 1, 2], [4, 3, 1, 2, 2, 1, 1, 0, 2, 2, 3, 1, 2, 0, 2, 2, 1, 2, 0, 2, 3, 1, 2, 2, 2, 2, 0, 1, 1, 3, 1, 0, 2, 1, 1, 1, 1, 2, 1, 2, 3, 2, 3, 1, 3, 1, 1, 2, 3, 2, 0, 2, 1, 0, 1, 1, 1, 3, 2, 1, 3, 0, 1, 2, 2, 3, 2, 3, 2, 3, 3, 2, 1, 2, 2, 2, 1, 2, 2, 0, 3, 2, 1, 2, 2, 1, 2, 2, 2, 2, 1, 3], [3, 3, 1, 1, 3, 0, 1, 1, 1, 2, 2, 1, 0, 1, 1, 1, 0, 1, 1, 2, 2, 2, 1, 0, 1, 2, 1, 0, 0, 3, 1, 1, 2, 1, 2, 1, 2, 1, 0, 1, 2, 0, 3, 1, 2, 0, 1, 1, 1, 1, 1, 1, 0, 1, 0, 0, 0, 3, 1, 0, 2, 1, 1, 1, 2, 2, 2, 2, 1, 2, 2, 3, 0, 3, 2, 0, 0, 1, 1, 1, 2, 1, 1, 1, 1, 1, 1, 1, 2, 2, 1, 2], [3, 2, 0, 1, 2, 0, 0, 0, 1, 2, 2, 0, 1, 0, 1, 0, 0, 1, 1, 2, 2, 1, 1, 1, 1, 2, 0, 0, 0, 2, 0, 1, 1, 1, 1, 1, 1, 1, 0, 1, 2, 1, 2, 1, 2, 0, 1, 1, 1, 1, 1, 1, 0, 1, 0, 0, 0, 2, 1, 0, 1, 1, 1, 1, 2, 2, 1, 2, 1, 2, 2, 2, 0, 2, 1, 1, 0, 1, 1, 0, 2, 1, 1, 1, 1, 1, 1, 1, 2, 1, 1, 2], [3, 3, 1, 1, 3, 0, 1, 1, 1, 2, 2, 1, 0, 1, 1, 1, 0, 1, 1, 2, 2, 2, 1, 0, 1, 2, 1, 0, 0, 3, 1, 1, 2, 1, 2, 2, 2, 1, 0, 0, 2, 0, 3, 2, 2, 0, 1, 1, 1, 1, 1, 0, 0, 1, 0, 0, 0, 3, 1, 0, 1, 1, 1, 1, 2, 2, 2, 2, 1, 2, 2, 3, 0, 3, 2, 0, 0, 1, 1, 1, 2, 1, 1, 1, 1, 1, 1, 1, 2, 2, 1, 2], [0, 1, 1, 1, 2, 2, 1, 3, 1, 0, 0, 2, 2, 3, 1, 1, 3, 1, 3, 0, 0, 2, 1, 2, 2, 0, 3, 2, 2, 0, 1, 3, 1, 2, 2, 2, 2, 1, 3, 2, 0, 2, 0, 2, 0, 2, 2, 1, 1, 1, 3, 2, 2, 3, 3, 2, 3, 0, 2, 3, 1, 3, 2, 1, 1, 0, 1, 0, 1, 0, 0, 1, 3, 2, 0, 2, 2, 2, 1, 3, 1, 1, 2, 1, 2, 2, 1, 1, 2, 0, 1, 0], [3, 3, 1, 1, 3, 1, 1, 2, 2, 2, 3, 2, 0, 2, 1, 1, 1, 2, 2, 2, 2, 3, 1, 0, 0, 3, 2, 1, 1, 2, 2, 2, 2, 2, 3, 3, 3, 1, 1, 0, 2, 0, 2, 3, 2, 1, 2, 1, 1, 2, 2, 0, 1, 2, 1, 1, 1, 2, 0, 1, 1, 2, 2, 1, 3, 2, 2, 2, 1, 2, 3, 3, 1, 3, 2, 0, 1, 0, 2, 2, 3, 1, 2, 1, 0, 3, 1, 2, 3, 2, 2, 2], [3, 3, 1, 1, 2, 0, 1, 0, 1, 2, 2, 1, 1, 0, 1, 1, 0, 1, 0, 2, 2, 1, 1, 1, 1, 2, 0, 0, 0, 3, 1, 1, 2, 1, 1, 1, 1, 2, 0, 1, 2, 1, 3, 1, 2, 0, 1, 1, 2, 1, 1, 1, 0, 1, 0, 0, 0, 3, 1, 0, 2, 0, 1, 1, 2, 2, 2, 3, 1, 2, 2, 2, 0, 2, 2, 1, 0, 1, 1, 0, 2, 1, 1, 2, 1, 1, 2, 1, 2, 2, 1, 2], [1, 2, 1, 0, 2, 1, 1, 2, 1, 1, 1, 2, 1, 2, 1, 1, 2, 1, 3, 1, 1, 2, 0, 1, 1, 1, 2, 1, 1, 1, 1, 3, 1, 2, 2, 2, 2, 0, 2, 1, 0, 1, 1, 2, 1, 2, 2, 0, 0, 1, 3, 1, 1, 3, 2, 1, 1, 1, 1, 2, 0, 2, 2, 0, 1, 1, 1, 1, 0, 1, 1, 2, 2, 2, 1, 1, 2, 1, 1, 2, 2, 0, 2, 0, 1, 2, 0, 1, 2, 1, 1, 1], [4, 3, 1, 2, 2, 1, 1, 0, 1, 2, 3, 0, 2, 0, 2, 1, 1, 1, 0, 2, 3, 1, 2, 2, 2, 2, 0, 1, 1, 3, 1, 0, 2, 0, 1, 1, 1, 2, 1, 2, 3, 2, 3, 1, 3, 0, 0, 2, 2, 2, 0, 2, 1, 0, 1, 1, 1, 3, 2, 0, 2, 0, 0, 2, 2, 3, 2, 3, 2, 2, 3, 2, 1, 2, 2, 2, 1, 2, 1, 0, 2, 2, 0, 2, 2, 1, 2, 1, 2, 2, 1, 3], [3, 2, 1, 2, 1, 1, 1, 1, 1, 1, 2, 0, 2, 0, 1, 1, 1, 1, 1, 1, 2, 0, 2, 2, 2, 1, 1, 0, 1, 2, 1, 0, 1, 0, 0, 0, 0, 2, 1, 2, 2, 2, 2, 0, 2, 1, 0, 2, 2, 1, 1, 2, 1, 1, 1, 1, 1, 2, 2, 1, 2, 0, 0, 2, 1, 2, 1, 2, 2, 2, 2, 1, 1, 1, 1, 2, 1, 2, 1, 1, 1, 1, 0, 2, 2, 0, 2, 1, 1, 1, 0, 2], [1, 2, 0, 0, 2, 1, 0, 2, 0, 1, 1, 1, 1, 2, 0, 0, 2, 1, 2, 1, 0, 2, 0, 1, 1, 1, 2, 1, 1, 1, 0, 2, 1, 2, 2, 2, 2, 0, 2, 1, 0, 1, 1, 2, 1, 1, 2, 0, 0, 0, 2, 1, 1, 2, 1, 1, 1, 1, 1, 1, 0, 2, 2, 0, 1, 1, 1, 1, 0, 1, 1, 2, 2, 2, 1, 1, 1, 1, 0, 2, 1, 0, 2, 0, 1, 2, 0, 0, 2, 1, 1, 1], [1, 0, 1, 1, 1, 2, 1, 2, 1, 0, 0, 1, 2, 2, 1, 1, 2, 0, 2, 0, 1, 1, 1, 2, 2, 0, 2, 2, 2, 1, 1, 2, 0, 1, 1, 1, 1, 1, 2, 2, 1, 2, 1, 1, 0, 2, 1, 1, 1, 1, 2, 2, 2, 2, 2, 2, 2, 1, 3, 2, 1, 2, 1, 1, 0, 1, 0, 1, 1, 0, 0, 1, 2, 1, 0, 2, 2, 3, 1, 2, 0, 1, 1, 1, 2, 1, 2, 1, 1, 0, 1, 1], [0, 2, 1, 1, 2, 2, 1, 3, 1, 1, 1, 2, 2, 3, 1, 1, 3, 1, 3, 1, 0, 2, 1, 2, 2, 1, 3, 2, 2, 0, 1, 3, 1, 2, 3, 2, 2, 1, 3, 2, 0, 2, 0, 2, 0, 2, 2, 1, 1, 1, 3, 2, 2, 3, 2, 2, 2, 0, 2, 2, 1, 3, 2, 1, 1, 0, 1, 0, 1, 1, 1, 2, 3, 2, 1, 2, 2, 2, 1, 3, 1, 1, 2, 1, 2, 2, 1, 1, 2, 1, 1, 0], [1, 0, 1, 1, 1, 2, 1, 2, 0, 0, 0, 1, 2, 2, 1, 1, 2, 0, 2, 0, 1, 1, 1, 2, 2, 0, 2, 1, 1, 1, 1, 2, 0, 1, 1, 1, 1, 1, 2, 2, 1, 2, 1, 1, 1, 2, 1, 1, 1, 0, 2, 2, 2, 2, 2, 1, 2, 1, 2, 2, 1, 2, 1, 1, 0, 1, 0, 1, 1, 0, 0, 1, 2, 1, 0, 2, 2, 2, 0, 2, 0, 1, 1, 1, 2, 1, 1, 0, 1, 0, 0, 1], [0, 2, 1, 1, 2, 2, 1, 3, 1, 1, 1, 2, 2, 3, 1, 1, 3, 1, 3, 1, 0, 3, 1, 2, 2, 1, 3, 2, 2, 0, 1, 3, 1, 3, 3, 3, 2, 1, 3, 2, 0, 2, 0, 3, 0, 2, 2, 1, 1, 1, 3, 2, 2, 3, 2, 2, 2, 0, 2, 3, 1, 3, 2, 1, 1, 0, 1, 0, 1, 1, 1, 2, 3, 2, 1, 2, 2, 2, 1, 3, 1, 1, 2, 1, 2, 2, 1, 1, 2, 1, 1, 0], [1, 2, 0, 0, 2, 1, 0, 2, 1, 1, 1, 2, 0, 2, 0, 0, 2, 1, 2, 1, 1, 2, 0, 1, 1, 1, 2, 1, 1, 1, 1, 2, 1, 2, 2, 2, 2, 0, 1, 0, 0, 1, 1, 2, 1, 1, 2, 0, 0, 0, 2, 1, 1, 2, 1, 1, 1, 1, 1, 1, 0, 2, 2, 0, 1, 1, 1, 1, 0, 1, 1, 2, 2, 2, 1, 1, 1, 1, 1, 2, 1, 0, 2, 0, 1, 2, 0, 1, 2, 1, 1, 1], [1, 1, 1, 1, 1, 2, 1, 3, 1, 0, 0, 2, 2, 2, 1, 1, 2, 1, 3, 0, 0, 2, 1, 2, 2, 0, 2, 2, 2, 1, 1, 2, 0, 2, 2, 2, 1, 1, 2, 2, 0, 2, 0, 2, 0, 2, 2, 1, 1, 1, 3, 2, 2, 3, 2, 2, 2, 0, 2, 2, 1, 2, 2, 1, 0, 1, 0, 1, 1, 0, 0, 1, 2, 1, 0, 2, 2, 3, 1, 3, 0, 1, 2, 1, 2, 2, 1, 1, 1, 0, 1, 1], [1, 0, 1, 1, 1, 2, 1, 3, 1, 0, 0, 2, 2, 2, 1, 1, 2, 1, 3, 0, 0, 2, 1, 2, 2, 0, 3, 2, 2, 1, 1, 3, 0, 2, 2, 2, 1, 1, 2, 2, 1, 2, 0, 2, 0, 2, 2, 1, 1, 1, 3, 2, 2, 3, 2, 2, 2, 0, 3, 2, 1, 3, 2, 1, 0, 1, 0, 1, 1, 0, 0, 1, 2, 1, 0, 2, 2, 3, 1, 3, 0, 1, 2, 1, 2, 2, 1, 1, 1, 0, 1, 1], [2, 0, 2, 2, 0, 2, 2, 2, 1, 1, 1, 1, 2, 2, 1, 1, 3, 1, 2, 1, 2, 1, 2, 3, 3, 1, 2, 2, 2, 2, 1, 2, 1, 1, 1, 1, 1, 2, 3, 3, 2, 3, 2, 1, 1, 2, 1, 2, 2, 1, 2, 3, 2, 2, 3, 2, 3, 1, 3, 2, 2, 2, 1, 2, 1, 2, 1, 2, 2, 1, 1, 0, 3, 0, 1, 3, 2, 3, 1, 2, 0, 2, 1, 2, 3, 1, 2, 1, 0, 1, 1, 2], [3, 3, 1, 1, 3, 0, 1, 0, 1, 2, 3, 1, 1, 0, 1, 1, 0, 1, 0, 2, 3, 2, 1, 1, 1, 2, 0, 0, 0, 3, 1, 1, 2, 1, 1, 1, 2, 2, 0, 1, 2, 1, 3, 1, 3, 0, 1, 1, 2, 1, 1, 1, 0, 1, 0, 0, 0, 3, 1, 0, 2, 1, 1, 2, 2, 3, 2, 3, 2, 2, 2, 3, 0, 3, 2, 1, 0, 1, 1, 0, 3, 2, 1, 2, 1, 1, 2, 1, 2, 2, 1, 3], [2, 0, 2, 2, 0, 2, 2, 2, 1, 1, 1, 1, 3, 2, 1, 1, 3, 1, 2, 1, 2, 1, 2, 3, 3, 1, 2, 2, 2, 2, 1, 2, 1, 1, 1, 1, 1, 2, 3, 3, 2, 3, 2, 1, 1, 2, 1, 2, 2, 1, 2, 3, 2, 2, 3, 2, 3, 2, 3, 2, 2, 2, 1, 2, 1, 2, 1, 2, 2, 1, 1, 0, 3, 0, 1, 3, 2, 3, 1, 2, 0, 2, 1, 2, 3, 1, 2, 1, 0, 1, 1, 2], [1, 1, 1, 1, 1, 2, 1, 2, 0, 0, 0, 1, 2, 2, 0, 1, 2, 0, 2, 0, 0, 1, 1, 2, 2, 0, 2, 1, 1, 1, 1, 2, 0, 1, 1, 1, 1, 1, 2, 2, 1, 2, 1, 1, 0, 2, 1, 1, 1, 0, 2, 2, 1, 2, 2, 1, 2, 0, 2, 2, 1, 2, 1, 1, 0, 1, 0, 1, 1, 0, 0, 1, 2, 1, 0, 2, 2, 2, 0, 2, 0, 1, 1, 1, 2, 1, 1, 0, 1, 0, 0, 1], [3, 3, 1, 1, 3, 0, 1, 1, 1, 2, 2, 2, 0, 2, 1, 1, 1, 2, 2, 2, 2, 2, 1, 0, 0, 2, 1, 1, 0, 2, 1, 2, 2, 2, 2, 2, 2, 1, 1, 0, 2, 0, 2, 2, 2, 1, 2, 1, 1, 1, 2, 0, 1, 2, 0, 1, 0, 2, 0, 1, 1, 2, 2, 1, 2, 2, 2, 2, 1, 2, 2, 3, 1, 3, 2, 0, 1, 0, 1, 1, 3, 1, 2, 1, 0, 2, 1, 1, 3, 2, 2, 2], [3, 3, 1, 1, 2, 0, 1, 0, 1, 2, 2, 1, 1, 0, 1, 1, 0, 1, 1, 2, 2, 1, 1, 1, 1, 2, 0, 0, 0, 3, 1, 1, 2, 1, 1, 1, 1, 1, 0, 1, 2, 0, 3, 1, 2, 0, 1, 1, 1, 1, 1, 1, 0, 1, 0, 0, 0, 2, 1, 0, 2, 1, 1, 1, 2, 2, 2, 2, 1, 2, 2, 2, 0, 2, 2, 1, 0, 1, 1, 0, 2, 1, 1, 1, 1, 1, 1, 1, 2, 2, 1, 2], [3, 3, 1, 1, 3, 1, 1, 2, 2, 2, 3, 2, 0, 2, 1, 1, 1, 2, 2, 2, 2, 3, 1, 0, 0, 3, 2, 1, 1, 2, 2, 2, 2, 2, 3, 3, 3, 1, 1, 0, 2, 0, 2, 2, 2, 1, 2, 1, 1, 2, 2, 0, 1, 2, 1, 1, 1, 2, 0, 1, 1, 2, 2, 1, 3, 2, 2, 2, 1, 3, 3, 3, 1, 3, 2, 0, 1, 0, 2, 2, 3, 1, 2, 1, 0, 2, 1, 2, 3, 2, 2, 2], [2, 1, 0, 1, 1, 1, 0, 1, 0, 0, 1, 1, 1, 1, 0, 0, 1, 0, 2, 0, 1, 1, 1, 1, 2, 1, 1, 1, 1, 1, 0, 1, 0, 1, 1, 1, 1, 1, 1, 1, 1, 1, 1, 1, 1, 1, 1, 1, 1, 0, 2, 1, 1, 2, 1, 1, 1, 1, 2, 1, 1, 1, 1, 0, 1, 1, 0, 1, 1, 1, 1, 1, 1, 1, 0, 1, 1, 2, 0, 2, 1, 0, 1, 1, 2, 1, 1, 0, 1, 0, 0, 1], [4, 3, 1, 2, 2, 1, 1, 0, 2, 2, 3, 1, 1, 0, 2, 1, 0, 1, 0, 2, 3, 1, 2, 2, 2, 2, 0, 0, 1, 3, 1, 0, 2, 1, 1, 1, 1, 2, 0, 2, 3, 1, 3, 1, 3, 0, 1, 2, 2, 2, 0, 2, 1, 0, 1, 0, 1, 3, 2, 0, 2, 0, 1, 2, 2, 3, 2, 3, 2, 3, 3, 2, 0, 2, 2, 1, 0, 2, 2, 0, 3, 2, 1, 2, 2, 1, 2, 1, 2, 2, 1, 3], [1, 0, 1, 2, 1, 2, 1, 3, 1, 0, 0, 1, 2, 2, 1, 1, 2, 1, 3, 0, 1, 1, 2, 3, 3, 0, 2, 2, 2, 1, 1, 2, 0, 2, 2, 2, 1, 2, 3, 2, 1, 2, 1, 1, 1, 2, 2, 2, 2, 1, 3, 3, 2, 3, 2, 2, 2, 1, 3, 2, 2, 2, 1, 1, 0, 1, 0, 1, 1, 0, 0, 0, 3, 0, 0, 3, 2, 3, 1, 3, 0, 1, 1, 1, 3, 1, 2, 1, 1, 0, 1, 1], [1, 2, 0, 0, 2, 1, 0, 2, 0, 1, 1, 1, 1, 2, 0, 0, 2, 0, 2, 1, 0, 2, 0, 1, 1, 1, 2, 1, 1, 1, 0, 2, 1, 2, 2, 2, 2, 0, 1, 1, 0, 1, 1, 2, 1, 1, 2, 0, 0, 0, 2, 1, 1, 2, 1, 1, 1, 1, 1, 1, 0, 2, 1, 0, 1, 1, 1, 1, 0, 1, 1, 2, 2, 2, 1, 1, 1, 1, 0, 2, 1, 0, 2, 0, 1, 2, 0, 0, 2, 1, 1, 1], [3, 2, 1, 2, 1, 1, 1, 1, 1, 1, 2, 0, 2, 0, 1, 1, 1, 1, 1, 1, 2, 0, 2, 2, 2, 1, 1, 1, 1, 2, 1, 0, 1, 0, 0, 0, 0, 2, 1, 2, 2, 2, 2, 0, 2, 1, 0, 2, 2, 1, 1, 2, 1, 1, 1, 1, 1, 2, 2, 1, 2, 0, 0, 2, 1, 2, 1, 2, 2, 2, 2, 1, 1, 1, 1, 2, 1, 2, 1, 1, 1, 2, 0, 2, 2, 0, 2, 1, 1, 1, 0, 2], [1, 2, 0, 0, 2, 1, 1, 2, 1, 1, 1, 2, 1, 2, 0, 0, 2, 1, 2, 1, 1, 2, 0, 1, 1, 1, 2, 1, 1, 1, 1, 2, 1, 2, 2, 2, 2, 0, 2, 1, 0, 1, 1, 2, 1, 1, 2, 0, 0, 0, 2, 1, 1, 2, 1, 1, 1, 1, 1, 2, 0, 2, 2, 0, 1, 1, 1, 1, 0, 1, 1, 2, 2, 2, 1, 1, 1, 1, 1, 2, 1, 0, 2, 0, 1, 2, 0, 1, 2, 1, 1, 0], [3, 3, 1, 1, 3, 1, 1, 2, 2, 2, 2, 2, 0, 2, 1, 1, 1, 2, 2, 2, 2, 3, 1, 0, 0, 2, 2, 1, 1, 2, 1, 2, 2, 2, 3, 2, 3, 1, 1, 0, 2, 0, 2, 2, 2, 1, 2, 1, 1, 2, 2, 0, 1, 2, 1, 1, 1, 2, 0, 1, 1, 2, 2, 1, 2, 2, 2, 2, 1, 2, 2, 3, 1, 3, 2, 0, 1, 0, 2, 2, 3, 1, 2, 1, 0, 2, 1, 1, 3, 2, 2, 2], [3, 1, 1, 2, 1, 1, 1, 1, 1, 1, 2, 0, 2, 0, 1, 1, 1, 1, 1, 1, 2, 0, 2, 2, 2, 1, 1, 1, 1, 2, 1, 1, 1, 0, 0, 0, 0, 2, 1, 2, 2, 2, 2, 0, 2, 1, 0, 2, 2, 1, 1, 2, 1, 1, 1, 1, 1, 2, 3, 1, 2, 1, 0, 2, 1, 2, 1, 2, 2, 2, 2, 1, 1, 1, 1, 2, 1, 2, 1, 1, 1, 2, 0, 2, 2, 0, 2, 1, 1, 1, 0, 2], [2, 2, 1, 0, 2, 1, 1, 2, 1, 1, 1, 2, 0, 2, 1, 1, 2, 1, 2, 1, 1, 2, 0, 1, 1, 1, 2, 1, 1, 1, 1, 2, 1, 2, 2, 2, 2, 0, 2, 0, 1, 1, 1, 2, 1, 1, 2, 0, 0, 1, 2, 1, 1, 2, 1, 1, 1, 1, 1, 2, 0, 2, 2, 0, 2, 1, 1, 1, 0, 1, 1, 2, 2, 2, 1, 1, 1, 1, 1, 2, 2, 0, 2, 0, 1, 2, 0, 1, 2, 1, 1, 1], [2, 1, 0, 1, 1, 1, 0, 1, 0, 1, 1, 1, 1, 1, 0, 0, 1, 0, 1, 1, 1, 1, 1, 1, 1, 1, 1, 1, 1, 1, 0, 1, 0, 1, 1, 1, 1, 1, 1, 1, 1, 1, 1, 1, 1, 1, 1, 1, 1, 0, 1, 1, 1, 2, 1, 1, 1, 1, 2, 1, 1, 1, 1, 0, 1, 1, 0, 1, 1, 1, 1, 1, 1, 1, 0, 1, 1, 2, 0, 1, 1, 0, 1, 1, 1, 1, 1, 0, 1, 0, 0, 1], [2, 0, 1, 2, 0, 2, 2, 2, 1, 1, 1, 1, 2, 2, 1, 1, 2, 1, 2, 1, 2, 1, 2, 3, 3, 1, 2, 2, 2, 2, 1, 2, 0, 1, 1, 1, 0, 2, 2, 2, 2, 3, 2, 1, 1, 2, 1, 2, 2, 1, 2, 3, 2, 2, 2, 2, 2, 2, 3, 2, 2, 2, 1, 2, 1, 2, 1, 2, 2, 1, 1, 0, 2, 0, 1, 3, 2, 3, 1, 2, 1, 2, 1, 2, 3, 1, 2, 1, 0, 1, 1, 2], [1, 1, 1, 1, 1, 2, 1, 2, 0, 0, 0, 1, 2, 2, 0, 1, 2, 0, 2, 0, 0, 1, 1, 2, 2, 0, 2, 1, 1, 1, 1, 2, 0, 1, 1, 1, 1, 1, 2, 2, 0, 2, 1, 1, 0, 2, 1, 1, 1, 0, 2, 2, 2, 2, 2, 1, 2, 0, 2, 2, 1, 2, 1, 1, 0, 1, 0, 1, 1, 0, 0, 1, 2, 1, 0, 2, 2, 2, 0, 2, 0, 1, 1, 1, 2, 1, 1, 0, 1, 0, 0, 1], [2, 1, 0, 1, 1, 1, 0, 1, 0, 1, 1, 0, 1, 1, 0, 0, 1, 0, 1, 1, 1, 1, 1, 1, 2, 1, 1, 1, 1, 2, 0, 1, 0, 1, 1, 1, 1, 1, 1, 1, 1, 1, 1, 1, 1, 1, 1, 1, 1, 0, 1, 2, 1, 1, 1, 1, 1, 1, 2, 1, 1, 1, 0, 1, 1, 1, 0, 1, 1, 1, 1, 1, 1, 1, 0, 2, 1, 2, 0, 1, 1, 1, 0, 1, 2, 0, 1, 0, 1, 0, 0, 1], [0, 2, 1, 1, 2, 2, 1, 3, 1, 1, 1, 2, 2, 3, 1, 1, 3, 1, 3, 1, 0, 2, 1, 2, 2, 1, 3, 2, 2, 0, 1, 3, 1, 2, 3, 2, 2, 1, 3, 2, 0, 2, 0, 2, 0, 2, 2, 1, 1, 1, 3, 2, 2, 3, 2, 2, 2, 0, 2, 2, 1, 3, 2, 1, 1, 0, 1, 0, 1, 1, 1, 2, 3, 2, 1, 2, 2, 2, 1, 3, 1, 1, 2, 0, 2, 2, 1, 1, 2, 1, 1, 0]]
