50 1013.4933626879971 0 1680 28 60
[13.334129449308307, 57.37371912181522, 19.10646809862775, 74.39343560447475, 81.57740429714335, 83.7333928049857, 20.737939274629696, 75.03351497184444, 25.812712557408055, 92.87522851360187, 9.251986985284852, 17.452126938405556, 53.484723104043496, 76.70784017487881, 91.65472003399304, 18.512702051951702, 76.38941239583157, 90.42180889598848, 42.8828926253971, 58.33702166309379, 86.5731511977464, 9.005935554887614, 75.14104728302294, 25.53497820482616, 76.85626365069896, 85.33438703270525, 50.21436271531533, 58.72610317771621, 48.80926965705943, 14.248226964573607, 41.781590903237856, 77.46551081301267, 59.53928269358431, 81.11216573207312, 82.13955658879811, 80.13622928992066, 14.017119862046592, 16.313736349423976, 23.816412547396688, 73.76358344606864, 79.72638014585847, 78.30722123722003, 87.9699227872225, 82.31411380165792, 52.1040349349381, 81.76403730947746, 10.955462806217056, 8.363763105012923, 53.514208037372626, 76.98817305478094]
[42.58208082725199, 82.2762368985247, 22.760962116191223, 24.478720574865747, 55.45981433240999, 25.676339426965207, 11.231894176034029, 88.023211143389, 15.737716040150701, 41.52667235167941, 55.63955486639348, 56.62279455983253, 23.709870454761194, 56.266663250013075, 21.16537455928915, 15.013949179435286, 8.451590805880315, 23.13137217669764, 86.51404615752213, 45.02796198636496, 86.85698207195362, 84.80433476864465, 77.63044988485424, 25.081510386555614, 76.05813035120617, 80.25435487336563, 75.07526313946212, 91.8947868101722, 19.03599299912195, 82.14009327882012, 11.212741032019514, 54.18490084737853, 83.86449228920694, 49.434984694577835, 13.853603433443293, 26.440320333823166, 26.626313748522016, 78.54090371440026, 12.60009682871552, 24.23293883055871, 93.02701206363531, 84.89897849578516, 19.38547468732189, 7.734983040339795, 93.00312152849531, 15.770995411921193, 51.96590980875273, 17.17797953329857, 15.138459222348958, 22.954076035287514]
[4, 8, 1, 3, 6, 3, 1, 9, 1, 6, 4, 4, 2, 6, 3, 1, 3, 3, 8, 5, 9, 7, 9, 1, 9, 9, 8, 8, 2, 7, 2, 6, 8, 6, 3, 3, 1, 7, 1, 3, 9, 9, 3, 3, 8, 3, 4, 1, 2, 3]
[1, 2, 3, 4, 5, 6, 7, 8, 9, 10, 11, 12, 13, 14, 15, 16, 17, 18, 19, 20, 21, 22, 23, 24, 25, 26, 27, 28, 29, 30, 31, 32, 33, 34, 35, 36, 37, 38, 39, 40, 41, 42, 43, 44, 45, 46, 47, 48, 49, 50]
[1, 2, 1, 3, 2, 3, 1, 2, 1, 2, 1, 1, 1, 2, 3, 1, 3, 3, 2, 2, 2, 2, 2, 1, 2, 2, 2, 2, 1, 2, 1, 2, 2, 2, 3, 3, 1, 2, 1, 3, 2, 2, 3, 3, 2, 3, 1, 1, 1, 3]
[3, 2, 3, 2, 2, 2, 3, 1, 3, 2, 3, 3, 2, 2, 2, 3, 2, 2, 2, 3, 1, 2, 1, 3, 1, 1, 2, 2, 2, 2, 2, 2, 2, 2, 2, 2, 3, 2, 3, 2, 1, 1, 2, 2, 2, 2, 3, 3, 2, 2]
[5, 5, 10, 4, 8, 5, 7, 5, 9, 7, 5, 4, 10, 6, 8, 1, 6, 4, 5, 3, 1, 10, 3, 5, 8, 5, 4, 10, 3, 5, 3, 9, 6, 2, 6, 9, 2, 4, 10, 9, 10, 1, 4, 6, 2, 6, 5, 10, 3, 6]
[3621.9908217946286, 3329.3093210192733, 3091.000550214535, 1845.5774834569763, 2068.226239900668, 3606.8698303347505, 3207.763235018861, 3182.3758665293917, 3101.6030305633776, 4418.576338353996, 3346.3775850627967, 1934.9352454525138, 2317.917199441009, 1796.5792510549218, 2066.948001424351, 3411.177140766032, 1691.9802383108388, 1776.4387827325488, 3633.0704466876664, 3736.962344644055, 2241.820978177863, 2010.305475736998, 3990.8687030988704, 3246.4282436714966, 2066.908167954094, 3602.299357684565, 1781.6256237179193, 2658.568285057181, 3741.0757387244344, 3581.165564162412, 3888.4576545363434, 3317.081589912748, 1797.0909702631052, 3478.059954441956, 1849.4686897476176, 3357.871004583785, 3538.6183262481422, 1605.372237699181, 4701.837935175188, 2785.3101485303464, 3702.3050099147745, 3173.2771250567203, 1755.769205654835, 1709.9020592167794, 3336.210626872439, 1821.9810304522464, 3641.061005755736, 3425.5595929286146, 3806.1105947724086, 1689.2182358359973]
[0.1795399473418126, 0.1795333913292925, 0.4180580985310117, 0.589036779044106, 0.6493201543033589, 0.17937515320460476, 0.5418350604785482, 0.17934919785392606, 0.39355782048707105, 0.5481400645459314, 0.17964009330523759, 0.6631777685877244, 0.8355342577721179, 0.2290822924537686, 0.4733306940386234, 0.7424482573016644, 0.2696333753194092, 0.5124524112202833, 0.17936836685795396, 0.6892240798108074, 0.7319597922017851, 0.8307220606767979, 0.5416532269756493, 0.1790823884718575, 0.5629492507769305, 0.17934786819374024, 0.3960923670162439, 0.4099283060241249, 0.5600798942027689, 0.17922935041856647, 0.6360708995179927, 0.3713202653369145, 0.2467205503060508, 0.44999755515612566, 0.1712412420521196, 0.3770947893951187, 0.7358473847305871, 0.6167900856675561, 0.3512501068609495, 0.3881594582232019, 0.5903453645105328, 0.7141709880262648, 0.4790109602624735, 0.1851188477945816, 0.8158895790087218, 0.1737354705711566, 0.17973543484584398, 0.7916242551636032, 0.5439244956087893, 0.21827191917472336]
[0.6996191456279945, 0.7040221450030235, 0.8131606415824146, 0.6515826321019971, 1.0274176626679599, 0.5437512310408273, 0.5329607158427471, 0.9323268230073722, 0.9980177906372989, 0.8208299029623991, 0.9962976322525174, 0.5976689054709602, 0.8745340985089113, 0.6621864138671336, 0.6064367712469004, 1.098709685589207, 0.6805472351206475, 0.7133902235532733, 1.0677905029370227, 0.6126731961800416, 0.6192532686533291, 0.9802340286523241, 0.5307437021101672, 1.0743853124668568, 0.6512416739908897, 1.0209995385701633, 0.5363784373579449, 1.0861196399054887, 0.8704014796878128, 0.8741081935014321, 0.9226575592930577, 0.7176347626610537, 0.5513802014000612, 1.0851642999596396, 0.7475243274013333, 0.988827161870649, 0.7819279591361219, 0.6964053882087151, 1.0089351453694158, 0.7921943365473154, 0.7524491860967881, 0.7304601348336628, 0.6277551473186056, 1.036310802299018, 0.7233702309883802, 0.8524991950773197, 0.7746495080198557, 0.5299649244253991, 0.9670064872926869, 0.5437813117943164]
[0.632204179412281, 0.8852798220323561, 0.8243261885672928, 0.8446464975077448, 0.52323026064522, 0.8898558410365054, 0.9405586216109184, 0.5437122315248676, 0.8448299398496986, 0.5348424307113501, 0.8280005314424523, 0.7224626763241048, 0.5637908137493646, 0.6976224695197188, 0.5939532552254734, 0.9541249573452631, 0.8669385710284071, 0.5964762285719775, 0.6034334301546792, 0.593652808149255, 0.9681195275718498, 0.8362699542411569, 1.0526670289718902, 0.8960138948226617, 0.9040976722974015, 0.770108610194445, 0.5588858235657687, 1.0699574744462623, 0.8199500161092846, 0.5982188804593974, 1.0153329950727623, 0.7367304219174617, 0.7302531472885241, 0.8449291390331167, 0.5910237820877435, 0.5262923238783296, 0.6126549296843478, 0.9752250988384245, 0.7540384073277898, 0.6244264061456721, 0.5687631552371338, 1.0751636436231724, 0.9194066726645553, 0.7315534351666861, 0.713585370110756, 0.8065448206448678, 1.0843733950978969, 0.9449477438280598, 0.9135956132258971, 0.9157632968772932]
[0.9638335113943568, 0.8993370649100949, 1.0920691154545525, 0.6609796459125568, 0.567023319015634, 0.536246371106273, 1.029491381671412, 0.9754724176161202, 0.7765412105956759, 0.5270410536466137, 1.0925254063798913, 0.7862197926255097, 1.0836002932213655, 0.8118872037656445, 0.7806136569414351, 0.9447959577127687, 0.851809403894986, 0.6069213446686283, 0.6485876422838961, 0.7909045641843846, 0.851546066091853, 1.00871770777696, 0.8181883280112106, 0.7623176656055645, 1.0470417797917737, 1.0639853405155473, 0.9774099730598071, 0.9415010584793195, 0.7428230746755398, 0.5858149097062263, 0.6223464438263897, 0.8062650352339156, 0.5165554643107606, 0.8064714525595762, 0.9260544802237871, 0.8483855871379715, 0.5311484880542016, 1.0220452300720217, 0.5016374103311064, 0.5312819211048054, 0.6081399947706035, 0.8898586735492646, 0.9062669012223974, 0.9586427902063983, 0.6098996941967304, 0.9254232945501594, 0.894425151665744, 0.515956019136498, 0.7919947904539267, 0.7591437304945488]
[0.8207066567446073, 0.9963862016860434, 1.098390782012125, 0.5926690784577938, 0.7112932161970966, 1.089837197120406, 0.8496844886322084, 1.0116144718537736, 0.6119277899071663, 0.8125406116024945, 1.043097233477709, 0.5616155112717014, 0.660205624107402, 0.7338900508040875, 0.5370066677802023, 0.8839499714256748, 0.7049033120098991, 0.6466961287826848, 0.5385068798333051, 0.5940327783219235, 0.7045980893869604, 0.5852428413971529, 0.8022841931184916, 1.0955410574485327, 0.6665656918934926, 0.8609926169588127, 0.8676785634234319, 0.6956258233899586, 0.7700745020718307, 0.5957179902582966, 0.6366840037307879, 0.7344897733174436, 0.6057894490738998, 0.953709246333204, 0.7293586940385076, 0.742833608637375, 0.7865037980005987, 0.8060744099392605, 0.6310785436155499, 0.6674360842954443, 0.5921241920593002, 1.0880540381080168, 0.6782312987415291, 0.865862025254063, 0.7487728243503085, 0.7729413172935127, 0.51580909303413, 0.7144090336426068, 0.9272393774500893, 0.5651647330562792]
[0.6155087620744475, 0.8947016058543635, 0.9299905276006817, 1.0880525024799126, 0.9873405006371405, 1.0060086062520646, 0.7993852225552576, 0.5127836566768087, 0.7396250595519264, 0.517259063637407, 0.8222932398440259, 0.9575426352833583, 0.6873927659159, 0.5441379239688032, 0.9627168088962277, 1.0289633764810455, 0.6177614771528409, 1.0210822006093858, 0.7940058311023637, 0.9581441459036779, 1.0180874512256324, 0.6034823284395132, 0.6690169406284764, 0.9974480468179014, 0.7492025991003115, 1.0365347543794297, 0.6958929429438703, 0.9694258897155378, 0.9405815319943611, 0.6554612788764292, 0.9497734859396643, 0.7800148550130215, 1.028130610955405, 1.0476898698483348, 1.0549722903530272, 0.5685203002418184, 0.9887622163683807, 0.615778724092616, 0.6027429452374675, 0.6838902617882874, 0.5141674100465272, 0.7973296202915945, 1.0101286676468144, 0.8661079707534172, 1.087824988402481, 1.0684642327100025, 1.0905078477298769, 0.6144041008089327, 1.0167008361367145, 0.5860859323838431]
[0.21534920171965666, 0.499683834649051, 0.7477578431816281, 0.23458200433049328, 0.21407030079346762, 0.2844772870971436, 0.3505238623175719, 0.25650833673082624, 0.2963356365319706, 0.0972470990888094, 0.7730414343417245, 0.1825648919421622, 0.24246442882935323, 0.14977399641172892, 0.14536242904600874, 0.9008528128758742, 0.21884639838530143, 0.1705350575096923, 0.17868950176337905, 0.1637294297687893, 0.3662115019175661, 0.29204285189740053, 0.24535476695892466, 0.8019175785037893, 0.3078674529767926, 0.7466145769645745, 0.17691818316626956, 0.7378282953181989, 0.3839914693883511, 0.1196116508282658, 0.3525536670616766, 0.24421848065025312, 0.12954228696885287, 0.738845312632442, 0.31481037861145705, 0.18645679996680337, 0.19787517446265895, 0.34453783610754063, 0.1451650893318996, 0.1199593582548914, 0.0792372781193273, 0.6062901194153335, 0.3583509638344636, 0.5450214788629819, 0.25643310442118744, 0.5254960102337238, 0.42261596146778296, 0.11341451655021675, 0.659615368100094, 0.12521831975617229]
[615.0401876201815, 678.2730837677783, 403.97563342473615, 392.4926531802098, 670.7899449400386, 780.7277346207276, 197.15268730154352, 550.5619666904569, 1484.6466722159037, 171.85336406482338, 638.6484684542327, 435.0710202705995, 506.3982968584685, 96.18785472386234, 590.4472423555251, 384.36701962070526, 123.12909041462049, 403.3794629872447, 737.367269808, 597.1890607383428, 317.82696026708743, 618.1505926544916, 325.5070849915645, 707.8535796153627, 464.1978583178638, 747.6383330092347, 492.66579509920683, 373.0090336173826, 838.9876471745488, 703.7623105967839, 624.8774261727357, 1284.6671620165184, 86.73153176677974, 449.5614310043419, 440.76142595655426, 1265.8170551127569, 506.4694791905022, 274.93561343834926, 353.22575466379703, 793.5450898313238, 372.51713822518957, 389.73984131563543, 345.7012852967903, 352.885923749508, 594.7564564960476, 290.0339135250992, 855.6462735191504, 468.14824655955204, 712.7340844436437, 267.7470717056997]
[137.79100840689404, 339.92788790908037, 311.2784139841622, 93.31182752174384, 151.49230031638243, 217.35558704964126, 69.66651944217733, 146.72426562397072, 441.99623271790216, 15.925076347944417, 481.7172335189192, 71.2329751808765, 130.20740887675436, 14.981959831693342, 88.31938572565076, 344.6358354813062, 26.589755104291072, 81.56948053702716, 129.986198784854, 94.1364169390407, 117.46244488850556, 187.25402588315458, 78.82833380688642, 579.5261474125709, 137.7988571768239, 544.0482784483714, 93.28931955981473, 278.94226527660317, 305.80962456399317, 82.04372105774564, 227.27357203166588, 253.91587070582185, 12.281776258709018, 324.70166859755733, 135.45179640213715, 231.7077884872727, 110.58961687081263, 97.47491641056853, 47.987310569446606, 107.13926008200691, 30.79902867883103, 236.21523547007843, 130.68753306737477, 192.69876311354554, 151.24590252461897, 152.9060525950164, 350.3444163740843, 63.34914189400742, 482.3557235005238, 33.144036307587484]
[2575.2009381009075, 2891.3654188388914, 1519.8781671236804, 1462.4632659010492, 2853.9497247001927, 3403.638673103639, 485.7634365077176, 2252.8098334522842, 6923.233361079518, 359.26682032411685, 2693.2423422711636, 1675.3551013529977, 2031.9914842923426, -19.060726380688326, 2452.2362117776247, 1421.8350981035262, 115.64545207310246, 1516.8973149362234, 3186.83634904, 2485.9453036917134, 1089.1348013354373, 2590.752963272458, 1127.5354249578224, 3039.2678980768137, 1820.9892915893188, 3238.191665046173, 1963.3289754960344, 1365.0451680869132, 3694.938235872744, 3018.81155298392, 2624.387130863678, 5923.335810082592, -66.34234116610132, 1747.8071550217096, 1703.8071297827712, 5829.085275563784, 2032.347395952511, 874.6780671917463, 1266.128773318985, 3467.725449156619, 1362.5856911259477, 1448.6992065781774, 1228.5064264839514, 1264.4296187475397, 2473.782282480237, 950.169567625496, 3778.231367595752, 1840.74123279776, 3063.6704222182184, 838.7353585284983]
[188.95504203447018, 1199.6394395454017, 1056.392069920811, -33.44086239128077, 257.46150158191205, 586.7779352482064, -151.66740278911334, 233.6213281198535, 1709.9811635895107, -420.3746182602779, 1908.5861675945962, -143.83512409561754, 151.03704438377173, -425.09020084153326, -58.40307137174621, 1223.179177406531, -367.05122447854467, -92.15259731486421, 149.93099392426998, -29.317915304796536, 87.31222444252782, 436.270129415773, -105.85833096556787, 2397.630737062854, 188.9942858841194, 2220.241392241857, -33.5534022009263, 894.7113263830156, 1029.048122819966, -89.78139471127177, 636.3678601583293, 769.5793535291092, -438.5911187064549, 1123.508342987787, 177.25898201068566, 658.5389424363633, 52.948084354063134, -12.625417947157425, -260.06344715276697, 35.69630041003462, -346.0048566058448, 681.076177350392, 153.43766533687378, 463.4938155677277, 256.22951262309476, 264.530262975082, 1251.7220818704218, -183.25429052996296, 1911.778617502619, -334.2798184620626]
[72.43981643589257, 99.8792796305782, 61.8200110042907, 73.82309933827905, 62.04678719702004, 144.27479321339, 64.15526470037722, 95.47127599588175, 62.03206061126755, 132.55729015061988, 66.92755170125594, 38.69870490905028, 46.35834398882018, 53.89737753164765, 82.67792005697405, 68.22354281532064, 67.67920953243356, 71.05755130930196, 108.99211340063, 112.10887033932164, 67.25462934533587, 60.30916427210994, 119.7260610929661, 64.92856487342993, 62.00724503862282, 108.06898073053696, 53.44876871153758, 79.75704855171543, 74.82151477448869, 107.43496692487237, 77.76915309072687, 99.51244769738244, 53.912729107893156, 104.34179863325868, 73.97874758990471, 134.3148401833514, 70.77236652496285, 48.16116713097543, 94.03675870350376, 111.41240594121386, 111.06915029744324, 95.1983137517016, 70.2307682261934, 68.39608236867117, 100.08631880617318, 72.87924121808985, 72.82122011511471, 68.51119185857229, 76.12221189544817, 67.5687294334399]
[2, 4, 2, 3, 2, 7, 2, 4, 2, 6, 2, 1, 1, 2, 4, 2, 3, 3, 5, 5, 3, 2, 5, 2, 2, 5, 2, 3, 2, 5, 2, 4, 2, 4, 3, 7, 2, 2, 3, 5, 5, 4, 3, 3, 4, 3, 2, 2, 2, 3]
[45, 16, 16, 29, 27, 35, 13, 48, 58, 10, 49, 2, 21, 13, 44, 11, 39, 24, 22, 20, 28, 34, 13, 59, 59, 41, 9, 25, 32, 21, 0, 37, 49, 37, 59, 11, 42, 16, 12, 35, 15, 57, 41, 27, 28, 49, 52, 48, 47, 53]
[60, 52, 40, 60, 39, 59, 37, 60, 60, 34, 60, 38, 45, 49, 60, 60, 51, 48, 34, 60, 60, 60, 49, 60, 60, 60, 21, 60, 60, 60, 48, 60, 60, 60, 60, 47, 60, 28, 24, 47, 39, 60, 60, 39, 40, 60, 60, 60, 60, 60]
2
[0.0, 0.0]
[33.333333333333336, 66.66666666666667]
[[0, 1, 0, 2, 0, 2, 3, 3, 1, 3, 1, 3, 0, 1, 1, 2, 3, 0, 2, 3, 2, 2, 3, 1, 3, 0, 3, 3, 2, 2, 1, 1, 1, 2, 2, 2, 3, 2, 0, 1, 1, 2, 3, 3, 3, 3, 2, 2, 0, 0, 2, 2], [1, 0, 0, 2, 1, 3, 2, 3, 2, 2, 2, 3, 0, 0, 2, 2, 3, 1, 3, 3, 1, 2, 3, 0, 2, 1, 2, 3, 1, 2, 2, 0, 2, 2, 2, 2, 3, 3, 1, 0, 2, 3, 2, 2, 3, 3, 2, 3, 0, 1, 2, 3], [0, 0, 0, 2, 0, 2, 2, 2, 1, 2, 1, 2, 0, 0, 1, 2, 2, 1, 2, 2, 1, 1, 3, 1, 2, 0, 2, 2, 1, 2, 1, 1, 1, 2, 2, 2, 2, 2, 0, 1, 1, 2, 2, 2, 2, 2, 2, 2, 0, 0, 1, 2], [2, 2, 2, 0, 2, 2, 1, 2, 2, 0, 2, 1, 1, 1, 2, 1, 2, 2, 2, 2, 0, 1, 1, 1, 0, 2, 0, 1, 0, 0, 2, 1, 2, 1, 0, 1, 2, 2, 2, 1, 2, 2, 0, 0, 2, 2, 0, 2, 1, 2, 2, 2], [0, 1, 0, 2, 0, 1, 2, 2, 0, 3, 0, 2, 1, 1, 1, 2, 2, 0, 2, 2, 2, 1, 3, 2, 2, 0, 2, 3, 2, 2, 1, 2, 0, 2, 2, 2, 2, 2, 0, 1, 0, 1, 3, 3, 2, 2, 2, 2, 1, 0, 1, 2], [2, 3, 2, 2, 1, 0, 1, 0, 1, 2, 1, 0, 2, 2, 0, 1, 0, 2, 0, 0, 2, 0, 2, 3, 1, 1, 1, 2, 2, 2, 0, 2, 1, 1, 2, 0, 0, 0, 2, 2, 1, 0, 2, 2, 0, 0, 2, 0, 2, 2, 0, 0], [3, 2, 2, 1, 2, 1, 0, 1, 2, 1, 2, 0, 2, 2, 1, 0, 1, 2, 1, 1, 1, 0, 1, 2, 0, 2, 0, 0, 1, 1, 1, 2, 2, 0, 1, 0, 1, 1, 2, 2, 2, 1, 1, 1, 1, 1, 1, 1, 2, 2, 1, 1], [3, 3, 2, 2, 2, 0, 1, 0, 2, 2, 2, 0, 2, 2, 1, 1, 0, 2, 0, 0, 2, 1, 2, 3, 1, 2, 1, 1, 2, 2, 1, 3, 1, 1, 2, 0, 0, 0, 2, 3, 2, 0, 2, 2, 0, 0, 2, 0, 2, 2, 1, 0], [1, 2, 1, 2, 0, 1, 2, 2, 0, 3, 0, 2, 1, 1, 1, 2, 2, 0, 1, 2, 2, 1, 3, 2, 3, 0, 3, 3, 2, 3, 1, 2, 0, 2, 2, 2, 2, 2, 0, 2, 0, 1, 3, 3, 2, 2, 3, 2, 1, 0, 1, 2], [3, 2, 2, 0, 3, 2, 1, 2, 3, 0, 3, 1, 2, 2, 2, 1, 2, 3, 2, 2, 1, 1, 0, 2, 0, 2, 0, 0, 0, 0, 2, 2, 2, 1, 0, 1, 2, 2, 3, 2, 3, 2, 0, 0, 2, 2, 0, 2, 2, 3, 2, 2], [1, 2, 1, 2, 0, 1, 2, 2, 0, 3, 0, 2, 1, 1, 1, 2, 2, 0, 1, 2, 2, 1, 3, 2, 2, 0, 2, 3, 2, 2, 0, 2, 0, 2, 2, 2, 2, 1, 0, 2, 0, 1, 3, 3, 2, 2, 2, 1, 1, 0, 0, 1], [3, 3, 2, 1, 2, 0, 0, 0, 2, 1, 2, 0, 3, 2, 1, 0, 0, 2, 1, 0, 2, 1, 1, 3, 1, 2, 1, 1, 1, 2, 1, 3, 2, 0, 1, 0, 1, 0, 2, 3, 2, 0, 1, 1, 0, 1, 2, 1, 2, 3, 1, 0], [0, 0, 0, 1, 1, 2, 2, 2, 1, 2, 1, 3, 0, 0, 1, 2, 3, 1, 2, 3, 1, 1, 2, 1, 2, 1, 2, 2, 1, 2, 1, 0, 1, 2, 2, 2, 3, 2, 1, 0, 1, 2, 2, 2, 3, 3, 2, 2, 0, 1, 2, 2], [1, 0, 0, 1, 1, 2, 2, 2, 1, 2, 1, 2, 0, 0, 1, 2, 2, 1, 2, 2, 1, 1, 2, 1, 2, 1, 2, 2, 1, 1, 1, 0, 1, 2, 1, 2, 2, 2, 1, 0, 1, 2, 2, 2, 2, 2, 1, 2, 0, 1, 1, 2], [1, 2, 1, 2, 1, 0, 1, 1, 1, 2, 1, 1, 1, 1, 0, 1, 1, 1, 0, 1, 2, 0, 2, 2, 2, 0, 2, 2, 1, 2, 0, 2, 0, 1, 2, 1, 1, 0, 1, 2, 1, 0, 2, 2, 1, 1, 2, 1, 1, 1, 0, 0], [2, 2, 2, 1, 2, 1, 0, 1, 2, 1, 2, 0, 2, 2, 1, 0, 1, 2, 1, 1, 1, 0, 1, 2, 0, 2, 0, 0, 1, 1, 1, 2, 2, 0, 1, 0, 1, 1, 2, 2, 2, 1, 1, 1, 1, 1, 1, 1, 2, 2, 1, 1], [3, 3, 2, 2, 2, 0, 1, 0, 2, 2, 2, 0, 3, 2, 1, 1, 0, 2, 0, 0, 2, 1, 2, 3, 2, 2, 2, 2, 2, 2, 1, 3, 1, 1, 2, 1, 0, 0, 2, 3, 2, 0, 2, 2, 0, 0, 2, 0, 3, 2, 1, 0], [0, 1, 1, 2, 0, 2, 2, 2, 0, 3, 0, 2, 1, 1, 1, 2, 2, 0, 2, 2, 2, 1, 3, 2, 3, 0, 3, 3, 2, 3, 1, 2, 0, 2, 2, 2, 2, 2, 0, 2, 0, 2, 3, 3, 2, 2, 3, 2, 1, 0, 1, 2], [2, 3, 2, 2, 2, 0, 1, 0, 1, 2, 1, 1, 2, 2, 0, 1, 0, 2, 0, 0, 3, 1, 2, 3, 2, 1, 2, 2, 2, 3, 1, 3, 1, 1, 2, 1, 0, 0, 2, 3, 1, 0, 3, 2, 0, 0, 3, 0, 2, 2, 0, 0], [3, 3, 2, 2, 2, 0, 1, 0, 2, 2, 2, 0, 3, 2, 1, 1, 0, 2, 0, 0, 2, 1, 2, 3, 2, 2, 1, 2, 2, 2, 1, 3, 1, 1, 2, 0, 0, 0, 2, 3, 2, 0, 2, 2, 0, 0, 2, 0, 3, 2, 1, 0], [2, 1, 1, 0, 2, 2, 1, 2, 2, 1, 2, 2, 1, 1, 2, 1, 2, 2, 3, 2, 0, 1, 1, 1, 1, 2, 1, 1, 0, 0, 2, 1, 2, 1, 0, 1, 2, 2, 2, 0, 2, 2, 1, 1, 2, 3, 0, 2, 1, 2, 2, 2], [2, 2, 1, 1, 1, 0, 0, 1, 1, 1, 1, 1, 1, 1, 0, 0, 1, 1, 1, 1, 1, 0, 1, 2, 1, 1, 1, 1, 1, 1, 0, 2, 1, 0, 1, 0, 1, 1, 1, 1, 1, 0, 1, 1, 1, 1, 1, 1, 1, 2, 1, 1], [3, 3, 3, 1, 3, 2, 1, 2, 3, 0, 3, 1, 2, 2, 2, 1, 2, 3, 2, 2, 1, 1, 0, 2, 0, 3, 0, 0, 1, 1, 2, 2, 3, 1, 0, 1, 2, 2, 3, 2, 3, 2, 0, 0, 2, 2, 1, 2, 2, 3, 2, 2], [1, 0, 1, 1, 2, 3, 2, 3, 2, 2, 2, 3, 1, 1, 2, 2, 3, 2, 3, 3, 1, 2, 2, 0, 2, 2, 2, 2, 1, 1, 2, 0, 2, 2, 1, 2, 3, 3, 2, 0, 2, 3, 2, 2, 3, 3, 1, 3, 1, 2, 2, 3], [3, 2, 2, 0, 2, 1, 0, 1, 3, 0, 2, 1, 2, 2, 2, 0, 2, 3, 2, 2, 1, 1, 0, 2, 0, 2, 0, 0, 0, 0, 2, 2, 2, 0, 0, 1, 2, 1, 2, 2, 2, 1, 0, 0, 2, 2, 0, 2, 2, 3, 2, 1], [0, 1, 0, 2, 0, 1, 2, 2, 0, 2, 0, 2, 1, 1, 0, 2, 2, 0, 1, 2, 2, 1, 3, 2, 2, 0, 2, 2, 1, 2, 0, 2, 0, 2, 2, 2, 2, 1, 0, 1, 0, 1, 3, 2, 2, 2, 2, 2, 1, 0, 1, 1], [3, 2, 2, 0, 2, 1, 0, 1, 3, 0, 2, 1, 2, 2, 2, 0, 2, 3, 2, 1, 1, 1, 0, 2, 0, 2, 0, 0, 0, 0, 2, 2, 2, 0, 0, 0, 2, 1, 2, 2, 2, 1, 0, 0, 2, 2, 1, 2, 2, 3, 2, 1], [3, 3, 2, 1, 3, 2, 0, 1, 3, 0, 3, 1, 2, 2, 2, 0, 2, 3, 2, 2, 1, 1, 0, 2, 0, 2, 0, 0, 1, 1, 2, 2, 2, 0, 0, 1, 2, 1, 3, 2, 3, 2, 0, 0, 2, 2, 1, 2, 2, 3, 2, 2], [2, 1, 1, 0, 2, 2, 1, 2, 2, 0, 2, 1, 1, 1, 1, 1, 2, 2, 2, 2, 0, 1, 1, 1, 0, 1, 0, 1, 0, 0, 2, 1, 2, 1, 0, 1, 2, 2, 2, 1, 2, 2, 1, 1, 2, 2, 0, 2, 1, 2, 2, 2], [2, 2, 2, 0, 2, 2, 1, 2, 3, 0, 2, 2, 2, 1, 2, 1, 2, 3, 3, 2, 0, 1, 1, 1, 0, 2, 0, 1, 0, 0, 2, 1, 2, 1, 0, 1, 2, 2, 2, 1, 3, 2, 0, 0, 2, 3, 0, 2, 2, 3, 2, 2], [1, 2, 1, 2, 1, 0, 1, 1, 1, 2, 0, 1, 1, 1, 0, 1, 1, 1, 1, 1, 2, 0, 2, 2, 2, 0, 2, 2, 2, 2, 0, 2, 0, 1, 2, 1, 1, 1, 1, 2, 0, 0, 2, 2, 1, 1, 2, 1, 1, 1, 0, 1], [1, 0, 1, 1, 2, 2, 2, 3, 2, 2, 2, 3, 0, 0, 2, 2, 3, 2, 3, 3, 1, 2, 2, 0, 2, 2, 2, 2, 1, 1, 2, 0, 2, 2, 1, 2, 3, 3, 1, 0, 2, 2, 2, 2, 3, 3, 1, 3, 1, 2, 2, 3], [1, 2, 1, 2, 0, 1, 2, 1, 0, 2, 0, 2, 1, 1, 0, 2, 1, 0, 1, 1, 2, 1, 3, 2, 2, 0, 2, 2, 2, 2, 0, 2, 0, 1, 2, 1, 1, 1, 1, 2, 0, 1, 3, 2, 1, 1, 2, 1, 1, 1, 0, 1], [2, 2, 2, 1, 2, 1, 0, 1, 2, 1, 2, 0, 2, 2, 1, 0, 1, 2, 1, 1, 1, 0, 1, 2, 0, 2, 0, 0, 1, 1, 1, 2, 1, 0, 1, 0, 1, 0, 2, 2, 2, 1, 1, 1, 1, 1, 1, 1, 2, 2, 1, 1], [2, 2, 2, 0, 2, 2, 1, 2, 2, 0, 2, 1, 2, 1, 2, 1, 2, 2, 2, 2, 0, 1, 0, 1, 0, 2, 0, 0, 0, 0, 2, 1, 2, 1, 0, 1, 2, 2, 2, 1, 2, 2, 0, 0, 2, 2, 0, 2, 2, 3, 2, 2], [2, 2, 2, 1, 2, 0, 0, 0, 2, 1, 2, 0, 2, 2, 1, 0, 1, 2, 1, 0, 1, 0, 1, 2, 1, 2, 0, 1, 1, 1, 1, 2, 1, 0, 1, 0, 1, 0, 2, 2, 2, 0, 1, 1, 1, 1, 1, 1, 2, 2, 1, 0], [3, 3, 2, 2, 2, 0, 1, 0, 2, 2, 2, 1, 3, 2, 1, 1, 0, 2, 0, 0, 2, 1, 2, 3, 2, 2, 2, 2, 2, 2, 1, 3, 1, 1, 2, 1, 0, 0, 2, 3, 2, 0, 2, 2, 0, 0, 3, 0, 2, 2, 1, 0], [2, 3, 2, 2, 2, 0, 1, 0, 2, 2, 1, 0, 2, 2, 0, 1, 0, 2, 0, 0, 2, 1, 2, 3, 1, 1, 1, 1, 2, 2, 1, 3, 1, 0, 2, 0, 0, 0, 2, 2, 2, 0, 2, 2, 0, 0, 2, 0, 2, 2, 1, 0], [0, 1, 0, 2, 0, 2, 2, 2, 0, 3, 0, 2, 1, 1, 1, 2, 2, 0, 2, 2, 2, 1, 3, 2, 2, 0, 2, 3, 2, 2, 1, 1, 1, 2, 2, 2, 2, 2, 0, 1, 0, 2, 3, 3, 2, 2, 2, 2, 0, 0, 1, 2], [1, 0, 1, 1, 1, 2, 2, 3, 2, 2, 2, 3, 0, 0, 2, 2, 3, 2, 3, 3, 0, 1, 2, 0, 2, 1, 2, 2, 1, 1, 2, 0, 2, 2, 1, 2, 3, 2, 1, 0, 2, 2, 2, 2, 3, 3, 1, 3, 0, 2, 2, 2], [1, 2, 1, 2, 0, 1, 2, 2, 0, 3, 0, 2, 1, 1, 1, 2, 2, 0, 1, 2, 2, 1, 3, 2, 2, 0, 2, 3, 2, 3, 0, 2, 0, 2, 2, 2, 2, 2, 0, 2, 0, 1, 3, 3, 2, 2, 3, 2, 1, 0, 1, 1], [2, 3, 2, 2, 1, 0, 1, 0, 1, 2, 1, 0, 2, 2, 0, 1, 0, 2, 0, 0, 2, 0, 2, 3, 1, 1, 1, 2, 2, 2, 0, 2, 1, 1, 2, 0, 0, 0, 2, 2, 1, 0, 2, 2, 0, 0, 2, 0, 2, 2, 0, 0], [3, 2, 2, 0, 3, 2, 1, 2, 3, 0, 3, 1, 2, 2, 2, 1, 2, 3, 3, 2, 1, 1, 0, 2, 0, 3, 0, 0, 1, 0, 2, 2, 3, 1, 0, 1, 2, 2, 3, 2, 3, 2, 0, 0, 2, 3, 0, 2, 2, 3, 2, 2], [3, 2, 2, 0, 3, 2, 1, 2, 3, 0, 3, 1, 2, 2, 2, 1, 2, 3, 2, 2, 1, 1, 0, 2, 0, 2, 0, 0, 1, 0, 2, 2, 2, 1, 0, 1, 2, 2, 3, 2, 3, 2, 0, 0, 2, 2, 0, 2, 2, 3, 2, 2], [3, 3, 2, 2, 2, 0, 1, 0, 2, 2, 2, 0, 3, 2, 1, 1, 0, 2, 0, 0, 2, 1, 2, 3, 2, 2, 2, 2, 2, 2, 1, 3, 1, 1, 2, 1, 0, 0, 2, 3, 2, 0, 2, 2, 0, 0, 2, 0, 2, 2, 1, 0], [3, 3, 2, 2, 2, 0, 1, 0, 2, 2, 2, 1, 3, 2, 1, 1, 0, 2, 0, 0, 3, 1, 2, 3, 2, 2, 2, 2, 2, 3, 1, 3, 1, 1, 2, 1, 0, 0, 2, 3, 2, 0, 3, 2, 0, 0, 3, 0, 2, 2, 1, 0], [2, 2, 2, 0, 2, 2, 1, 2, 3, 0, 2, 2, 2, 1, 2, 1, 2, 3, 3, 2, 0, 1, 1, 1, 0, 2, 1, 1, 0, 0, 2, 1, 2, 1, 0, 1, 3, 2, 2, 1, 3, 2, 0, 0, 2, 3, 0, 2, 2, 3, 2, 2], [2, 3, 2, 2, 2, 0, 1, 0, 2, 2, 1, 1, 2, 2, 1, 1, 0, 2, 0, 0, 2, 1, 2, 3, 2, 2, 2, 2, 2, 2, 1, 3, 1, 1, 2, 1, 0, 0, 2, 3, 2, 0, 2, 2, 0, 0, 2, 0, 2, 2, 1, 0], [0, 0, 0, 1, 1, 2, 2, 2, 1, 2, 1, 2, 0, 0, 1, 2, 3, 1, 2, 3, 1, 1, 2, 1, 2, 1, 2, 2, 1, 2, 1, 1, 1, 2, 2, 2, 2, 2, 0, 0, 1, 2, 2, 2, 2, 2, 2, 2, 0, 1, 2, 2], [0, 1, 0, 2, 0, 2, 2, 2, 0, 3, 0, 3, 1, 1, 1, 2, 2, 0, 2, 2, 2, 2, 3, 2, 3, 0, 3, 3, 2, 3, 1, 2, 1, 2, 3, 2, 2, 2, 0, 2, 0, 2, 3, 3, 2, 2, 3, 2, 1, 0, 1, 2], [2, 2, 1, 2, 1, 0, 1, 1, 1, 2, 0, 1, 2, 1, 0, 1, 1, 1, 0, 1, 2, 1, 2, 2, 2, 1, 2, 2, 2, 2, 0, 2, 0, 1, 2, 1, 1, 1, 1, 2, 1, 0, 2, 2, 1, 1, 2, 1, 2, 1, 0, 0], [2, 3, 2, 2, 2, 0, 1, 0, 2, 2, 1, 0, 2, 2, 0, 1, 0, 2, 0, 0, 2, 1, 2, 3, 1, 1, 1, 2, 2, 2, 1, 3, 1, 1, 2, 0, 0, 0, 2, 2, 1, 0, 2, 2, 0, 0, 2, 0, 2, 2, 0, 0]]
