10 703.55 0 1680 14 120
57.69 47.48 51.69 73.3 9.95 23.64 73.87 84.78 16.36 13.5 
86.94 73.43 30.97 13.76 49.11 83.39 27.99 26.76 16.06 68.73 
6 5 5 7 1 3 7 8 2 2 
1 2 3 4 5 6 7 8 9 10 
1 1 1 3 1 1 3 2 2 2 
3 1 1 3 2 1 3 1 2 2 
8 1 10 9 8 3 9 9 9 3 
3319.14 3827.52 3935.08 4806.52 3479.3 3659.92 4022.77 4061.16 3541.12 3655.66 
0.55 0.07 0.82 0.61 0.8 0.79 0.69 0.78 0.68 0.31 
0.85 0.99 0.82 0.97 0.86 0.66 0.51 0.62 0.84 0.62 
0.83 0.58 0.96 1.0 0.61 1.0 0.53 0.67 1.0 0.71 
0.65 0.97 0.69 0.69 0.95 0.71 0.99 0.86 0.84 0.93 
0.75 1.0 0.53 1.0 0.74 1.0 0.7 0.56 0.72 0.66 
0.94 0.93 0.73 1.0 0.74 0.84 1.0 0.83 0.69 1.0 
0.32 0.51 0.21 0.67 0.27 0.39 0.18 0.17 0.35 0.27 
1383.88 626.46 1612.96 1300.14 1597.59 1255.36 1824.79 1617.9 1357.32 930.78 
429.38 366.09 367.12 922.51 384.34 447.09 337.19 271.97 483.16 234.7 
6419.38 2632.32 7564.79 6000.72 7487.93 5776.79 8623.97 7589.51 6286.58 4153.91 
1646.89 1330.47 1335.6 4112.56 1421.7 1735.44 1185.96 859.83 1915.81 673.51 
66.38 76.55 78.7 192.26 69.59 73.2 160.91 121.83 106.23 109.67 
4 5 5 20 4 5 17 11 10 10 
26 14 58 78 112 54 94 6 68 35 
92 53 120 90 120 120 120 120 120 101 
5
0.0 0.0 0.0 0.0 0.0 
0.0 0.0 0.0 0.0 100.0 
0 0 0 0 7 7 6 4 5 3 6 5 6 1 5 
0 0 0 0 7 7 6 4 5 3 6 5 6 1 5 
0 0 0 0 7 7 6 4 5 3 6 5 6 1 5 
0 0 0 0 7 7 6 4 5 3 6 5 6 1 5 
7 7 7 7 0 4 3 6 8 3 2 7 8 6 2 
7 7 7 7 4 0 1 4 5 4 2 4 4 5 3 
6 6 6 6 3 1 0 3 4 3 1 3 4 4 2 
4 4 4 4 6 4 3 0 1 3 4 1 2 2 3 
5 5 5 5 8 5 4 1 0 5 6 1 1 4 5 
3 3 3 3 3 4 3 3 5 0 2 4 5 2 1 
6 6 6 6 2 2 1 4 6 2 0 5 5 4 1 
5 5 5 5 7 4 3 1 1 4 5 0 0 4 5 
6 6 6 6 8 4 4 2 1 5 5 0 0 4 5 
1 1 1 1 6 5 4 2 4 2 4 4 4 0 3 
5 5 5 5 2 3 2 3 5 1 1 5 5 3 0 
