10 557.44 0 1680 28 60
74.5 86.97 80.19 28.71 94.28 59.56 31.84 19.64 13.83 62.74 
19.43 12.47 15.1 74.78 33.94 50.34 35.05 79.19 57.36 35.81 
7 8 8 3 9 6 3 2 2 6 
1 2 3 4 5 6 7 8 9 10 
3 1 1 2 3 1 2 2 2 1 
3 3 3 3 3 1 3 3 3 1 
2 8 3 6 8 9 10 2 6 7 
4331.25 4261.2 3608.93 3649.24 4359.16 3827.13 3893.33 4109.72 3619.24 3758.82 
0.39 0.48 0.57 0.55 0.77 0.58 0.7 0.13 0.51 0.76 
0.77 0.58 0.75 0.62 0.81 1.0 0.56 0.94 0.62 0.72 
0.96 0.57 0.67 1.0 1.0 0.89 0.87 0.61 0.61 0.95 
0.84 1.0 0.69 0.96 0.67 1.0 0.66 0.8 0.7 0.67 
0.95 1.0 0.73 0.58 1.0 0.66 0.6 0.76 1.0 0.55 
0.71 0.63 0.72 1.0 1.0 0.59 0.61 0.8 0.68 0.85 
0.41 0.21 0.19 0.34 0.54 0.34 0.12 0.28 0.18 0.21 
1284.98 989.67 942.84 1314.28 1172.19 1388.44 1927.15 1236.82 1482.22 1938.78 
449.88 167.28 171.75 463.39 637.92 608.17 203.04 330.12 349.13 505.12 
5924.89 4448.35 4214.22 6071.41 5360.96 6442.21 9135.77 5684.09 6911.11 9193.92 
1749.39 336.42 358.73 1816.95 2689.61 2540.86 515.18 1150.62 1245.67 2025.62 
173.25 85.22 72.18 109.48 174.37 76.54 116.8 123.29 108.58 75.18 
9 3 2 5 9 2 5 5 5 2 
25 50 16 58 30 37 28 11 44 18 
44 60 36 60 36 56 60 17 60 51 
5
0.0 0.0 0.0 0.0 0.0 
100.0 0.0 0.0 0.0 0.0 
0 3 3 3 3 3 4 4 1 4 2 2 1 1 3 
3 0 0 0 0 2 3 2 2 3 2 1 2 2 2 
3 0 0 0 0 2 3 2 2 3 2 1 2 2 2 
3 0 0 0 0 2 3 2 2 3 2 1 2 2 2 
3 0 0 0 0 2 3 2 2 3 2 1 2 2 2 
3 2 2 2 2 0 0 0 2 0 1 1 2 2 0 
4 3 3 3 3 0 0 0 3 0 1 2 3 3 1 
4 2 2 2 2 0 0 0 2 0 1 1 3 2 0 
1 2 2 2 2 2 3 2 0 2 1 1 0 0 1 
4 3 3 3 3 0 0 0 2 0 1 2 3 2 1 
2 2 2 2 2 1 1 1 1 1 0 1 1 1 0 
2 1 1 1 1 1 2 1 1 2 1 0 1 1 1 
1 2 2 2 2 2 3 3 0 3 1 1 0 0 2 
1 2 2 2 2 2 3 2 0 2 1 1 0 0 1 
3 2 2 2 2 0 1 0 1 1 0 1 2 1 0 
