20 959.74 0 1680 28 60
83.73 36.42 30.99 13.62 30.44 25.91 73.83 58.47 51.68 93.76 30.46 62.47 24.71 9.35 38.69 53.66 59.29 98.1 38.05 9.16 
83.62 25.22 28.06 29.28 38.6 15.44 21.96 34.04 59.6 28.82 89.17 14.74 18.42 56.17 66.84 89.87 59.57 64.21 57.75 39.35 
8 4 3 2 3 3 7 6 5 9 3 6 3 1 4 5 6 9 4 1 
1 2 3 4 5 6 7 8 9 10 11 12 13 14 15 16 17 18 19 20 
1 3 1 2 1 1 3 2 2 2 1 2 1 3 3 2 2 2 3 3 
2 2 2 1 2 2 1 1 2 1 2 1 2 2 2 2 1 1 2 2 
8 10 3 7 1 1 7 7 9 9 3 3 2 7 6 9 8 8 7 10 
4488.21 4254.8 3893.81 3755.38 3490.95 3140.18 3718.52 3697.08 4116.2 4203.71 4693.2 3969.83 4222.17 3680.1 3637.48 4153.44 4120.93 4434.78 3802.45 4588.22 
0.25 0.85 0.68 0.16 0.77 0.72 0.14 0.17 0.68 0.78 0.43 0.36 0.14 0.14 0.23 0.43 0.24 0.56 0.13 0.64 
0.98 0.73 0.97 0.5 0.56 1.0 0.57 0.91 0.66 1.0 1.0 0.7 0.87 0.8 0.72 0.93 1.0 0.58 0.97 0.74 
1.0 0.69 0.77 0.72 0.79 0.74 0.57 0.69 1.0 0.56 1.0 0.53 0.54 0.64 0.95 0.91 0.58 0.74 0.86 0.79 
0.53 0.82 1.0 0.67 0.9 0.79 0.96 0.61 1.0 0.74 1.0 0.66 0.63 0.9 0.73 0.53 0.68 0.64 0.61 0.89 
0.58 0.76 1.0 1.0 0.66 0.82 0.95 0.66 0.59 0.58 1.0 0.93 0.7 1.0 0.55 0.53 0.82 0.78 1.0 0.81 
1.0 0.63 0.59 0.57 0.58 0.96 0.66 0.83 0.77 0.65 1.0 0.73 0.79 0.61 0.56 0.6 0.88 1.0 0.96 0.73 
0.3 0.2 0.45 0.14 0.15 0.45 0.2 0.21 0.3 0.16 1.0 0.17 0.16 0.28 0.16 0.14 0.28 0.21 0.49 0.31 
1468.6 2526.95 1548.85 763.18 1584.38 1888.56 683.87 829.69 1771.55 2179.27 1574.03 1367.78 812.19 808.8 1931.06 1487.37 1307.93 1468.74 747.47 2443.13 
442.47 461.39 618.75 109.14 206.53 884.13 129.28 173.77 517.48 357.14 1574.03 289.56 115.09 222.24 227.78 225.66 395.89 280.55 392.33 771.88 
6843.02 12134.77 7244.23 3315.88 7421.92 8942.82 2919.33 3648.43 8357.73 10396.36 7370.15 6338.91 3560.95 3543.98 9155.3 6936.84 6039.67 6843.72 3237.35 11715.66 
1712.36 1806.94 2593.76 45.71 532.67 3920.65 146.39 368.87 2087.41 1285.69 7370.15 947.78 75.43 611.21 638.89 628.29 1479.47 902.76 1461.67 3359.41 
89.76 170.19 77.88 112.66 69.82 62.8 148.74 110.91 123.49 126.11 93.86 119.09 84.44 147.2 145.5 124.6 123.63 133.04 152.1 183.53 
3 9 2 5 2 2 7 5 5 6 3 5 3 7 7 5 5 6 8 9 
0 35 31 18 17 35 10 1 15 36 18 30 36 32 18 19 51 30 43 53 
12 60 43 60 60 60 34 37 45 60 60 54 60 50 30 49 60 54 49 60 
2
0.0 0.0 
0.0 100.0 
0 3 4 1 1 1 1 1 2 2 2 3 3 2 1 2 2 3 3 4 2 1 
3 0 3 2 2 2 2 3 3 3 2 4 1 3 3 1 1 1 2 3 2 2 
4 3 0 2 2 3 2 3 2 1 1 1 1 2 3 2 1 1 1 0 1 3 
1 2 2 0 0 0 0 0 1 0 1 2 2 1 0 1 1 2 1 2 1 1 
1 2 2 0 0 0 0 0 1 1 1 2 2 1 0 1 1 2 1 2 1 0 
1 2 3 0 0 0 0 0 2 1 1 2 2 1 0 0 1 2 1 3 1 0 
1 2 2 0 0 0 0 0 1 1 1 2 1 1 0 0 1 2 1 2 0 0 
1 3 3 0 0 0 0 0 1 1 1 2 2 1 0 1 1 2 1 3 1 1 
2 3 2 1 1 2 1 1 0 0 1 0 2 0 1 2 2 2 1 1 1 2 
2 3 1 0 1 1 1 1 0 0 0 1 2 0 1 1 1 2 0 1 1 1 
2 2 1 1 1 1 1 1 1 0 0 1 1 1 1 1 0 1 0 1 0 1 
3 4 1 2 2 2 2 2 0 1 1 0 3 1 2 3 2 2 1 1 2 3 
3 1 1 2 2 2 1 2 2 2 1 3 0 2 2 1 0 0 1 2 1 1 
2 3 2 1 1 1 1 1 0 0 1 1 2 0 1 2 2 2 1 2 1 2 
1 3 3 0 0 0 0 0 1 1 1 2 2 1 0 1 1 2 1 3 1 0 
2 1 2 1 1 0 0 1 2 1 1 3 1 2 1 0 1 1 1 3 1 0 
2 1 1 1 1 1 1 1 2 1 0 2 0 2 1 1 0 0 0 2 0 1 
3 1 1 2 2 2 2 2 2 2 1 2 0 2 2 1 0 0 1 1 1 2 
3 2 1 1 1 1 1 1 1 0 0 1 1 1 1 1 0 1 0 1 0 1 
4 3 0 2 2 3 2 3 1 1 1 1 2 2 3 3 2 1 1 0 2 3 
2 2 1 1 1 1 0 1 1 1 0 2 1 1 1 1 0 1 0 2 0 1 
1 2 3 1 0 0 0 1 2 1 1 3 1 2 0 0 1 2 1 3 1 0 
