20 1223.18 0 1680 14 120
8.97 14.45 23.6 91.51 72.48 6.42 23.93 97.01 48.83 46.67 37.48 93.92 38.04 75.67 71.82 61.27 1.35 25.34 86.43 31.17 
85.02 63.81 49.8 32.71 38.95 31.35 15.46 79.71 82.65 87.01 41.58 66.11 61.79 70.23 24.23 88.95 14.27 57.18 26.81 56.94 
1 2 3 9 7 1 3 9 5 5 4 9 4 7 7 6 1 3 8 3 
1 2 3 4 5 6 7 8 9 10 11 12 13 14 15 16 17 18 19 20 
3 1 2 3 1 3 2 3 2 2 2 3 2 1 1 2 3 2 2 2 
2 2 1 2 1 2 1 2 1 1 3 2 3 1 1 1 2 1 3 1 
1 4 7 6 4 10 2 7 8 1 2 5 7 4 2 3 1 2 9 2 
3939.46 4024.62 3519.54 4278.53 3811.06 4493.71 4149.5 3515.65 4256.44 3959.1 4249.82 3559.32 3515.17 3661.21 4240.64 4085.3 3739.59 4014.76 4266.79 3669.44 
0.4 0.36 0.1 0.85 0.24 0.61 0.58 0.23 0.39 0.36 0.74 0.45 0.12 0.37 0.65 0.12 0.61 0.43 0.58 0.77 
0.76 0.83 0.72 0.74 0.74 0.6 0.53 0.97 1.0 0.56 0.71 0.81 1.0 0.95 1.0 0.93 0.75 0.78 0.58 0.99 
1.0 0.92 0.72 1.0 0.54 0.94 1.0 1.0 0.61 0.9 0.84 0.53 0.83 0.64 1.0 0.72 1.0 0.59 0.9 0.95 
0.74 0.76 0.95 1.0 0.97 0.92 0.91 0.69 0.77 0.52 0.51 0.93 0.78 1.0 0.85 1.0 0.86 0.79 1.0 0.99 
0.78 0.81 0.9 0.56 0.7 1.0 0.87 0.95 0.84 0.75 0.87 1.0 0.93 0.88 0.94 0.51 0.73 0.64 0.78 0.87 
1.0 0.64 1.0 0.93 0.52 0.68 0.92 0.71 0.88 0.56 1.0 0.6 0.94 0.62 0.9 1.0 0.86 0.6 0.59 0.55 
0.44 0.3 0.44 0.38 0.14 0.35 0.38 0.45 0.35 0.11 0.27 0.24 0.56 0.33 0.71 0.34 0.41 0.14 0.24 0.44 
1247.43 931.75 578.84 1163.81 588.31 1562.43 1425.65 620.33 608.44 1382.63 1663.36 1288.02 552.56 628.98 1806.66 774.07 2137.8 1310.72 1221.82 2224.9 
569.22 280.43 256.26 511.23 79.43 542.55 453.19 298.94 223.53 123.69 466.81 290.88 301.65 175.41 1212.64 233.69 831.24 167.56 360.67 1009.61 
5737.16 4158.73 2394.21 5319.07 2441.57 7312.17 6628.27 2601.66 2542.22 6413.17 7816.81 5940.09 2262.79 2644.88 8533.31 3370.34 10189.01 6053.58 5609.1 10624.52 
2346.09 902.17 781.31 2056.15 -102.83 2212.77 1765.96 994.68 617.63 118.46 1834.05 954.41 1008.26 377.03 5563.19 668.46 3656.21 337.8 1303.35 4548.06 
157.58 80.49 105.59 171.14 76.22 179.75 124.48 140.63 127.69 118.77 127.49 142.37 105.46 73.22 84.81 122.56 149.58 120.44 128.0 110.08 
16 5 10 18 5 19 11 15 12 11 12 15 10 5 6 11 16 11 12 10 
84 52 103 4 8 109 69 6 80 83 9 91 27 108 21 28 77 78 17 33 
96 120 120 120 80 120 120 30 120 120 81 120 63 120 69 52 120 114 120 120 
2
0.0 0.0 
100.0 100.0 
0 0 1 2 3 8 6 4 6 7 3 3 4 7 3 5 7 4 6 3 8 3 
0 0 1 2 3 8 6 4 6 7 3 3 4 7 3 5 7 4 6 3 8 3 
1 1 0 1 2 6 5 3 5 6 2 2 3 6 2 4 6 3 5 2 6 2 
2 2 1 0 1 5 4 2 3 6 2 2 2 5 1 4 4 3 3 0 5 1 
3 3 2 1 0 5 3 1 2 5 2 3 1 5 1 3 3 3 2 0 4 0 
8 8 6 5 5 0 1 6 4 3 4 5 3 2 4 2 1 4 6 5 0 4 
6 6 5 4 3 1 0 4 3 3 3 3 2 2 2 2 1 3 5 3 1 3 
4 4 3 2 1 6 4 0 1 7 4 4 2 6 3 5 4 5 1 2 5 2 
6 6 5 3 2 4 3 1 0 6 5 5 2 6 3 5 3 5 1 2 4 3 
7 7 6 6 5 3 3 7 6 0 3 3 5 0 4 1 4 2 8 5 3 4 
3 3 2 2 2 4 3 4 5 3 0 0 3 3 1 2 4 0 5 2 4 2 
3 3 2 2 3 5 3 4 5 3 0 0 3 3 1 2 4 1 6 2 5 2 
4 4 3 2 1 3 2 2 2 5 3 3 0 4 1 3 2 3 3 1 3 1 
7 7 6 5 5 2 2 6 6 0 3 3 4 0 4 1 3 2 7 4 2 4 
3 3 2 1 1 4 2 3 3 4 1 1 1 4 0 2 3 2 4 0 4 0 
5 5 4 4 3 2 2 5 5 1 2 2 3 1 2 0 3 1 6 3 3 3 
7 7 6 4 3 1 1 4 3 4 4 4 2 3 3 3 0 4 5 4 1 3 
4 4 3 3 3 4 3 5 5 2 0 1 3 2 2 1 4 0 6 3 4 3 
6 6 5 3 2 6 5 1 1 8 5 6 3 7 4 6 5 6 0 3 6 3 
3 3 2 0 0 5 3 2 2 5 2 2 1 4 0 3 4 3 3 0 4 0 
8 8 6 5 4 0 1 5 4 3 4 5 3 2 4 3 1 4 6 4 0 4 
3 3 2 1 0 4 3 2 3 4 2 2 1 4 0 3 3 3 3 0 4 0 
