70 5976.44 0 1680 7 240
[1316.42, 3924.13, 6007.25, 948.07, 3002.07, 9574.92, 5210.3, 3450.33, 8305.39, 7518.68, 2080.18, 6373.58, 5707.37, 6993.34, 5815.54, 6318.74, 4161.72, 876.53, 1923.54, 9566.51, 5972.08, 759.18, 5966.14, 2781.38, 7505.14, 363.13, 8209.52, 4281.48, 5978.35, 6804.06, 1597.37, 6492.59, 7985.3, 2064.96, 7965.89, 8749.18, 9788.8, 1430.7, 4785.36, 823.88, 3862.44, 2888.9, 5061.02, 3051.04, 5012.32, 4188.96, 143.66, 3055.61, 5157.38, 8416.27, 7155.08, 9210.67, 9654.01, 8258.37, 5055.61, 127.09, 3598.19, 9250.15, 1383.29, 1529.39, 471.05, 9479.12, 6486.86, 7176.27, 6203.84, 9501.38, 6069.15, 685.78, 4195.65, 4309.97]
[1241.29, 4400.98, 2979.14, 2479.89, 4816.12, 3876.61, 3280.35, 3639.21, 6009.56, 6646.7, 8603.15, 8858.36, 3605.51, 1471.19, 2158.76, 1528.77, 4687.89, 7427.05, 3364.43, 5323.42, 6121.75, 7637.43, 2659.28, 1333.62, 8389.7, 6938.58, 8699.69, 5831.12, 4127.0, 4980.18, 4267.27, 7239.51, 4021.71, 7816.38, 8612.04, 3868.98, 8059.81, 1313.36, 3698.23, 6679.22, 4151.86, 3658.94, 8463.2, 5769.57, 5422.04, 6572.16, 1462.45, 8114.65, 8116.34, 1354.9, 6542.69, 5414.79, 6453.94, 5858.83, 7794.27, 7342.49, 1825.13, 6810.09, 6048.33, 1243.97, 7833.71, 4741.23, 8565.3, 1007.5, 6821.15, 4966.28, 8468.1, 1934.04, 3090.27, 7921.44]
[2, 4, 6, 1, 3, 9, 5, 4, 8, 7, 2, 6, 6, 7, 6, 6, 4, 1, 2, 9, 6, 1, 6, 3, 7, 1, 8, 4, 6, 7, 2, 6, 8, 2, 8, 8, 9, 2, 5, 1, 4, 3, 5, 3, 5, 4, 1, 3, 5, 8, 7, 9, 9, 8, 5, 1, 4, 9, 2, 2, 1, 9, 6, 7, 6, 9, 6, 1, 4, 4]
[1, 2, 3, 4, 5, 6, 7, 8, 9, 10, 11, 12, 13, 14, 15, 16, 17, 18, 19, 20, 21, 22, 23, 24, 25, 26, 27, 28, 29, 30, 31, 32, 33, 34, 35, 36, 37, 38, 39, 40, 41, 42, 43, 44, 45, 46, 47, 48, 49, 50, 51, 52, 53, 54, 55, 56, 57, 58, 59, 60, 61, 62, 63, 64, 65, 66, 67, 68, 69, 70]
[3, 1, 3, 3, 3, 1, 3, 1, 1, 3, 3, 3, 3, 3, 3, 3, 1, 3, 3, 1, 3, 3, 3, 3, 3, 3, 1, 1, 3, 3, 3, 3, 1, 3, 1, 1, 1, 3, 3, 3, 1, 3, 3, 3, 3, 1, 3, 3, 3, 1, 3, 1, 1, 1, 3, 3, 1, 1, 3, 3, 3, 1, 3, 3, 3, 1, 3, 3, 1, 1]
[1, 1, 1, 2, 2, 3, 2, 1, 1, 3, 1, 1, 1, 3, 1, 1, 1, 2, 1, 3, 1, 2, 1, 2, 3, 2, 1, 1, 1, 3, 1, 1, 1, 1, 1, 1, 3, 1, 2, 2, 1, 2, 2, 2, 2, 1, 2, 2, 2, 1, 3, 3, 3, 1, 2, 2, 1, 3, 1, 1, 2, 3, 1, 3, 1, 3, 1, 2, 1, 1]
[8, 9, 7, 7, 8, 1, 10, 10, 5, 4, 6, 4, 9, 8, 3, 10, 3, 6, 8, 6, 9, 5, 3, 2, 6, 4, 5, 4, 5, 2, 1, 8, 5, 4, 7, 2, 7, 4, 1, 10, 4, 3, 10, 3, 8, 5, 10, 6, 9, 2, 10, 8, 3, 10, 6, 3, 3, 5, 2, 3, 9, 1, 8, 2, 6, 1, 8, 7, 2, 4]
[4058.81, 3759.84, 3466.89, 3481.53, 4541.98, 4859.43, 3910.8, 4045.26, 3889.31, 3454.27, 3428.18, 3633.84, 3881.44, 4407.63, 3923.34, 4032.2, 3943.82, 3906.11, 4135.85, 3409.76, 3957.73, 3826.4, 3694.15, 3796.07, 3653.73, 3685.55, 3689.89, 3694.89, 3701.49, 3493.02, 4549.07, 4094.84, 3954.34, 3678.49, 3919.84, 3720.87, 3885.88, 3614.86, 4617.02, 3932.52, 3466.96, 3594.62, 4024.12, 3856.35, 4421.33, 3924.16, 3967.1, 3291.8, 3854.31, 3337.06, 3921.87, 4040.49, 3877.88, 4029.07, 3879.02, 3718.93, 4039.35, 3732.63, 3503.26, 3868.76, 3812.64, 4600.18, 4123.11, 3357.67, 3271.05, 4679.41, 4325.62, 3773.55, 3817.56, 3670.14]
[0.44, 0.38, 0.57, 0.57, 0.32, 0.11, 0.48, 0.53, 0.33, 0.72, 0.62, 0.64, 0.38, 0.19, 0.14, 0.58, 0.41, 0.47, 0.38, 0.67, 0.43, 0.29, 0.17, 0.8, 0.19, 0.63, 0.28, 0.6, 0.3, 0.78, 0.28, 0.39, 0.26, 0.62, 0.49, 0.76, 0.59, 0.57, 0.2, 0.55, 0.79, 0.19, 0.59, 0.31, 0.37, 0.21, 0.38, 0.52, 0.38, 0.84, 0.69, 0.18, 0.22, 0.54, 0.22, 0.4, 0.38, 0.25, 0.84, 0.34, 0.37, 0.22, 0.31, 0.83, 0.69, 0.2, 0.12, 0.5, 0.78, 0.75]
[0.73, 0.8, 1.06, 0.96, 0.83, 0.63, 0.95, 0.95, 0.56, 0.76, 0.99, 1.04, 0.54, 0.61, 0.65, 0.94, 0.54, 0.9, 0.85, 0.99, 0.81, 0.74, 1.06, 0.81, 0.56, 0.86, 0.71, 0.64, 1.01, 0.66, 0.85, 0.55, 1.01, 0.59, 0.85, 0.69, 0.7, 0.53, 0.74, 0.93, 0.56, 0.97, 0.99, 0.5, 0.68, 0.76, 0.63, 0.66, 0.71, 1.08, 1.06, 0.72, 0.89, 0.94, 0.71, 1.03, 0.67, 0.84, 0.75, 0.99, 0.77, 0.53, 0.71, 1.08, 0.75, 0.94, 1.08, 0.68, 0.61, 0.66]
[0.89, 1.05, 0.64, 0.86, 0.74, 1.01, 0.82, 1.09, 1.04, 1.04, 0.76, 0.76, 0.5, 1.06, 0.97, 0.52, 0.78, 0.71, 0.57, 0.99, 0.87, 1.07, 0.91, 0.87, 0.93, 1.01, 0.53, 0.91, 0.65, 0.83, 1.0, 1.06, 0.7, 0.73, 0.56, 0.57, 1.06, 0.86, 0.56, 0.64, 0.97, 1.06, 0.64, 0.61, 1.08, 1.09, 1.06, 0.54, 0.76, 0.63, 1.08, 0.69, 0.74, 0.81, 0.83, 0.84, 0.98, 0.68, 0.53, 0.9, 1.05, 0.91, 0.76, 0.5, 1.01, 0.69, 1.03, 0.73, 0.68, 0.61]
[0.9, 0.81, 0.9, 0.76, 1.01, 1.08, 0.77, 0.64, 0.71, 0.86, 0.54, 0.81, 0.86, 1.08, 1.03, 0.86, 1.07, 0.57, 0.93, 1.02, 0.81, 0.74, 0.63, 0.64, 0.73, 0.96, 0.55, 1.04, 0.76, 0.84, 0.9, 0.89, 0.99, 0.96, 0.89, 0.7, 0.77, 0.85, 0.79, 0.95, 0.69, 0.7, 0.65, 0.76, 0.68, 1.01, 0.56, 0.78, 0.65, 0.8, 0.7, 0.5, 1.09, 0.96, 0.97, 0.97, 0.86, 0.65, 0.52, 0.67, 0.85, 0.9, 0.69, 0.76, 0.67, 1.06, 0.59, 0.96, 0.79, 0.65]
[1.03, 0.93, 0.92, 0.55, 1.09, 0.88, 0.65, 0.52, 0.75, 0.79, 0.77, 1.04, 0.61, 0.89, 0.92, 0.57, 0.58, 0.96, 0.73, 0.74, 0.92, 0.79, 0.79, 1.01, 0.69, 0.98, 0.7, 0.71, 0.54, 0.51, 0.98, 0.67, 0.72, 0.71, 0.69, 0.78, 0.8, 0.51, 0.66, 1.03, 0.94, 0.99, 0.61, 1.0, 0.65, 0.87, 0.81, 1.02, 0.5, 1.0, 1.1, 0.67, 1.08, 0.89, 0.86, 0.84, 0.79, 0.63, 0.53, 0.92, 0.68, 1.1, 1.01, 0.77, 1.1, 0.8, 0.52, 0.87, 0.7, 1.02]
[0.91, 0.56, 0.78, 0.77, 1.01, 0.51, 0.99, 1.1, 0.88, 1.03, 1.04, 0.82, 0.59, 0.86, 0.54, 0.73, 1.0, 0.9, 0.55, 0.78, 1.01, 0.69, 0.51, 0.67, 0.96, 0.96, 1.07, 0.78, 0.92, 0.65, 1.09, 0.53, 0.51, 0.99, 0.98, 0.54, 1.03, 0.76, 0.84, 0.57, 0.53, 0.7, 0.53, 0.94, 0.57, 0.72, 0.7, 1.06, 0.64, 0.56, 1.02, 1.02, 0.98, 0.69, 0.99, 1.05, 0.81, 0.83, 0.53, 0.61, 0.97, 0.93, 0.51, 0.76, 1.09, 0.86, 0.56, 1.0, 0.76, 0.62]
[0.55, 0.36, 0.44, 0.27, 0.69, 0.31, 0.38, 0.38, 0.27, 0.56, 0.32, 0.55, 0.08, 0.54, 0.33, 0.17, 0.26, 0.32, 0.18, 0.58, 0.53, 0.32, 0.25, 0.3, 0.25, 0.78, 0.16, 0.33, 0.25, 0.15, 0.82, 0.18, 0.26, 0.29, 0.29, 0.12, 0.47, 0.15, 0.18, 0.33, 0.18, 0.5, 0.13, 0.22, 0.19, 0.52, 0.21, 0.3, 0.11, 0.3, 0.9, 0.17, 0.76, 0.45, 0.48, 0.75, 0.36, 0.2, 0.06, 0.34, 0.45, 0.44, 0.19, 0.24, 0.61, 0.46, 0.19, 0.42, 0.18, 0.17]
[896.24, 996.25, 819.26, 814.18, 860.27, 759.84, 808.53, 827.37, 1688.07, 791.58, 777.4, 889.19, 1250.44, 680.79, 1475.51, 906.22, 1720.11, 850.49, 859.7, 1144.83, 1013.5, 1435.42, 961.89, 515.09, 973.32, 889.47, 2009.21, 997.37, 1579.45, 630.01, 723.53, 755.37, 1701.46, 911.92, 786.16, 541.83, 977.85, 789.22, 676.07, 1051.41, 919.67, 1221.17, 924.57, 1380.52, 1087.64, 1699.59, 635.92, 1219.73, 1317.92, 688.59, 1028.26, 840.94, 1156.28, 873.24, 876.41, 1086.51, 974.03, 1800.56, 666.0, 1608.4, 1096.08, 662.18, 859.99, 724.42, 1197.74, 722.23, 653.16, 1000.01, 568.43, 1168.05]
[486.69, 369.65, 366.9, 204.65, 570.38, 241.41, 282.29, 301.79, 480.65, 442.59, 232.82, 494.65, 103.21, 351.49, 482.62, 148.74, 489.81, 278.42, 159.83, 677.52, 529.08, 468.74, 230.92, 161.78, 261.72, 678.66, 295.09, 329.91, 318.92, 101.11, 576.82, 140.57, 471.55, 264.72, 236.02, 65.68, 477.0, 126.51, 129.24, 344.37, 173.1, 613.0, 127.75, 329.49, 184.81, 880.53, 127.91, 395.37, 151.1, 196.8, 912.06, 141.06, 878.57, 393.66, 445.35, 812.44, 360.6, 318.52, 36.09, 535.42, 525.25, 287.61, 153.68, 178.86, 702.04, 350.28, 117.36, 416.88, 96.02, 206.71]
[3981.18, 4481.25, 3596.29, 3570.88, 3801.35, 3299.22, 3542.67, 3636.84, 7940.35, 3457.91, 3386.98, 3945.96, 5752.18, 2903.97, 6877.57, 4031.11, 8100.55, 3752.46, 3798.48, 5224.15, 4567.48, 6677.08, 4309.47, 2075.44, 4366.58, 3947.33, 9546.03, 4486.85, 7397.26, 2650.06, 3117.65, 3276.86, 8007.29, 4059.6, 3430.79, 2209.17, 4389.24, 3446.08, 2880.35, 4757.05, 4098.33, 5605.86, 4122.85, 6402.61, 4938.21, 7997.93, 2679.6, 5598.65, 6089.58, 2942.95, 4641.31, 3704.7, 5281.38, 3866.22, 3882.03, 4932.56, 4370.16, 8502.79, 2830.01, 7542.0, 4980.42, 2810.9, 3799.96, 3122.08, 5488.71, 3111.14, 2765.81, 4500.07, 2342.14, 5340.23]
[1933.46, 1348.26, 1334.52, 523.23, 2351.9, 707.03, 911.46, 1008.95, 1903.27, 1712.94, 664.08, 1973.26, 16.05, 1257.47, 1913.11, 243.7, 1949.06, 892.08, 299.16, 2887.61, 2145.4, 1843.69, 654.59, 308.89, 808.61, 2893.31, 975.46, 1149.56, 1094.61, 5.53, 2384.1, 202.85, 1857.73, 823.59, 680.12, -171.59, 1884.99, 132.56, 146.2, 1221.87, 365.48, 2565.0, 138.76, 1147.46, 424.05, 3902.65, 139.55, 1476.84, 255.52, 484.0, 4060.28, 205.29, 3892.86, 1468.3, 1726.75, 3562.22, 1303.0, 1092.61, -319.53, 2177.08, 2126.23, 938.07, 268.38, 394.32, 3010.2, 1251.4, 86.78, 1584.38, -19.88, 533.54]
[162.35, 75.2, 138.68, 139.26, 181.68, 97.19, 156.43, 80.91, 77.79, 138.17, 137.13, 145.35, 155.26, 176.31, 156.93, 161.29, 78.88, 156.24, 165.43, 68.2, 158.31, 153.06, 147.77, 151.84, 146.15, 147.42, 73.8, 73.9, 148.06, 139.72, 181.96, 163.79, 79.09, 147.14, 78.4, 74.42, 77.72, 144.59, 184.68, 157.3, 69.34, 143.78, 160.96, 154.25, 176.85, 78.48, 158.68, 131.67, 154.17, 66.74, 156.87, 80.81, 77.56, 80.58, 155.16, 148.76, 80.79, 74.65, 140.13, 154.75, 152.51, 92.0, 164.92, 134.31, 130.84, 93.59, 173.02, 150.94, 76.35, 73.4]
[34, 10, 29, 29, 38, 13, 33, 11, 11, 29, 29, 31, 33, 37, 33, 34, 11, 33, 35, 9, 33, 32, 31, 32, 31, 31, 10, 10, 31, 29, 38, 35, 11, 31, 11, 10, 11, 30, 39, 33, 9, 30, 34, 33, 37, 11, 34, 28, 33, 9, 33, 11, 11, 11, 33, 31, 11, 10, 30, 33, 32, 13, 35, 28, 28, 13, 37, 32, 10, 10]
[143, 184, 203, 95, 12, 226, 186, 163, 217, 67, 46, 205, 78, 189, 54, 232, 18, 11, 151, 82, 137, 228, 107, 39, 129, 203, 119, 109, 118, 155, 170, 214, 186, 190, 167, 186, 121, 158, 132, 186, 220, 145, 92, 42, 3, 12, 162, 111, 44, 77, 130, 86, 33, 199, 194, 54, 156, 63, 218, 173, 14, 176, 202, 239, 117, 156, 235, 195, 15, 36]
[174, 240, 240, 240, 43, 240, 229, 240, 240, 240, 121, 235, 240, 240, 205, 240, 233, 79, 240, 227, 240, 240, 188, 240, 240, 240, 240, 159, 240, 186, 240, 240, 240, 240, 240, 240, 202, 240, 240, 240, 240, 233, 240, 85, 72, 42, 240, 141, 240, 240, 160, 192, 121, 240, 224, 103, 240, 240, 240, 240, 216, 240, 240, 240, 240, 240, 240, 240, 185, 85]
10
[0.0, 0.0, 0.0, 0.0, 0.0, 0.0, 0.0, 0.0, 0.0, 0.0]
[0.0, 10000.0, 10000.0, 10000.0, 0.0, 10000.0, 0.0, 0.0, 0.0, 10000.0]
[[0.0, 19.0, 19.0, 19.0, 0.0, 19.0, 0.0, 0.0, 0.0, 19.0, 3.0, 11.0, 13.0, 5.0, 11.0, 20.0, 12.0, 9.0, 19.0, 19.0, 17.0, 21.0, 13.0, 14.0, 12.0, 12.0, 12.0, 14.0, 7.0, 21.0, 16.0, 15.0, 12.0, 6.0, 21.0, 13.0, 23.0, 14.0, 14.0, 16.0, 9.0, 18.0, 17.0, 15.0, 22.0, 18.0, 24.0, 4.0, 11.0, 13.0, 11.0, 9.0, 19.0, 12.0, 14.0, 15.0, 3.0, 16.0, 18.0, 16.0, 18.0, 20.0, 22.0, 19.0, 18.0, 14.0, 8.0, 22.0, 12.0, 4.0, 15.0, 20.0, 20.0, 14.0, 17.0, 20.0, 20.0, 4.0, 10.0, 17.0], [19.0, 0.0, 0.0, 0.0, 19.0, 0.0, 19.0, 19.0, 19.0, 0.0, 17.0, 13.0, 17.0, 14.0, 11.0, 22.0, 16.0, 14.0, 17.0, 16.0, 5.0, 12.0, 16.0, 21.0, 18.0, 20.0, 13.0, 5.0, 13.0, 20.0, 13.0, 5.0, 18.0, 17.0, 15.0, 6.0, 16.0, 11.0, 16.0, 16.0, 11.0, 13.0, 19.0, 6.0, 15.0, 20.0, 19.0, 17.0, 15.0, 6.0, 13.0, 13.0, 10.0, 10.0, 13.0, 10.0, 16.0, 7.0, 10.0, 23.0, 15.0, 19.0, 19.0, 17.0, 10.0, 5.0, 17.0, 19.0, 8.0, 17.0, 4.0, 21.0, 13.0, 22.0, 13.0, 20.0, 12.0, 15.0, 15.0, 9.0], [19.0, 0.0, 0.0, 0.0, 19.0, 0.0, 19.0, 19.0, 19.0, 0.0, 17.0, 13.0, 17.0, 14.0, 11.0, 22.0, 16.0, 14.0, 17.0, 16.0, 5.0, 12.0, 16.0, 21.0, 18.0, 20.0, 13.0, 5.0, 13.0, 20.0, 13.0, 5.0, 18.0, 17.0, 15.0, 6.0, 16.0, 11.0, 16.0, 16.0, 11.0, 13.0, 19.0, 6.0, 15.0, 20.0, 19.0, 17.0, 15.0, 6.0, 13.0, 13.0, 10.0, 10.0, 13.0, 10.0, 16.0, 7.0, 10.0, 23.0, 15.0, 19.0, 19.0, 17.0, 10.0, 5.0, 17.0, 19.0, 8.0, 17.0, 4.0, 21.0, 13.0, 22.0, 13.0, 20.0, 12.0, 15.0, 15.0, 9.0], [19.0, 0.0, 0.0, 0.0, 19.0, 0.0, 19.0, 19.0, 19.0, 0.0, 17.0, 13.0, 17.0, 14.0, 11.0, 22.0, 16.0, 14.0, 17.0, 16.0, 5.0, 12.0, 16.0, 21.0, 18.0, 20.0, 13.0, 5.0, 13.0, 20.0, 13.0, 5.0, 18.0, 17.0, 15.0, 6.0, 16.0, 11.0, 16.0, 16.0, 11.0, 13.0, 19.0, 6.0, 15.0, 20.0, 19.0, 17.0, 15.0, 6.0, 13.0, 13.0, 10.0, 10.0, 13.0, 10.0, 16.0, 7.0, 10.0, 23.0, 15.0, 19.0, 19.0, 17.0, 10.0, 5.0, 17.0, 19.0, 8.0, 17.0, 4.0, 21.0, 13.0, 22.0, 13.0, 20.0, 12.0, 15.0, 15.0, 9.0], [0.0, 19.0, 19.0, 19.0, 0.0, 19.0, 0.0, 0.0, 0.0, 19.0, 3.0, 11.0, 13.0, 5.0, 11.0, 20.0, 12.0, 9.0, 19.0, 19.0, 17.0, 21.0, 13.0, 14.0, 12.0, 12.0, 12.0, 14.0, 7.0, 21.0, 16.0, 15.0, 12.0, 6.0, 21.0, 13.0, 23.0, 14.0, 14.0, 16.0, 9.0, 18.0, 17.0, 15.0, 22.0, 18.0, 24.0, 4.0, 11.0, 13.0, 11.0, 9.0, 19.0, 12.0, 14.0, 15.0, 3.0, 16.0, 18.0, 16.0, 18.0, 20.0, 22.0, 19.0, 18.0, 14.0, 8.0, 22.0, 12.0, 4.0, 15.0, 20.0, 20.0, 14.0, 17.0, 20.0, 20.0, 4.0, 10.0, 17.0], [19.0, 0.0, 0.0, 0.0, 19.0, 0.0, 19.0, 19.0, 19.0, 0.0, 17.0, 13.0, 17.0, 14.0, 11.0, 22.0, 16.0, 14.0, 17.0, 16.0, 5.0, 12.0, 16.0, 21.0, 18.0, 20.0, 13.0, 5.0, 13.0, 20.0, 13.0, 5.0, 18.0, 17.0, 15.0, 6.0, 16.0, 11.0, 16.0, 16.0, 11.0, 13.0, 19.0, 6.0, 15.0, 20.0, 19.0, 17.0, 15.0, 6.0, 13.0, 13.0, 10.0, 10.0, 13.0, 10.0, 16.0, 7.0, 10.0, 23.0, 15.0, 19.0, 19.0, 17.0, 10.0, 5.0, 17.0, 19.0, 8.0, 17.0, 4.0, 21.0, 13.0, 22.0, 13.0, 20.0, 12.0, 15.0, 15.0, 9.0], [0.0, 19.0, 19.0, 19.0, 0.0, 19.0, 0.0, 0.0, 0.0, 19.0, 3.0, 11.0, 13.0, 5.0, 11.0, 20.0, 12.0, 9.0, 19.0, 19.0, 17.0, 21.0, 13.0, 14.0, 12.0, 12.0, 12.0, 14.0, 7.0, 21.0, 16.0, 15.0, 12.0, 6.0, 21.0, 13.0, 23.0, 14.0, 14.0, 16.0, 9.0, 18.0, 17.0, 15.0, 22.0, 18.0, 24.0, 4.0, 11.0, 13.0, 11.0, 9.0, 19.0, 12.0, 14.0, 15.0, 3.0, 16.0, 18.0, 16.0, 18.0, 20.0, 22.0, 19.0, 18.0, 14.0, 8.0, 22.0, 12.0, 4.0, 15.0, 20.0, 20.0, 14.0, 17.0, 20.0, 20.0, 4.0, 10.0, 17.0], [0.0, 19.0, 19.0, 19.0, 0.0, 19.0, 0.0, 0.0, 0.0, 19.0, 3.0, 11.0, 13.0, 5.0, 11.0, 20.0, 12.0, 9.0, 19.0, 19.0, 17.0, 21.0, 13.0, 14.0, 12.0, 12.0, 12.0, 14.0, 7.0, 21.0, 16.0, 15.0, 12.0, 6.0, 21.0, 13.0, 23.0, 14.0, 14.0, 16.0, 9.0, 18.0, 17.0, 15.0, 22.0, 18.0, 24.0, 4.0, 11.0, 13.0, 11.0, 9.0, 19.0, 12.0, 14.0, 15.0, 3.0, 16.0, 18.0, 16.0, 18.0, 20.0, 22.0, 19.0, 18.0, 14.0, 8.0, 22.0, 12.0, 4.0, 15.0, 20.0, 20.0, 14.0, 17.0, 20.0, 20.0, 4.0, 10.0, 17.0], [0.0, 19.0, 19.0, 19.0, 0.0, 19.0, 0.0, 0.0, 0.0, 19.0, 3.0, 11.0, 13.0, 5.0, 11.0, 20.0, 12.0, 9.0, 19.0, 19.0, 17.0, 21.0, 13.0, 14.0, 12.0, 12.0, 12.0, 14.0, 7.0, 21.0, 16.0, 15.0, 12.0, 6.0, 21.0, 13.0, 23.0, 14.0, 14.0, 16.0, 9.0, 18.0, 17.0, 15.0, 22.0, 18.0, 24.0, 4.0, 11.0, 13.0, 11.0, 9.0, 19.0, 12.0, 14.0, 15.0, 3.0, 16.0, 18.0, 16.0, 18.0, 20.0, 22.0, 19.0, 18.0, 14.0, 8.0, 22.0, 12.0, 4.0, 15.0, 20.0, 20.0, 14.0, 17.0, 20.0, 20.0, 4.0, 10.0, 17.0], [19.0, 0.0, 0.0, 0.0, 19.0, 0.0, 19.0, 19.0, 19.0, 0.0, 17.0, 13.0, 17.0, 14.0, 11.0, 22.0, 16.0, 14.0, 17.0, 16.0, 5.0, 12.0, 16.0, 21.0, 18.0, 20.0, 13.0, 5.0, 13.0, 20.0, 13.0, 5.0, 18.0, 17.0, 15.0, 6.0, 16.0, 11.0, 16.0, 16.0, 11.0, 13.0, 19.0, 6.0, 15.0, 20.0, 19.0, 17.0, 15.0, 6.0, 13.0, 13.0, 10.0, 10.0, 13.0, 10.0, 16.0, 7.0, 10.0, 23.0, 15.0, 19.0, 19.0, 17.0, 10.0, 5.0, 17.0, 19.0, 8.0, 17.0, 4.0, 21.0, 13.0, 22.0, 13.0, 20.0, 12.0, 15.0, 15.0, 9.0], [3.0, 17.0, 17.0, 17.0, 3.0, 17.0, 3.0, 3.0, 3.0, 17.0, 0.0, 8.0, 9.0, 2.0, 7.0, 16.0, 8.0, 6.0, 16.0, 16.0, 14.0, 17.0, 9.0, 11.0, 9.0, 9.0, 8.0, 12.0, 4.0, 17.0, 13.0, 12.0, 9.0, 3.0, 18.0, 11.0, 19.0, 10.0, 10.0, 13.0, 6.0, 15.0, 14.0, 13.0, 19.0, 15.0, 21.0, 0.0, 8.0, 10.0, 7.0, 5.0, 15.0, 9.0, 11.0, 11.0, 2.0, 13.0, 15.0, 13.0, 15.0, 17.0, 19.0, 16.0, 14.0, 12.0, 4.0, 18.0, 9.0, 0.0, 13.0, 17.0, 17.0, 11.0, 14.0, 17.0, 16.0, 2.0, 6.0, 14.0], [11.0, 13.0, 13.0, 13.0, 11.0, 13.0, 11.0, 11.0, 11.0, 13.0, 8.0, 0.0, 5.0, 7.0, 2.0, 11.0, 3.0, 2.0, 9.0, 8.0, 9.0, 10.0, 4.0, 8.0, 6.0, 7.0, 1.0, 8.0, 4.0, 11.0, 5.0, 9.0, 5.0, 6.0, 10.0, 8.0, 11.0, 3.0, 4.0, 6.0, 4.0, 7.0, 8.0, 7.0, 11.0, 9.0, 13.0, 8.0, 2.0, 7.0, 0.0, 2.0, 8.0, 3.0, 3.0, 4.0, 9.0, 7.0, 7.0, 10.0, 7.0, 10.0, 12.0, 9.0, 7.0, 9.0, 5.0, 11.0, 6.0, 8.0, 9.0, 11.0, 9.0, 9.0, 6.0, 11.0, 9.0, 8.0, 3.0, 7.0], [13.0, 17.0, 17.0, 17.0, 13.0, 17.0, 13.0, 13.0, 13.0, 17.0, 9.0, 5.0, 0.0, 10.0, 7.0, 7.0, 2.0, 5.0, 7.0, 8.0, 13.0, 11.0, 1.0, 3.0, 2.0, 3.0, 5.0, 13.0, 8.0, 8.0, 6.0, 13.0, 1.0, 7.0, 11.0, 13.0, 12.0, 6.0, 2.0, 4.0, 9.0, 8.0, 4.0, 12.0, 11.0, 5.0, 12.0, 9.0, 3.0, 12.0, 5.0, 6.0, 11.0, 8.0, 5.0, 8.0, 11.0, 11.0, 10.0, 5.0, 7.0, 8.0, 10.0, 7.0, 9.0, 14.0, 5.0, 10.0, 10.0, 9.0, 14.0, 7.0, 11.0, 4.0, 7.0, 8.0, 10.0, 10.0, 3.0, 10.0], [5.0, 14.0, 14.0, 14.0, 5.0, 14.0, 5.0, 5.0, 5.0, 14.0, 2.0, 7.0, 10.0, 0.0, 6.0, 17.0, 8.0, 5.0, 15.0, 15.0, 12.0, 16.0, 9.0, 12.0, 9.0, 10.0, 7.0, 9.0, 2.0, 17.0, 12.0, 10.0, 10.0, 4.0, 17.0, 9.0, 18.0, 9.0, 10.0, 12.0, 4.0, 14.0, 14.0, 10.0, 18.0, 15.0, 20.0, 2.0, 8.0, 8.0, 6.0, 4.0, 14.0, 7.0, 9.0, 10.0, 2.0, 11.0, 13.0, 14.0, 14.0, 17.0, 18.0, 15.0, 13.0, 9.0, 5.0, 18.0, 7.0, 3.0, 10.0, 17.0, 16.0, 12.0, 13.0, 17.0, 15.0, 1.0, 6.0, 12.0], [11.0, 11.0, 11.0, 11.0, 11.0, 11.0, 11.0, 11.0, 11.0, 11.0, 7.0, 2.0, 7.0, 6.0, 0.0, 13.0, 5.0, 2.0, 10.0, 9.0, 7.0, 10.0, 6.0, 10.0, 7.0, 9.0, 2.0, 6.0, 3.0, 12.0, 6.0, 7.0, 7.0, 7.0, 11.0, 6.0, 12.0, 3.0, 6.0, 7.0, 3.0, 8.0, 10.0, 6.0, 12.0, 11.0, 14.0, 7.0, 4.0, 5.0, 2.0, 2.0, 8.0, 2.0, 4.0, 4.0, 8.0, 6.0, 7.0, 12.0, 9.0, 12.0, 13.0, 10.0, 7.0, 7.0, 6.0, 12.0, 4.0, 7.0, 7.0, 12.0, 10.0, 11.0, 7.0, 12.0, 9.0, 7.0, 4.0, 6.0], [20.0, 22.0, 22.0, 22.0, 20.0, 22.0, 20.0, 20.0, 20.0, 22.0, 16.0, 11.0, 7.0, 17.0, 13.0, 0.0, 8.0, 12.0, 5.0, 7.0, 17.0, 11.0, 7.0, 7.0, 8.0, 8.0, 10.0, 18.0, 15.0, 3.0, 8.0, 18.0, 7.0, 14.0, 9.0, 18.0, 9.0, 11.0, 7.0, 6.0, 15.0, 9.0, 3.0, 16.0, 9.0, 2.0, 8.0, 16.0, 9.0, 17.0, 11.0, 13.0, 12.0, 13.0, 9.0, 11.0, 18.0, 15.0, 12.0, 5.0, 7.0, 3.0, 5.0, 4.0, 11.0, 19.0, 12.0, 6.0, 16.0, 16.0, 19.0, 2.0, 11.0, 7.0, 8.0, 2.0, 11.0, 17.0, 10.0, 13.0], [12.0, 16.0, 16.0, 16.0, 12.0, 16.0, 12.0, 12.0, 12.0, 16.0, 8.0, 3.0, 2.0, 8.0, 5.0, 8.0, 0.0, 3.0, 8.0, 8.0, 12.0, 11.0, 1.0, 5.0, 2.0, 4.0, 3.0, 11.0, 6.0, 9.0, 6.0, 12.0, 2.0, 6.0, 11.0, 11.0, 12.0, 5.0, 2.0, 4.0, 7.0, 8.0, 5.0, 10.0, 11.0, 7.0, 13.0, 8.0, 1.0, 10.0, 3.0, 4.0, 10.0, 6.0, 4.0, 7.0, 10.0, 10.0, 9.0, 7.0, 7.0, 9.0, 10.0, 8.0, 9.0, 12.0, 4.0, 10.0, 9.0, 8.0, 12.0, 9.0, 10.0, 6.0, 7.0, 9.0, 10.0, 9.0, 2.0, 9.0], [9.0, 14.0, 14.0, 14.0, 9.0, 14.0, 9.0, 9.0, 9.0, 14.0, 6.0, 2.0, 5.0, 5.0, 2.0, 12.0, 3.0, 0.0, 10.0, 10.0, 10.0, 11.0, 4.0, 8.0, 5.0, 7.0, 2.0, 9.0, 3.0, 12.0, 7.0, 9.0, 5.0, 5.0, 12.0, 9.0, 13.0, 4.0, 5.0, 7.0, 4.0, 9.0, 9.0, 8.0, 13.0, 10.0, 15.0, 6.0, 3.0, 8.0, 1.0, 1.0, 10.0, 4.0, 4.0, 6.0, 7.0, 8.0, 9.0, 10.0, 9.0, 11.0, 13.0, 10.0, 8.0, 9.0, 3.0, 13.0, 6.0, 6.0, 10.0, 12.0, 11.0, 9.0, 8.0, 12.0, 10.0, 6.0, 2.0, 8.0], [19.0, 17.0, 17.0, 17.0, 19.0, 17.0, 19.0, 19.0, 19.0, 17.0, 16.0, 9.0, 7.0, 15.0, 10.0, 5.0, 8.0, 10.0, 0.0, 2.0, 13.0, 7.0, 7.0, 9.0, 9.0, 9.0, 8.0, 14.0, 13.0, 3.0, 4.0, 15.0, 8.0, 14.0, 5.0, 15.0, 5.0, 8.0, 6.0, 3.0, 13.0, 4.0, 4.0, 12.0, 5.0, 4.0, 5.0, 16.0, 8.0, 14.0, 9.0, 11.0, 8.0, 10.0, 6.0, 8.0, 18.0, 11.0, 7.0, 9.0, 2.0, 2.0, 3.0, 0.0, 7.0, 16.0, 12.0, 2.0, 13.0, 16.0, 15.0, 3.0, 6.0, 10.0, 4.0, 3.0, 6.0, 16.0, 10.0, 8.0], [19.0, 16.0, 16.0, 16.0, 19.0, 16.0, 19.0, 19.0, 19.0, 16.0, 16.0, 8.0, 8.0, 15.0, 9.0, 7.0, 8.0, 10.0, 2.0, 0.0, 11.0, 5.0, 7.0, 10.0, 9.0, 10.0, 7.0, 13.0, 12.0, 5.0, 3.0, 13.0, 8.0, 13.0, 3.0, 14.0, 4.0, 6.0, 6.0, 3.0, 12.0, 2.0, 5.0, 11.0, 4.0, 6.0, 5.0, 15.0, 8.0, 13.0, 8.0, 10.0, 6.0, 9.0, 5.0, 6.0, 17.0, 9.0, 5.0, 10.0, 1.0, 4.0, 4.0, 2.0, 5.0, 14.0, 12.0, 3.0, 12.0, 15.0, 14.0, 5.0, 4.0, 11.0, 3.0, 5.0, 4.0, 16.0, 9.0, 7.0], [17.0, 5.0, 5.0, 5.0, 17.0, 5.0, 17.0, 17.0, 17.0, 5.0, 14.0, 9.0, 13.0, 12.0, 7.0, 17.0, 12.0, 10.0, 13.0, 11.0, 0.0, 8.0, 12.0, 16.0, 14.0, 16.0, 8.0, 3.0, 10.0, 15.0, 9.0, 3.0, 13.0, 14.0, 10.0, 5.0, 12.0, 7.0, 11.0, 11.0, 8.0, 9.0, 14.0, 1.0, 11.0, 15.0, 15.0, 14.0, 11.0, 4.0, 9.0, 9.0, 6.0, 6.0, 8.0, 6.0, 14.0, 2.0, 6.0, 18.0, 10.0, 15.0, 15.0, 13.0, 6.0, 4.0, 13.0, 14.0, 5.0, 14.0, 3.0, 16.0, 8.0, 17.0, 8.0, 16.0, 8.0, 13.0, 11.0, 4.0], [21.0, 12.0, 12.0, 12.0, 21.0, 12.0, 21.0, 21.0, 21.0, 12.0, 17.0, 10.0, 11.0, 16.0, 10.0, 11.0, 11.0, 11.0, 7.0, 5.0, 8.0, 0.0, 10.0, 14.0, 13.0, 14.0, 9.0, 11.0, 13.0, 9.0, 5.0, 11.0, 12.0, 16.0, 2.0, 12.0, 3.0, 7.0, 9.0, 7.0, 13.0, 3.0, 10.0, 8.0, 3.0, 10.0, 7.0, 17.0, 10.0, 11.0, 10.0, 12.0, 3.0, 9.0, 7.0, 6.0, 18.0, 6.0, 3.0, 15.0, 5.0, 8.0, 8.0, 7.0, 3.0, 12.0, 14.0, 7.0, 11.0, 17.0, 11.0, 10.0, 1.0, 15.0, 4.0, 9.0, 1.0, 17.0, 12.0, 4.0], [13.0, 16.0, 16.0, 16.0, 13.0, 16.0, 13.0, 13.0, 13.0, 16.0, 9.0, 4.0, 1.0, 9.0, 6.0, 7.0, 1.0, 4.0, 7.0, 7.0, 12.0, 10.0, 0.0, 5.0, 3.0, 4.0, 4.0, 12.0, 7.0, 8.0, 5.0, 12.0, 2.0, 7.0, 10.0, 12.0, 11.0, 5.0, 1.0, 3.0, 8.0, 7.0, 4.0, 11.0, 10.0, 6.0, 11.0, 9.0, 2.0, 11.0, 4.0, 5.0, 9.0, 6.0, 4.0, 6.0, 11.0, 10.0, 9.0, 7.0, 6.0, 7.0, 9.0, 6.0, 8.0, 13.0, 5.0, 9.0, 9.0, 9.0, 13.0, 7.0, 10.0, 6.0, 6.0, 8.0, 9.0, 10.0, 3.0, 9.0], [14.0, 21.0, 21.0, 21.0, 14.0, 21.0, 14.0, 14.0, 14.0, 21.0, 11.0, 8.0, 3.0, 12.0, 10.0, 7.0, 5.0, 8.0, 9.0, 10.0, 16.0, 14.0, 5.0, 0.0, 3.0, 1.0, 8.0, 16.0, 10.0, 9.0, 9.0, 17.0, 3.0, 8.0, 13.0, 16.0, 14.0, 10.0, 5.0, 7.0, 12.0, 11.0, 5.0, 15.0, 14.0, 6.0, 14.0, 11.0, 6.0, 15.0, 8.0, 9.0, 14.0, 11.0, 8.0, 11.0, 13.0, 15.0, 13.0, 3.0, 10.0, 9.0, 11.0, 9.0, 13.0, 17.0, 6.0, 11.0, 14.0, 10.0, 17.0, 8.0, 13.0, 1.0, 10.0, 8.0, 13.0, 12.0, 6.0, 13.0], [12.0, 18.0, 18.0, 18.0, 12.0, 18.0, 12.0, 12.0, 12.0, 18.0, 9.0, 6.0, 2.0, 9.0, 7.0, 8.0, 2.0, 5.0, 9.0, 9.0, 14.0, 13.0, 3.0, 3.0, 0.0, 2.0, 6.0, 14.0, 8.0, 9.0, 8.0, 14.0, 1.0, 6.0, 12.0, 14.0, 13.0, 8.0, 4.0, 6.0, 9.0, 10.0, 5.0, 13.0, 13.0, 6.0, 13.0, 8.0, 3.0, 13.0, 5.0, 6.0, 12.0, 9.0, 6.0, 9.0, 11.0, 12.0, 11.0, 5.0, 9.0, 9.0, 11.0, 8.0, 11.0, 15.0, 4.0, 11.0, 11.0, 8.0, 15.0, 8.0, 12.0, 3.0, 9.0, 9.0, 12.0, 10.0, 4.0, 11.0], [12.0, 20.0, 20.0, 20.0, 12.0, 20.0, 12.0, 12.0, 12.0, 20.0, 9.0, 7.0, 3.0, 10.0, 9.0, 8.0, 4.0, 7.0, 9.0, 10.0, 16.0, 14.0, 4.0, 1.0, 2.0, 0.0, 7.0, 15.0, 9.0, 9.0, 9.0, 16.0, 2.0, 7.0, 13.0, 15.0, 14.0, 9.0, 5.0, 7.0, 10.0, 11.0, 6.0, 14.0, 14.0, 6.0, 14.0, 9.0, 5.0, 14.0, 7.0, 8.0, 13.0, 10.0, 8.0, 10.0, 12.0, 14.0, 13.0, 4.0, 10.0, 9.0, 11.0, 9.0, 12.0, 16.0, 5.0, 11.0, 13.0, 9.0, 16.0, 9.0, 13.0, 2.0, 10.0, 9.0, 13.0, 11.0, 5.0, 13.0], [12.0, 13.0, 13.0, 13.0, 12.0, 13.0, 12.0, 12.0, 12.0, 13.0, 8.0, 1.0, 5.0, 7.0, 2.0, 10.0, 3.0, 2.0, 8.0, 7.0, 8.0, 9.0, 4.0, 8.0, 6.0, 7.0, 0.0, 8.0, 5.0, 10.0, 4.0, 9.0, 5.0, 7.0, 9.0, 8.0, 11.0, 2.0, 4.0, 5.0, 5.0, 7.0, 7.0, 7.0, 10.0, 9.0, 12.0, 8.0, 2.0, 7.0, 1.0, 3.0, 7.0, 3.0, 2.0, 4.0, 10.0, 7.0, 7.0, 10.0, 7.0, 10.0, 11.0, 8.0, 6.0, 9.0, 6.0, 10.0, 6.0, 8.0, 9.0, 10.0, 9.0, 9.0, 6.0, 10.0, 8.0, 8.0, 3.0, 6.0], [14.0, 5.0, 5.0, 5.0, 14.0, 5.0, 14.0, 14.0, 14.0, 5.0, 12.0, 8.0, 13.0, 9.0, 6.0, 18.0, 11.0, 9.0, 14.0, 13.0, 3.0, 11.0, 12.0, 16.0, 14.0, 15.0, 8.0, 0.0, 8.0, 17.0, 10.0, 0.0, 13.0, 12.0, 13.0, 1.0, 14.0, 7.0, 12.0, 12.0, 6.0, 11.0, 15.0, 2.0, 14.0, 16.0, 17.0, 12.0, 10.0, 1.0, 8.0, 8.0, 8.0, 5.0, 9.0, 6.0, 11.0, 4.0, 8.0, 18.0, 12.0, 16.0, 17.0, 14.0, 8.0, 1.0, 12.0, 16.0, 3.0, 12.0, 1.0, 17.0, 11.0, 17.0, 10.0, 17.0, 10.0, 10.0, 10.0, 7.0], [7.0, 13.0, 13.0, 13.0, 7.0, 13.0, 7.0, 7.0, 7.0, 13.0, 4.0, 4.0, 8.0, 2.0, 3.0, 15.0, 6.0, 3.0, 13.0, 12.0, 10.0, 13.0, 7.0, 10.0, 8.0, 9.0, 5.0, 8.0, 0.0, 15.0, 9.0, 8.0, 8.0, 4.0, 14.0, 7.0, 16.0, 6.0, 8.0, 10.0, 2.0, 11.0, 12.0, 8.0, 15.0, 13.0, 17.0, 4.0, 5.0, 7.0, 4.0, 2.0, 11.0, 5.0, 7.0, 7.0, 5.0, 9.0, 11.0, 13.0, 12.0, 14.0, 16.0, 13.0, 10.0, 8.0, 4.0, 15.0, 5.0, 4.0, 9.0, 15.0, 13.0, 11.0, 10.0, 15.0, 12.0, 4.0, 4.0, 10.0], [21.0, 20.0, 20.0, 20.0, 21.0, 20.0, 21.0, 21.0, 21.0, 20.0, 17.0, 11.0, 8.0, 17.0, 12.0, 3.0, 9.0, 12.0, 3.0, 5.0, 15.0, 9.0, 8.0, 9.0, 9.0, 9.0, 10.0, 17.0, 15.0, 0.0, 7.0, 17.0, 8.0, 15.0, 7.0, 18.0, 7.0, 10.0, 7.0, 5.0, 15.0, 7.0, 4.0, 15.0, 7.0, 3.0, 5.0, 17.0, 10.0, 17.0, 11.0, 13.0, 10.0, 12.0, 9.0, 10.0, 19.0, 13.0, 10.0, 8.0, 5.0, 1.0, 2.0, 3.0, 10.0, 18.0, 13.0, 3.0, 16.0, 17.0, 18.0, 1.0, 8.0, 9.0, 7.0, 1.0, 9.0, 18.0, 11.0, 11.0], [16.0, 13.0, 13.0, 13.0, 16.0, 13.0, 16.0, 16.0, 16.0, 13.0, 13.0, 5.0, 6.0, 12.0, 6.0, 8.0, 6.0, 7.0, 4.0, 3.0, 9.0, 5.0, 5.0, 9.0, 8.0, 9.0, 4.0, 10.0, 9.0, 7.0, 0.0, 10.0, 7.0, 11.0, 5.0, 11.0, 6.0, 3.0, 4.0, 3.0, 9.0, 2.0, 5.0, 8.0, 6.0, 7.0, 8.0, 13.0, 5.0, 10.0, 5.0, 7.0, 5.0, 6.0, 2.0, 3.0, 14.0, 7.0, 4.0, 10.0, 2.0, 6.0, 7.0, 4.0, 4.0, 11.0, 9.0, 6.0, 9.0, 12.0, 11.0, 7.0, 5.0, 10.0, 1.0, 7.0, 4.0, 13.0, 7.0, 5.0], [15.0, 5.0, 5.0, 5.0, 15.0, 5.0, 15.0, 15.0, 15.0, 5.0, 12.0, 9.0, 13.0, 10.0, 7.0, 18.0, 12.0, 9.0, 15.0, 13.0, 3.0, 11.0, 12.0, 17.0, 14.0, 16.0, 9.0, 0.0, 8.0, 17.0, 10.0, 0.0, 14.0, 13.0, 13.0, 2.0, 14.0, 7.0, 12.0, 12.0, 7.0, 11.0, 15.0, 2.0, 14.0, 17.0, 17.0, 12.0, 11.0, 2.0, 9.0, 9.0, 8.0, 6.0, 9.0, 7.0, 12.0, 4.0, 8.0, 19.0, 12.0, 17.0, 17.0, 15.0, 8.0, 1.0, 12.0, 16.0, 3.0, 12.0, 1.0, 17.0, 11.0, 17.0, 10.0, 17.0, 10.0, 11.0, 11.0, 7.0], [12.0, 18.0, 18.0, 18.0, 12.0, 18.0, 12.0, 12.0, 12.0, 18.0, 9.0, 5.0, 1.0, 10.0, 7.0, 7.0, 2.0, 5.0, 8.0, 8.0, 13.0, 12.0, 2.0, 3.0, 1.0, 2.0, 5.0, 13.0, 8.0, 8.0, 7.0, 14.0, 0.0, 7.0, 11.0, 13.0, 12.0, 7.0, 3.0, 5.0, 9.0, 9.0, 5.0, 12.0, 12.0, 6.0, 13.0, 9.0, 3.0, 12.0, 5.0, 6.0, 11.0, 8.0, 6.0, 8.0, 11.0, 12.0, 10.0, 5.0, 8.0, 8.0, 10.0, 7.0, 10.0, 14.0, 5.0, 10.0, 11.0, 9.0, 14.0, 8.0, 11.0, 4.0, 8.0, 8.0, 11.0, 10.0, 3.0, 10.0], [6.0, 17.0, 17.0, 17.0, 6.0, 17.0, 6.0, 6.0, 6.0, 17.0, 3.0, 6.0, 7.0, 4.0, 7.0, 14.0, 6.0, 5.0, 14.0, 13.0, 14.0, 16.0, 7.0, 8.0, 6.0, 7.0, 7.0, 12.0, 4.0, 15.0, 11.0, 13.0, 7.0, 0.0, 16.0, 12.0, 17.0, 9.0, 8.0, 10.0, 6.0, 13.0, 11.0, 12.0, 17.0, 12.0, 18.0, 3.0, 6.0, 11.0, 6.0, 4.0, 14.0, 8.0, 9.0, 10.0, 5.0, 13.0, 14.0, 11.0, 13.0, 14.0, 16.0, 13.0, 13.0, 12.0, 2.0, 16.0, 9.0, 2.0, 13.0, 14.0, 15.0, 8.0, 12.0, 14.0, 15.0, 4.0, 4.0, 13.0], [21.0, 15.0, 15.0, 15.0, 21.0, 15.0, 21.0, 21.0, 21.0, 15.0, 18.0, 10.0, 11.0, 17.0, 11.0, 9.0, 11.0, 12.0, 5.0, 3.0, 10.0, 2.0, 10.0, 13.0, 12.0, 13.0, 9.0, 13.0, 14.0, 7.0, 5.0, 13.0, 11.0, 16.0, 0.0, 14.0, 1.0, 8.0, 9.0, 7.0, 14.0, 3.0, 8.0, 10.0, 1.0, 9.0, 4.0, 18.0, 10.0, 13.0, 11.0, 13.0, 5.0, 10.0, 7.0, 7.0, 19.0, 8.0, 4.0, 13.0, 4.0, 6.0, 5.0, 5.0, 5.0, 14.0, 14.0, 4.0, 12.0, 18.0, 13.0, 8.0, 2.0, 14.0, 4.0, 8.0, 3.0, 18.0, 12.0, 6.0], [13.0, 6.0, 6.0, 6.0, 13.0, 6.0, 13.0, 13.0, 13.0, 6.0, 11.0, 8.0, 13.0, 9.0, 6.0, 18.0, 11.0, 9.0, 15.0, 14.0, 5.0, 12.0, 12.0, 16.0, 14.0, 15.0, 8.0, 1.0, 7.0, 18.0, 11.0, 2.0, 13.0, 12.0, 14.0, 0.0, 15.0, 8.0, 12.0, 13.0, 6.0, 12.0, 15.0, 4.0, 15.0, 17.0, 18.0, 11.0, 10.0, 1.0, 8.0, 8.0, 9.0, 6.0, 9.0, 7.0, 10.0, 6.0, 9.0, 19.0, 13.0, 17.0, 18.0, 15.0, 9.0, 1.0, 11.0, 17.0, 3.0, 11.0, 2.0, 18.0, 12.0, 17.0, 11.0, 18.0, 11.0, 9.0, 10.0, 8.0], [23.0, 16.0, 16.0, 16.0, 23.0, 16.0, 23.0, 23.0, 23.0, 16.0, 19.0, 11.0, 12.0, 18.0, 12.0, 9.0, 12.0, 13.0, 5.0, 4.0, 12.0, 3.0, 11.0, 14.0, 13.0, 14.0, 11.0, 14.0, 16.0, 7.0, 6.0, 14.0, 12.0, 17.0, 1.0, 15.0, 0.0, 9.0, 10.0, 8.0, 15.0, 4.0, 9.0, 12.0, 0.0, 9.0, 3.0, 19.0, 11.0, 14.0, 12.0, 14.0, 6.0, 11.0, 9.0, 9.0, 21.0, 10.0, 6.0, 14.0, 5.0, 6.0, 5.0, 5.0, 6.0, 16.0, 16.0, 4.0, 14.0, 19.0, 15.0, 8.0, 3.0, 15.0, 5.0, 7.0, 4.0, 19.0, 13.0, 8.0], [14.0, 11.0, 11.0, 11.0, 14.0, 11.0, 14.0, 14.0, 14.0, 11.0, 10.0, 3.0, 6.0, 9.0, 3.0, 11.0, 5.0, 4.0, 8.0, 6.0, 7.0, 7.0, 5.0, 10.0, 8.0, 9.0, 2.0, 7.0, 6.0, 10.0, 3.0, 7.0, 7.0, 9.0, 8.0, 8.0, 9.0, 0.0, 5.0, 5.0, 6.0, 5.0, 8.0, 6.0, 9.0, 9.0, 11.0, 10.0, 4.0, 7.0, 3.0, 5.0, 5.0, 2.0, 2.0, 1.0, 11.0, 5.0, 5.0, 12.0, 6.0, 9.0, 10.0, 8.0, 4.0, 8.0, 8.0, 10.0, 5.0, 10.0, 8.0, 10.0, 7.0, 11.0, 4.0, 10.0, 6.0, 10.0, 5.0, 4.0], [14.0, 16.0, 16.0, 16.0, 14.0, 16.0, 14.0, 14.0, 14.0, 16.0, 10.0, 4.0, 2.0, 10.0, 6.0, 7.0, 2.0, 5.0, 6.0, 6.0, 11.0, 9.0, 1.0, 5.0, 4.0, 5.0, 4.0, 12.0, 8.0, 7.0, 4.0, 12.0, 3.0, 8.0, 9.0, 12.0, 10.0, 5.0, 0.0, 2.0, 8.0, 6.0, 4.0, 10.0, 9.0, 5.0, 10.0, 10.0, 2.0, 11.0, 4.0, 6.0, 8.0, 6.0, 3.0, 6.0, 12.0, 9.0, 8.0, 7.0, 5.0, 7.0, 8.0, 5.0, 7.0, 13.0, 6.0, 8.0, 9.0, 10.0, 13.0, 7.0, 8.0, 6.0, 5.0, 7.0, 8.0, 11.0, 4.0, 8.0], [16.0, 16.0, 16.0, 16.0, 16.0, 16.0, 16.0, 16.0, 16.0, 16.0, 13.0, 6.0, 4.0, 12.0, 7.0, 6.0, 4.0, 7.0, 3.0, 3.0, 11.0, 7.0, 3.0, 7.0, 6.0, 7.0, 5.0, 12.0, 10.0, 5.0, 3.0, 12.0, 5.0, 10.0, 7.0, 13.0, 8.0, 5.0, 2.0, 0.0, 10.0, 4.0, 3.0, 10.0, 7.0, 4.0, 8.0, 12.0, 5.0, 12.0, 6.0, 8.0, 7.0, 7.0, 3.0, 6.0, 14.0, 9.0, 7.0, 8.0, 3.0, 5.0, 6.0, 3.0, 6.0, 13.0, 9.0, 6.0, 10.0, 12.0, 13.0, 5.0, 7.0, 8.0, 4.0, 5.0, 7.0, 13.0, 6.0, 7.0], [9.0, 11.0, 11.0, 11.0, 9.0, 11.0, 9.0, 9.0, 9.0, 11.0, 6.0, 4.0, 9.0, 4.0, 3.0, 15.0, 7.0, 4.0, 13.0, 12.0, 8.0, 13.0, 8.0, 12.0, 9.0, 10.0, 5.0, 6.0, 2.0, 15.0, 9.0, 7.0, 9.0, 6.0, 14.0, 6.0, 15.0, 6.0, 8.0, 10.0, 0.0, 11.0, 12.0, 7.0, 15.0, 14.0, 17.0, 6.0, 6.0, 5.0, 4.0, 3.0, 10.0, 4.0, 7.0, 7.0, 6.0, 8.0, 10.0, 14.0, 11.0, 15.0, 16.0, 13.0, 9.0, 6.0, 6.0, 15.0, 3.0, 6.0, 7.0, 15.0, 12.0, 12.0, 10.0, 15.0, 12.0, 5.0, 5.0, 9.0], [18.0, 13.0, 13.0, 13.0, 18.0, 13.0, 18.0, 18.0, 18.0, 13.0, 15.0, 7.0, 8.0, 14.0, 8.0, 9.0, 8.0, 9.0, 4.0, 2.0, 9.0, 3.0, 7.0, 11.0, 10.0, 11.0, 7.0, 11.0, 11.0, 7.0, 2.0, 11.0, 9.0, 13.0, 3.0, 12.0, 4.0, 5.0, 6.0, 4.0, 11.0, 0.0, 7.0, 8.0, 4.0, 8.0, 6.0, 15.0, 7.0, 11.0, 8.0, 10.0, 4.0, 7.0, 4.0, 5.0, 16.0, 7.0, 3.0, 12.0, 2.0, 6.0, 6.0, 4.0, 3.0, 12.0, 12.0, 5.0, 10.0, 15.0, 11.0, 7.0, 3.0, 12.0, 1.0, 7.0, 2.0, 15.0, 9.0, 4.0], [17.0, 19.0, 19.0, 19.0, 17.0, 19.0, 17.0, 17.0, 17.0, 19.0, 14.0, 8.0, 4.0, 14.0, 10.0, 3.0, 5.0, 9.0, 4.0, 5.0, 14.0, 10.0, 4.0, 5.0, 5.0, 6.0, 7.0, 15.0, 12.0, 4.0, 5.0, 15.0, 5.0, 11.0, 8.0, 15.0, 9.0, 8.0, 4.0, 3.0, 12.0, 7.0, 0.0, 13.0, 9.0, 1.0, 8.0, 13.0, 6.0, 14.0, 8.0, 10.0, 10.0, 10.0, 6.0, 9.0, 16.0, 12.0, 9.0, 5.0, 5.0, 4.0, 6.0, 4.0, 9.0, 16.0, 9.0, 6.0, 13.0, 13.0, 16.0, 3.0, 9.0, 6.0, 6.0, 3.0, 9.0, 14.0, 7.0, 10.0], [15.0, 6.0, 6.0, 6.0, 15.0, 6.0, 15.0, 15.0, 15.0, 6.0, 13.0, 7.0, 12.0, 10.0, 6.0, 16.0, 10.0, 8.0, 12.0, 11.0, 1.0, 8.0, 11.0, 15.0, 13.0, 14.0, 7.0, 2.0, 8.0, 15.0, 8.0, 2.0, 12.0, 12.0, 10.0, 4.0, 12.0, 6.0, 10.0, 10.0, 7.0, 8.0, 13.0, 0.0, 11.0, 15.0, 15.0, 12.0, 9.0, 3.0, 8.0, 8.0, 6.0, 4.0, 7.0, 5.0, 13.0, 2.0, 6.0, 17.0, 10.0, 14.0, 15.0, 12.0, 6.0, 4.0, 12.0, 14.0, 4.0, 12.0, 3.0, 15.0, 8.0, 16.0, 8.0, 15.0, 8.0, 11.0, 10.0, 4.0], [22.0, 15.0, 15.0, 15.0, 22.0, 15.0, 22.0, 22.0, 22.0, 15.0, 19.0, 11.0, 11.0, 18.0, 12.0, 9.0, 11.0, 13.0, 5.0, 4.0, 11.0, 3.0, 10.0, 14.0, 13.0, 14.0, 10.0, 14.0, 15.0, 7.0, 6.0, 14.0, 12.0, 17.0, 1.0, 15.0, 0.0, 9.0, 9.0, 7.0, 15.0, 4.0, 9.0, 11.0, 0.0, 9.0, 4.0, 19.0, 11.0, 14.0, 11.0, 13.0, 5.0, 11.0, 8.0, 8.0, 20.0, 9.0, 5.0, 14.0, 4.0, 6.0, 5.0, 5.0, 6.0, 15.0, 15.0, 4.0, 13.0, 19.0, 14.0, 8.0, 3.0, 14.0, 5.0, 7.0, 4.0, 19.0, 13.0, 7.0], [18.0, 20.0, 20.0, 20.0, 18.0, 20.0, 18.0, 18.0, 18.0, 20.0, 15.0, 9.0, 5.0, 15.0, 11.0, 2.0, 7.0, 10.0, 4.0, 6.0, 15.0, 10.0, 6.0, 6.0, 6.0, 6.0, 9.0, 16.0, 13.0, 3.0, 7.0, 17.0, 6.0, 12.0, 9.0, 17.0, 9.0, 9.0, 5.0, 4.0, 14.0, 8.0, 1.0, 15.0, 9.0, 0.0, 8.0, 15.0, 8.0, 16.0, 9.0, 11.0, 11.0, 11.0, 8.0, 10.0, 17.0, 13.0, 11.0, 5.0, 6.0, 3.0, 5.0, 4.0, 10.0, 18.0, 10.0, 6.0, 15.0, 15.0, 17.0, 2.0, 10.0, 6.0, 7.0, 3.0, 10.0, 16.0, 9.0, 11.0], [24.0, 19.0, 19.0, 19.0, 24.0, 19.0, 24.0, 24.0, 24.0, 19.0, 21.0, 13.0, 12.0, 20.0, 14.0, 8.0, 13.0, 15.0, 5.0, 5.0, 15.0, 7.0, 11.0, 14.0, 13.0, 14.0, 12.0, 17.0, 17.0, 5.0, 8.0, 17.0, 13.0, 18.0, 4.0, 18.0, 3.0, 11.0, 10.0, 8.0, 17.0, 6.0, 8.0, 15.0, 4.0, 8.0, 0.0, 20.0, 13.0, 17.0, 13.0, 15.0, 9.0, 13.0, 10.0, 11.0, 22.0, 13.0, 9.0, 13.0, 6.0, 5.0, 3.0, 5.0, 9.0, 18.0, 17.0, 3.0, 16.0, 20.0, 18.0, 6.0, 6.0, 14.0, 7.0, 6.0, 7.0, 21.0, 14.0, 10.0], [4.0, 17.0, 17.0, 17.0, 4.0, 17.0, 4.0, 4.0, 4.0, 17.0, 0.0, 8.0, 9.0, 2.0, 7.0, 16.0, 8.0, 6.0, 16.0, 15.0, 14.0, 17.0, 9.0, 11.0, 8.0, 9.0, 8.0, 12.0, 4.0, 17.0, 13.0, 12.0, 9.0, 3.0, 18.0, 11.0, 19.0, 10.0, 10.0, 12.0, 6.0, 15.0, 13.0, 12.0, 19.0, 15.0, 20.0, 0.0, 8.0, 10.0, 7.0, 5.0, 15.0, 9.0, 10.0, 11.0, 2.0, 13.0, 15.0, 13.0, 15.0, 17.0, 18.0, 16.0, 14.0, 12.0, 4.0, 18.0, 9.0, 0.0, 12.0, 17.0, 17.0, 11.0, 14.0, 17.0, 16.0, 2.0, 6.0, 14.0], [11.0, 15.0, 15.0, 15.0, 11.0, 15.0, 11.0, 11.0, 11.0, 15.0, 8.0, 2.0, 3.0, 8.0, 4.0, 9.0, 1.0, 3.0, 8.0, 8.0, 11.0, 10.0, 2.0, 6.0, 3.0, 5.0, 2.0, 10.0, 5.0, 10.0, 5.0, 11.0, 3.0, 6.0, 10.0, 10.0, 11.0, 4.0, 2.0, 5.0, 6.0, 7.0, 6.0, 9.0, 11.0, 8.0, 13.0, 8.0, 0.0, 9.0, 2.0, 4.0, 9.0, 5.0, 3.0, 6.0, 10.0, 9.0, 8.0, 8.0, 7.0, 9.0, 11.0, 8.0, 8.0, 11.0, 4.0, 10.0, 8.0, 8.0, 11.0, 9.0, 10.0, 7.0, 6.0, 9.0, 9.0, 8.0, 2.0, 8.0], [13.0, 6.0, 6.0, 6.0, 13.0, 6.0, 13.0, 13.0, 13.0, 6.0, 10.0, 7.0, 12.0, 8.0, 5.0, 17.0, 10.0, 8.0, 14.0, 13.0, 4.0, 11.0, 11.0, 15.0, 13.0, 14.0, 7.0, 1.0, 7.0, 17.0, 10.0, 2.0, 12.0, 11.0, 13.0, 1.0, 14.0, 7.0, 11.0, 12.0, 5.0, 11.0, 14.0, 3.0, 14.0, 16.0, 17.0, 10.0, 9.0, 0.0, 7.0, 7.0, 9.0, 5.0, 8.0, 6.0, 10.0, 5.0, 9.0, 18.0, 12.0, 16.0, 17.0, 14.0, 8.0, 2.0, 11.0, 16.0, 2.0, 10.0, 2.0, 17.0, 11.0, 16.0, 10.0, 17.0, 10.0, 9.0, 9.0, 7.0], [11.0, 13.0, 13.0, 13.0, 11.0, 13.0, 11.0, 11.0, 11.0, 13.0, 7.0, 0.0, 5.0, 6.0, 2.0, 11.0, 3.0, 1.0, 9.0, 8.0, 9.0, 10.0, 4.0, 8.0, 5.0, 7.0, 1.0, 8.0, 4.0, 11.0, 5.0, 9.0, 5.0, 6.0, 11.0, 8.0, 12.0, 3.0, 4.0, 6.0, 4.0, 8.0, 8.0, 8.0, 11.0, 9.0, 13.0, 7.0, 2.0, 7.0, 0.0, 2.0, 8.0, 3.0, 3.0, 5.0, 9.0, 8.0, 8.0, 10.0, 8.0, 10.0, 12.0, 9.0, 7.0, 9.0, 4.0, 11.0, 6.0, 7.0, 9.0, 11.0, 10.0, 9.0, 7.0, 11.0, 9.0, 7.0, 2.0, 7.0], [9.0, 13.0, 13.0, 13.0, 9.0, 13.0, 9.0, 9.0, 9.0, 13.0, 5.0, 2.0, 6.0, 4.0, 2.0, 13.0, 4.0, 1.0, 11.0, 10.0, 9.0, 12.0, 5.0, 9.0, 6.0, 8.0, 3.0, 8.0, 2.0, 13.0, 7.0, 9.0, 6.0, 4.0, 13.0, 8.0, 14.0, 5.0, 6.0, 8.0, 3.0, 10.0, 10.0, 8.0, 13.0, 11.0, 15.0, 5.0, 4.0, 7.0, 2.0, 0.0, 10.0, 4.0, 5.0, 6.0, 7.0, 8.0, 9.0, 11.0, 10.0, 12.0, 14.0, 11.0, 9.0, 9.0, 4.0, 13.0, 5.0, 5.0, 9.0, 13.0, 12.0, 10.0, 9.0, 13.0, 11.0, 5.0, 3.0, 8.0], [19.0, 10.0, 10.0, 10.0, 19.0, 10.0, 19.0, 19.0, 19.0, 10.0, 15.0, 8.0, 11.0, 14.0, 8.0, 12.0, 10.0, 10.0, 8.0, 6.0, 6.0, 3.0, 9.0, 14.0, 12.0, 13.0, 7.0, 8.0, 11.0, 10.0, 5.0, 8.0, 11.0, 14.0, 5.0, 9.0, 6.0, 5.0, 8.0, 7.0, 10.0, 4.0, 10.0, 6.0, 5.0, 11.0, 9.0, 15.0, 9.0, 9.0, 8.0, 10.0, 0.0, 6.0, 6.0, 4.0, 16.0, 4.0, 1.0, 15.0, 5.0, 10.0, 9.0, 8.0, 1.0, 10.0, 13.0, 9.0, 8.0, 15.0, 9.0, 11.0, 3.0, 15.0, 4.0, 11.0, 2.0, 15.0, 10.0, 2.0], [12.0, 10.0, 10.0, 10.0, 12.0, 10.0, 12.0, 12.0, 12.0, 10.0, 9.0, 3.0, 8.0, 7.0, 2.0, 13.0, 6.0, 4.0, 10.0, 9.0, 6.0, 9.0, 6.0, 11.0, 9.0, 10.0, 3.0, 5.0, 5.0, 12.0, 6.0, 6.0, 8.0, 8.0, 10.0, 6.0, 11.0, 2.0, 6.0, 7.0, 4.0, 7.0, 10.0, 4.0, 11.0, 11.0, 13.0, 9.0, 5.0, 5.0, 3.0, 4.0, 6.0, 0.0, 4.0, 3.0, 10.0, 4.0, 6.0, 13.0, 8.0, 12.0, 13.0, 10.0, 5.0, 6.0, 8.0, 12.0, 3.0, 9.0, 6.0, 12.0, 8.0, 12.0, 6.0, 12.0, 8.0, 9.0, 6.0, 5.0], [14.0, 13.0, 13.0, 13.0, 14.0, 13.0, 14.0, 14.0, 14.0, 13.0, 11.0, 3.0, 5.0, 9.0, 4.0, 9.0, 4.0, 4.0, 6.0, 5.0, 8.0, 7.0, 4.0, 8.0, 6.0, 8.0, 2.0, 9.0, 7.0, 9.0, 2.0, 9.0, 6.0, 9.0, 7.0, 9.0, 9.0, 2.0, 3.0, 3.0, 7.0, 4.0, 6.0, 7.0, 8.0, 8.0, 10.0, 10.0, 3.0, 8.0, 3.0, 5.0, 6.0, 4.0, 0.0, 3.0, 12.0, 6.0, 5.0, 10.0, 5.0, 8.0, 9.0, 6.0, 4.0, 10.0, 7.0, 8.0, 7.0, 10.0, 10.0, 9.0, 7.0, 9.0, 3.0, 9.0, 6.0, 11.0, 5.0, 5.0], [15.0, 10.0, 10.0, 10.0, 15.0, 10.0, 15.0, 15.0, 15.0, 10.0, 11.0, 4.0, 8.0, 10.0, 4.0, 11.0, 7.0, 6.0, 8.0, 6.0, 6.0, 6.0, 6.0, 11.0, 9.0, 10.0, 4.0, 6.0, 7.0, 10.0, 3.0, 7.0, 8.0, 10.0, 7.0, 7.0, 9.0, 1.0, 6.0, 6.0, 7.0, 5.0, 9.0, 5.0, 8.0, 10.0, 11.0, 11.0, 6.0, 6.0, 5.0, 6.0, 4.0, 3.0, 3.0, 0.0, 12.0, 4.0, 3.0, 13.0, 6.0, 10.0, 10.0, 8.0, 3.0, 8.0, 9.0, 10.0, 5.0, 11.0, 7.0, 11.0, 6.0, 12.0, 4.0, 10.0, 5.0, 11.0, 7.0, 3.0], [3.0, 16.0, 16.0, 16.0, 3.0, 16.0, 3.0, 3.0, 3.0, 16.0, 2.0, 9.0, 11.0, 2.0, 8.0, 18.0, 10.0, 7.0, 18.0, 17.0, 14.0, 18.0, 11.0, 13.0, 11.0, 12.0, 10.0, 11.0, 5.0, 19.0, 14.0, 12.0, 11.0, 5.0, 19.0, 10.0, 21.0, 11.0, 12.0, 14.0, 6.0, 16.0, 16.0, 13.0, 20.0, 17.0, 22.0, 2.0, 10.0, 10.0, 9.0, 7.0, 16.0, 10.0, 12.0, 12.0, 0.0, 14.0, 16.0, 16.0, 16.0, 19.0, 20.0, 17.0, 15.0, 11.0, 7.0, 20.0, 9.0, 3.0, 12.0, 19.0, 18.0, 13.0, 15.0, 19.0, 17.0, 1.0, 8.0, 15.0], [16.0, 7.0, 7.0, 7.0, 16.0, 7.0, 16.0, 16.0, 16.0, 7.0, 13.0, 7.0, 11.0, 11.0, 6.0, 15.0, 10.0, 8.0, 11.0, 9.0, 2.0, 6.0, 10.0, 15.0, 12.0, 14.0, 7.0, 4.0, 9.0, 13.0, 7.0, 4.0, 12.0, 13.0, 8.0, 6.0, 10.0, 5.0, 9.0, 9.0, 8.0, 7.0, 12.0, 2.0, 9.0, 13.0, 13.0, 13.0, 9.0, 5.0, 8.0, 8.0, 4.0, 4.0, 6.0, 4.0, 14.0, 0.0, 4.0, 16.0, 8.0, 13.0, 13.0, 11.0, 4.0, 6.0, 12.0, 12.0, 5.0, 13.0, 5.0, 14.0, 7.0, 16.0, 6.0, 14.0, 6.0, 13.0, 10.0, 2.0], [18.0, 10.0, 10.0, 10.0, 18.0, 10.0, 18.0, 18.0, 18.0, 10.0, 15.0, 7.0, 10.0, 13.0, 7.0, 12.0, 9.0, 9.0, 7.0, 5.0, 6.0, 3.0, 9.0, 13.0, 11.0, 13.0, 7.0, 8.0, 11.0, 10.0, 4.0, 8.0, 10.0, 14.0, 4.0, 9.0, 6.0, 5.0, 8.0, 7.0, 10.0, 3.0, 9.0, 6.0, 5.0, 11.0, 9.0, 15.0, 8.0, 9.0, 8.0, 9.0, 1.0, 6.0, 5.0, 3.0, 16.0, 4.0, 0.0, 14.0, 5.0, 9.0, 9.0, 7.0, 1.0, 10.0, 12.0, 8.0, 8.0, 15.0, 9.0, 10.0, 3.0, 14.0, 3.0, 10.0, 2.0, 14.0, 10.0, 2.0], [16.0, 23.0, 23.0, 23.0, 16.0, 23.0, 16.0, 16.0, 16.0, 23.0, 13.0, 10.0, 5.0, 14.0, 12.0, 5.0, 7.0, 10.0, 9.0, 10.0, 18.0, 15.0, 7.0, 3.0, 5.0, 4.0, 10.0, 18.0, 13.0, 8.0, 10.0, 19.0, 5.0, 11.0, 13.0, 19.0, 14.0, 12.0, 7.0, 8.0, 14.0, 12.0, 5.0, 17.0, 14.0, 5.0, 13.0, 13.0, 8.0, 18.0, 10.0, 11.0, 15.0, 13.0, 10.0, 13.0, 16.0, 16.0, 14.0, 0.0, 10.0, 8.0, 10.0, 9.0, 14.0, 19.0, 9.0, 10.0, 16.0, 13.0, 19.0, 7.0, 14.0, 2.0, 11.0, 7.0, 14.0, 15.0, 9.0, 15.0], [18.0, 15.0, 15.0, 15.0, 18.0, 15.0, 18.0, 18.0, 18.0, 15.0, 15.0, 7.0, 7.0, 14.0, 9.0, 7.0, 7.0, 9.0, 2.0, 1.0, 10.0, 5.0, 6.0, 10.0, 9.0, 10.0, 7.0, 12.0, 12.0, 5.0, 2.0, 12.0, 8.0, 13.0, 4.0, 13.0, 5.0, 6.0, 5.0, 3.0, 11.0, 2.0, 5.0, 10.0, 4.0, 6.0, 6.0, 15.0, 7.0, 12.0, 8.0, 10.0, 5.0, 8.0, 5.0, 6.0, 16.0, 8.0, 5.0, 10.0, 0.0, 4.0, 5.0, 2.0, 5.0, 13.0, 11.0, 4.0, 11.0, 15.0, 13.0, 6.0, 4.0, 10.0, 2.0, 5.0, 4.0, 15.0, 9.0, 6.0], [20.0, 19.0, 19.0, 19.0, 20.0, 19.0, 20.0, 20.0, 20.0, 19.0, 17.0, 10.0, 8.0, 17.0, 12.0, 3.0, 9.0, 11.0, 2.0, 4.0, 15.0, 8.0, 7.0, 9.0, 9.0, 9.0, 10.0, 16.0, 14.0, 1.0, 6.0, 17.0, 8.0, 14.0, 6.0, 17.0, 6.0, 9.0, 7.0, 5.0, 15.0, 6.0, 4.0, 14.0, 6.0, 3.0, 5.0, 17.0, 9.0, 16.0, 10.0, 12.0, 10.0, 12.0, 8.0, 10.0, 19.0, 13.0, 9.0, 8.0, 4.0, 0.0, 2.0, 2.0, 9.0, 18.0, 13.0, 3.0, 15.0, 17.0, 17.0, 1.0, 8.0, 9.0, 6.0, 1.0, 8.0, 17.0, 10.0, 10.0], [22.0, 19.0, 19.0, 19.0, 22.0, 19.0, 22.0, 22.0, 22.0, 19.0, 19.0, 12.0, 10.0, 18.0, 13.0, 5.0, 10.0, 13.0, 3.0, 4.0, 15.0, 8.0, 9.0, 11.0, 11.0, 11.0, 11.0, 17.0, 16.0, 2.0, 7.0, 17.0, 10.0, 16.0, 5.0, 18.0, 5.0, 10.0, 8.0, 6.0, 16.0, 6.0, 6.0, 15.0, 5.0, 5.0, 3.0, 18.0, 11.0, 17.0, 12.0, 14.0, 9.0, 13.0, 9.0, 10.0, 20.0, 13.0, 9.0, 10.0, 5.0, 2.0, 0.0, 3.0, 9.0, 18.0, 14.0, 1.0, 16.0, 18.0, 18.0, 3.0, 7.0, 11.0, 7.0, 3.0, 8.0, 19.0, 12.0, 10.0], [19.0, 17.0, 17.0, 17.0, 19.0, 17.0, 19.0, 19.0, 19.0, 17.0, 16.0, 9.0, 7.0, 15.0, 10.0, 4.0, 8.0, 10.0, 0.0, 2.0, 13.0, 7.0, 6.0, 9.0, 8.0, 9.0, 8.0, 14.0, 13.0, 3.0, 4.0, 15.0, 7.0, 13.0, 5.0, 15.0, 5.0, 8.0, 5.0, 3.0, 13.0, 4.0, 4.0, 12.0, 5.0, 4.0, 5.0, 16.0, 8.0, 14.0, 9.0, 11.0, 8.0, 10.0, 6.0, 8.0, 17.0, 11.0, 7.0, 9.0, 2.0, 2.0, 3.0, 0.0, 7.0, 16.0, 12.0, 3.0, 13.0, 15.0, 15.0, 3.0, 6.0, 9.0, 4.0, 3.0, 6.0, 16.0, 9.0, 8.0], [18.0, 10.0, 10.0, 10.0, 18.0, 10.0, 18.0, 18.0, 18.0, 10.0, 14.0, 7.0, 9.0, 13.0, 7.0, 11.0, 9.0, 8.0, 7.0, 5.0, 6.0, 3.0, 8.0, 13.0, 11.0, 12.0, 6.0, 8.0, 10.0, 10.0, 4.0, 8.0, 10.0, 13.0, 5.0, 9.0, 6.0, 4.0, 7.0, 6.0, 9.0, 3.0, 9.0, 6.0, 6.0, 10.0, 9.0, 14.0, 8.0, 8.0, 7.0, 9.0, 1.0, 5.0, 4.0, 3.0, 15.0, 4.0, 1.0, 14.0, 5.0, 9.0, 9.0, 7.0, 0.0, 9.0, 12.0, 8.0, 8.0, 14.0, 9.0, 10.0, 3.0, 13.0, 3.0, 10.0, 2.0, 14.0, 9.0, 1.0], [14.0, 5.0, 5.0, 5.0, 14.0, 5.0, 14.0, 14.0, 14.0, 5.0, 12.0, 9.0, 14.0, 9.0, 7.0, 19.0, 12.0, 9.0, 16.0, 14.0, 4.0, 12.0, 13.0, 17.0, 15.0, 16.0, 9.0, 1.0, 8.0, 18.0, 11.0, 1.0, 14.0, 12.0, 14.0, 1.0, 16.0, 8.0, 13.0, 13.0, 6.0, 12.0, 16.0, 4.0, 15.0, 18.0, 18.0, 12.0, 11.0, 2.0, 9.0, 9.0, 10.0, 6.0, 10.0, 8.0, 11.0, 6.0, 10.0, 19.0, 13.0, 18.0, 18.0, 16.0, 9.0, 0.0, 12.0, 17.0, 3.0, 12.0, 1.0, 18.0, 12.0, 18.0, 12.0, 18.0, 11.0, 10.0, 11.0, 8.0], [8.0, 17.0, 17.0, 17.0, 8.0, 17.0, 8.0, 8.0, 8.0, 17.0, 4.0, 5.0, 5.0, 5.0, 6.0, 12.0, 4.0, 3.0, 12.0, 12.0, 13.0, 14.0, 5.0, 6.0, 4.0, 5.0, 6.0, 12.0, 4.0, 13.0, 9.0, 12.0, 5.0, 2.0, 14.0, 11.0, 16.0, 8.0, 6.0, 9.0, 6.0, 12.0, 9.0, 12.0, 15.0, 10.0, 17.0, 4.0, 4.0, 11.0, 4.0, 4.0, 13.0, 8.0, 7.0, 9.0, 7.0, 12.0, 12.0, 9.0, 11.0, 13.0, 14.0, 12.0, 12.0, 12.0, 0.0, 14.0, 9.0, 4.0, 13.0, 12.0, 14.0, 7.0, 11.0, 13.0, 13.0, 6.0, 3.0, 12.0], [22.0, 19.0, 19.0, 19.0, 22.0, 19.0, 22.0, 22.0, 22.0, 19.0, 18.0, 11.0, 10.0, 18.0, 12.0, 6.0, 10.0, 13.0, 2.0, 3.0, 14.0, 7.0, 9.0, 11.0, 11.0, 11.0, 10.0, 16.0, 15.0, 3.0, 6.0, 16.0, 10.0, 16.0, 4.0, 17.0, 4.0, 10.0, 8.0, 6.0, 15.0, 5.0, 6.0, 14.0, 4.0, 6.0, 3.0, 18.0, 10.0, 16.0, 11.0, 13.0, 9.0, 12.0, 8.0, 10.0, 20.0, 12.0, 8.0, 10.0, 4.0, 3.0, 1.0, 3.0, 8.0, 17.0, 14.0, 0.0, 15.0, 18.0, 17.0, 4.0, 6.0, 12.0, 6.0, 4.0, 7.0, 19.0, 12.0, 10.0], [12.0, 8.0, 8.0, 8.0, 12.0, 8.0, 12.0, 12.0, 12.0, 8.0, 9.0, 6.0, 10.0, 7.0, 4.0, 16.0, 9.0, 6.0, 13.0, 12.0, 5.0, 11.0, 9.0, 14.0, 11.0, 13.0, 6.0, 3.0, 5.0, 16.0, 9.0, 3.0, 11.0, 9.0, 12.0, 3.0, 14.0, 5.0, 9.0, 10.0, 3.0, 10.0, 13.0, 4.0, 13.0, 15.0, 16.0, 9.0, 8.0, 2.0, 6.0, 5.0, 8.0, 3.0, 7.0, 5.0, 9.0, 5.0, 8.0, 16.0, 11.0, 15.0, 16.0, 13.0, 8.0, 3.0, 9.0, 15.0, 0.0, 9.0, 4.0, 16.0, 11.0, 15.0, 9.0, 15.0, 10.0, 8.0, 8.0, 7.0], [4.0, 17.0, 17.0, 17.0, 4.0, 17.0, 4.0, 4.0, 4.0, 17.0, 0.0, 8.0, 9.0, 3.0, 7.0, 16.0, 8.0, 6.0, 16.0, 15.0, 14.0, 17.0, 9.0, 10.0, 8.0, 9.0, 8.0, 12.0, 4.0, 17.0, 12.0, 12.0, 9.0, 2.0, 18.0, 11.0, 19.0, 10.0, 10.0, 12.0, 6.0, 15.0, 13.0, 12.0, 19.0, 15.0, 20.0, 0.0, 8.0, 10.0, 7.0, 5.0, 15.0, 9.0, 10.0, 11.0, 3.0, 13.0, 15.0, 13.0, 15.0, 17.0, 18.0, 15.0, 14.0, 12.0, 4.0, 18.0, 9.0, 0.0, 13.0, 16.0, 17.0, 11.0, 14.0, 17.0, 16.0, 2.0, 6.0, 14.0], [15.0, 4.0, 4.0, 4.0, 15.0, 4.0, 15.0, 15.0, 15.0, 4.0, 13.0, 9.0, 14.0, 10.0, 7.0, 19.0, 12.0, 10.0, 15.0, 14.0, 3.0, 11.0, 13.0, 17.0, 15.0, 16.0, 9.0, 1.0, 9.0, 18.0, 11.0, 1.0, 14.0, 13.0, 13.0, 2.0, 15.0, 8.0, 13.0, 13.0, 7.0, 11.0, 16.0, 3.0, 14.0, 17.0, 18.0, 12.0, 11.0, 2.0, 9.0, 9.0, 9.0, 6.0, 10.0, 7.0, 12.0, 5.0, 9.0, 19.0, 13.0, 17.0, 18.0, 15.0, 9.0, 1.0, 13.0, 17.0, 4.0, 13.0, 0.0, 18.0, 11.0, 18.0, 11.0, 18.0, 11.0, 11.0, 11.0, 7.0], [20.0, 21.0, 21.0, 21.0, 20.0, 21.0, 20.0, 20.0, 20.0, 21.0, 17.0, 11.0, 7.0, 17.0, 12.0, 2.0, 9.0, 12.0, 3.0, 5.0, 16.0, 10.0, 7.0, 8.0, 8.0, 9.0, 10.0, 17.0, 15.0, 1.0, 7.0, 17.0, 8.0, 14.0, 8.0, 18.0, 8.0, 10.0, 7.0, 5.0, 15.0, 7.0, 3.0, 15.0, 8.0, 2.0, 6.0, 17.0, 9.0, 17.0, 11.0, 13.0, 11.0, 12.0, 9.0, 11.0, 19.0, 14.0, 10.0, 7.0, 6.0, 1.0, 3.0, 3.0, 10.0, 18.0, 12.0, 4.0, 16.0, 16.0, 18.0, 0.0, 9.0, 8.0, 7.0, 0.0, 10.0, 17.0, 10.0, 11.0], [20.0, 13.0, 13.0, 13.0, 20.0, 13.0, 20.0, 20.0, 20.0, 13.0, 17.0, 9.0, 11.0, 16.0, 10.0, 11.0, 10.0, 11.0, 6.0, 4.0, 8.0, 1.0, 10.0, 13.0, 12.0, 13.0, 9.0, 11.0, 13.0, 8.0, 5.0, 11.0, 11.0, 15.0, 2.0, 12.0, 3.0, 7.0, 8.0, 7.0, 12.0, 3.0, 9.0, 8.0, 3.0, 10.0, 6.0, 17.0, 10.0, 11.0, 10.0, 12.0, 3.0, 8.0, 7.0, 6.0, 18.0, 7.0, 3.0, 14.0, 4.0, 8.0, 7.0, 6.0, 3.0, 12.0, 14.0, 6.0, 11.0, 17.0, 11.0, 9.0, 0.0, 14.0, 3.0, 9.0, 1.0, 17.0, 11.0, 4.0], [14.0, 22.0, 22.0, 22.0, 14.0, 22.0, 14.0, 14.0, 14.0, 22.0, 11.0, 9.0, 4.0, 12.0, 11.0, 7.0, 6.0, 9.0, 10.0, 11.0, 17.0, 15.0, 6.0, 1.0, 3.0, 2.0, 9.0, 17.0, 11.0, 9.0, 10.0, 17.0, 4.0, 8.0, 14.0, 17.0, 15.0, 11.0, 6.0, 8.0, 12.0, 12.0, 6.0, 16.0, 14.0, 6.0, 14.0, 11.0, 7.0, 16.0, 9.0, 10.0, 15.0, 12.0, 9.0, 12.0, 13.0, 16.0, 14.0, 2.0, 10.0, 9.0, 11.0, 9.0, 13.0, 18.0, 7.0, 12.0, 15.0, 11.0, 18.0, 8.0, 14.0, 0.0, 11.0, 9.0, 14.0, 12.0, 7.0, 14.0], [17.0, 13.0, 13.0, 13.0, 17.0, 13.0, 17.0, 17.0, 17.0, 13.0, 14.0, 6.0, 7.0, 13.0, 7.0, 8.0, 7.0, 8.0, 4.0, 3.0, 8.0, 4.0, 6.0, 10.0, 9.0, 10.0, 6.0, 10.0, 10.0, 7.0, 1.0, 10.0, 8.0, 12.0, 4.0, 11.0, 5.0, 4.0, 5.0, 4.0, 10.0, 1.0, 6.0, 8.0, 5.0, 7.0, 7.0, 14.0, 6.0, 10.0, 7.0, 9.0, 4.0, 6.0, 3.0, 4.0, 15.0, 6.0, 3.0, 11.0, 2.0, 6.0, 7.0, 4.0, 3.0, 12.0, 11.0, 6.0, 9.0, 14.0, 11.0, 7.0, 3.0, 11.0, 0.0, 7.0, 3.0, 14.0, 8.0, 4.0], [20.0, 20.0, 20.0, 20.0, 20.0, 20.0, 20.0, 20.0, 20.0, 20.0, 17.0, 11.0, 8.0, 17.0, 12.0, 2.0, 9.0, 12.0, 3.0, 5.0, 16.0, 9.0, 8.0, 8.0, 9.0, 9.0, 10.0, 17.0, 15.0, 1.0, 7.0, 17.0, 8.0, 14.0, 8.0, 18.0, 7.0, 10.0, 7.0, 5.0, 15.0, 7.0, 3.0, 15.0, 7.0, 3.0, 6.0, 17.0, 9.0, 17.0, 11.0, 13.0, 11.0, 12.0, 9.0, 10.0, 19.0, 14.0, 10.0, 7.0, 5.0, 1.0, 3.0, 3.0, 10.0, 18.0, 13.0, 4.0, 15.0, 17.0, 18.0, 0.0, 9.0, 9.0, 7.0, 0.0, 9.0, 18.0, 11.0, 11.0], [20.0, 12.0, 12.0, 12.0, 20.0, 12.0, 20.0, 20.0, 20.0, 12.0, 16.0, 9.0, 10.0, 15.0, 9.0, 11.0, 10.0, 10.0, 6.0, 4.0, 8.0, 1.0, 9.0, 13.0, 12.0, 13.0, 8.0, 10.0, 12.0, 9.0, 4.0, 10.0, 11.0, 15.0, 3.0, 11.0, 4.0, 6.0, 8.0, 7.0, 12.0, 2.0, 9.0, 8.0, 4.0, 10.0, 7.0, 16.0, 9.0, 10.0, 9.0, 11.0, 2.0, 8.0, 6.0, 5.0, 17.0, 6.0, 2.0, 14.0, 4.0, 8.0, 8.0, 6.0, 2.0, 11.0, 13.0, 7.0, 10.0, 16.0, 11.0, 10.0, 1.0, 14.0, 3.0, 9.0, 0.0, 16.0, 11.0, 3.0], [4.0, 15.0, 15.0, 15.0, 4.0, 15.0, 4.0, 4.0, 4.0, 15.0, 2.0, 8.0, 10.0, 1.0, 7.0, 17.0, 9.0, 6.0, 16.0, 16.0, 13.0, 17.0, 10.0, 12.0, 10.0, 11.0, 8.0, 10.0, 4.0, 18.0, 13.0, 11.0, 10.0, 4.0, 18.0, 9.0, 19.0, 10.0, 11.0, 13.0, 5.0, 15.0, 14.0, 11.0, 19.0, 16.0, 21.0, 2.0, 8.0, 9.0, 7.0, 5.0, 15.0, 9.0, 11.0, 11.0, 1.0, 13.0, 14.0, 15.0, 15.0, 17.0, 19.0, 16.0, 14.0, 10.0, 6.0, 19.0, 8.0, 2.0, 11.0, 17.0, 17.0, 12.0, 14.0, 18.0, 16.0, 0.0, 7.0, 13.0], [10.0, 15.0, 15.0, 15.0, 10.0, 15.0, 10.0, 10.0, 10.0, 15.0, 6.0, 3.0, 3.0, 6.0, 4.0, 10.0, 2.0, 2.0, 10.0, 9.0, 11.0, 12.0, 3.0, 6.0, 4.0, 5.0, 3.0, 10.0, 4.0, 11.0, 7.0, 11.0, 3.0, 4.0, 12.0, 10.0, 13.0, 5.0, 4.0, 6.0, 5.0, 9.0, 7.0, 10.0, 13.0, 9.0, 14.0, 6.0, 2.0, 9.0, 2.0, 3.0, 10.0, 6.0, 5.0, 7.0, 8.0, 10.0, 10.0, 9.0, 9.0, 10.0, 12.0, 9.0, 9.0, 11.0, 3.0, 12.0, 8.0, 6.0, 11.0, 10.0, 11.0, 7.0, 8.0, 11.0, 11.0, 7.0, 0.0, 9.0], [17.0, 9.0, 9.0, 9.0, 17.0, 9.0, 17.0, 17.0, 17.0, 9.0, 14.0, 7.0, 10.0, 12.0, 6.0, 13.0, 9.0, 8.0, 8.0, 7.0, 4.0, 4.0, 9.0, 13.0, 11.0, 13.0, 6.0, 7.0, 10.0, 11.0, 5.0, 7.0, 10.0, 13.0, 6.0, 8.0, 8.0, 4.0, 8.0, 7.0, 9.0, 4.0, 10.0, 4.0, 7.0, 11.0, 10.0, 14.0, 8.0, 7.0, 7.0, 8.0, 2.0, 5.0, 5.0, 3.0, 15.0, 2.0, 2.0, 15.0, 6.0, 10.0, 10.0, 8.0, 1.0, 8.0, 12.0, 10.0, 7.0, 14.0, 7.0, 11.0, 4.0, 14.0, 4.0, 11.0, 3.0, 13.0, 9.0, 0.0]]
