70 3478.65 0 1680 1 1680
[3156.93, 5404.52, 2497.8, 7473.48, 115.06, 349.73, 3904.4, 3160.04, 9307.7, 8063.85, 1373.62, 5325.59, 7549.36, 6290.11, 4787.42, 5898.26, 1790.28, 5805.09, 7657.98, 2760.19, 9112.72, 2792.0, 3881.58, 2560.41, 3173.07, 8043.04, 9815.2, 5991.95, 7947.5, 7224.6, 5012.33, 8198.35, 2706.2, 3875.73, 4589.26, 8152.42, 8044.01, 6010.46, 2039.05, 4884.36, 8601.2, 9489.45, 3964.28, 3098.66, 8172.72, 4164.33, 9161.77, 3167.34, 3161.33, 7401.99, 6809.42, 2358.1, 2396.8, 4623.0, 549.38, 3963.57, 8526.17, 1724.32, 5934.36, 236.6, 9258.89, 1302.24, 8401.79, 6355.36, 7050.45, 2618.25, 4073.4, 8506.44, 4585.2, 7415.48]
[6229.73, 5863.26, 8036.8, 8168.76, 2866.41, 7418.14, 3429.14, 2430.84, 7472.4, 6343.0, 1734.27, 7257.65, 3230.68, 1292.9, 1555.68, 7364.92, 7300.39, 4225.84, 1775.92, 4428.21, 2665.3, 3592.54, 4208.93, 5880.51, 8219.85, 5976.06, 1981.05, 1548.3, 4060.1, 3763.76, 7067.39, 3474.03, 6679.38, 1140.47, 7787.81, 2634.55, 3812.41, 7248.11, 7550.64, 1757.7, 4452.71, 8006.05, 5023.09, 6833.49, 6962.36, 8954.85, 1752.29, 6109.58, 7836.2, 3248.11, 2769.42, 1520.17, 2218.68, 4456.68, 1238.24, 8690.14, 2909.81, 6371.41, 3838.56, 2762.25, 4444.06, 5761.42, 3556.14, 1980.63, 4190.04, 5232.97, 4048.98, 7211.92, 1385.19, 2685.15]
[3, 5, 3, 7, 1, 1, 4, 3, 9, 8, 2, 5, 7, 6, 5, 6, 2, 6, 7, 3, 9, 3, 4, 3, 3, 8, 9, 6, 8, 7, 5, 8, 3, 4, 5, 8, 8, 6, 2, 5, 8, 9, 4, 3, 8, 4, 9, 3, 3, 7, 7, 3, 3, 5, 1, 4, 8, 2, 6, 1, 9, 2, 8, 6, 7, 3, 4, 8, 5, 7]
[1, 2, 3, 4, 5, 6, 7, 8, 9, 10, 11, 12, 13, 14, 15, 16, 17, 18, 19, 20, 21, 22, 23, 24, 25, 26, 27, 28, 29, 30, 31, 32, 33, 34, 35, 36, 37, 38, 39, 40, 41, 42, 43, 44, 45, 46, 47, 48, 49, 50, 51, 52, 53, 54, 55, 56, 57, 58, 59, 60, 61, 62, 63, 64, 65, 66, 67, 68, 69, 70]
[3, 1, 3, 3, 1, 1, 3, 3, 2, 2, 1, 1, 3, 2, 1, 2, 1, 2, 3, 3, 2, 3, 3, 3, 3, 2, 2, 2, 2, 3, 1, 2, 3, 3, 1, 2, 2, 2, 1, 1, 2, 2, 3, 3, 2, 3, 2, 3, 3, 3, 3, 3, 3, 1, 1, 3, 2, 1, 2, 1, 2, 1, 2, 2, 3, 3, 3, 2, 1, 3]
[1, 3, 1, 2, 2, 2, 3, 1, 2, 1, 3, 3, 2, 3, 3, 3, 3, 3, 2, 1, 2, 1, 3, 1, 1, 1, 2, 3, 1, 2, 3, 1, 1, 3, 3, 1, 1, 3, 3, 3, 1, 2, 3, 1, 1, 3, 2, 1, 1, 2, 2, 1, 1, 3, 2, 3, 1, 3, 3, 2, 2, 3, 1, 3, 2, 1, 3, 1, 3, 2]
[2, 2, 7, 10, 6, 2, 4, 1, 7, 5, 9, 9, 2, 9, 9, 8, 2, 7, 4, 10, 1, 10, 3, 2, 1, 2, 4, 6, 3, 9, 4, 3, 4, 5, 8, 6, 7, 10, 4, 8, 10, 7, 5, 7, 10, 2, 7, 7, 8, 4, 6, 6, 4, 8, 4, 4, 1, 7, 9, 1, 3, 5, 9, 3, 5, 2, 3, 10, 9, 9]
[3162.77, 3883.08, 3180.15, 3445.19, 4820.0, 3190.6, 3761.27, 4066.81, 3148.27, 4487.26, 4684.83, 4741.57, 3746.84, 4394.67, 4421.04, 4024.35, 4026.66, 3172.58, 3903.93, 3534.49, 3702.28, 3779.32, 4313.92, 3728.81, 3611.75, 3427.73, 3718.31, 4083.81, 4829.05, 4451.9, 3502.89, 4657.27, 3614.09, 4158.47, 4267.81, 4726.04, 3254.87, 3889.15, 3719.57, 4283.86, 3518.3, 3225.29, 4711.17, 3258.91, 3802.26, 4092.3, 3221.88, 3125.73, 4282.47, 3607.16, 3875.73, 3909.66, 3762.0, 4194.56, 3479.59, 3740.59, 3858.19, 3217.94, 4512.01, 4018.53, 4905.91, 3973.26, 4362.23, 4304.66, 4614.11, 3329.01, 4273.32, 3620.83, 4656.45, 4696.44]
[0.17, 0.26, 0.21, 0.94, 0.77, 0.18, 0.54, 0.79, 0.06, 0.15, 0.33, 0.32, 0.09, 0.36, 0.31, 0.41, 0.28, 0.19, 0.48, 0.82, 0.77, 0.64, 0.68, 0.24, 0.86, 0.21, 0.51, 0.84, 0.73, 0.21, 0.48, 0.36, 0.55, 0.08, 0.39, 0.52, 0.07, 0.68, 0.51, 0.43, 0.78, 0.17, 0.1, 0.21, 0.85, 0.08, 0.14, 0.07, 0.66, 0.49, 0.74, 0.77, 0.52, 0.68, 0.48, 0.5, 0.81, 0.06, 0.31, 0.8, 0.5, 0.13, 0.27, 0.65, 0.06, 0.21, 0.64, 0.62, 0.34, 0.3]
[0.61, 0.77, 0.5, 0.9, 0.6, 0.62, 0.78, 1.07, 0.93, 1.07, 0.7, 0.51, 0.95, 0.97, 0.78, 0.83, 0.94, 0.55, 0.72, 0.84, 0.6, 0.98, 0.63, 0.91, 0.81, 0.67, 0.83, 1.07, 0.81, 1.1, 0.65, 1.07, 0.9, 0.95, 0.8, 0.88, 0.75, 0.54, 0.83, 0.71, 0.55, 0.63, 0.79, 0.95, 0.99, 0.89, 0.96, 0.7, 0.76, 1.08, 0.76, 0.68, 1.02, 0.76, 0.88, 0.86, 0.58, 0.99, 1.04, 0.99, 0.93, 0.78, 0.85, 0.86, 1.06, 1.06, 0.63, 0.89, 0.53, 0.81]
[0.57, 1.1, 0.9, 0.76, 0.75, 1.02, 0.97, 1.07, 0.95, 1.07, 0.97, 0.8, 0.95, 1.03, 0.83, 0.57, 0.81, 1.02, 0.55, 1.04, 0.76, 0.87, 1.02, 0.96, 0.73, 0.53, 0.92, 0.93, 0.96, 0.9, 1.06, 0.63, 0.66, 0.72, 0.77, 0.57, 0.61, 0.59, 1.1, 0.66, 0.63, 0.61, 0.61, 1.0, 1.08, 0.55, 0.55, 0.82, 0.66, 1.07, 0.61, 0.72, 0.88, 0.7, 0.61, 0.56, 0.61, 0.99, 0.67, 1.04, 1.04, 0.69, 0.64, 0.73, 1.08, 0.56, 0.67, 0.66, 0.7, 1.02]
[0.9, 0.78, 0.7, 0.53, 0.66, 0.92, 1.01, 1.03, 0.8, 0.51, 0.63, 0.65, 0.78, 0.78, 0.55, 0.7, 0.89, 0.85, 0.99, 1.08, 1.04, 0.67, 0.95, 0.84, 0.81, 0.59, 0.62, 0.85, 0.94, 0.58, 1.01, 1.09, 0.6, 0.9, 0.79, 0.54, 1.07, 0.85, 0.99, 0.89, 0.92, 0.74, 1.06, 0.75, 0.86, 0.77, 0.53, 0.88, 0.62, 0.84, 0.87, 0.68, 0.85, 0.72, 0.82, 0.65, 1.03, 0.66, 0.64, 1.01, 0.52, 0.51, 0.6, 1.1, 0.66, 0.84, 0.73, 0.74, 0.67, 0.61]
[0.58, 0.67, 0.94, 0.95, 1.03, 0.88, 0.72, 1.04, 0.71, 0.6, 0.94, 0.53, 0.51, 1.04, 0.73, 0.55, 0.69, 0.67, 1.09, 0.55, 0.82, 0.83, 0.76, 0.88, 0.82, 0.85, 1.01, 0.58, 0.89, 0.83, 1.05, 0.82, 0.63, 0.92, 0.91, 0.76, 0.74, 0.97, 0.78, 0.52, 0.88, 0.71, 0.67, 0.76, 0.66, 0.93, 0.78, 0.62, 1.04, 0.96, 0.6, 0.54, 1.03, 0.86, 0.66, 0.92, 1.02, 0.79, 0.86, 0.92, 0.83, 0.56, 1.06, 0.62, 0.62, 0.52, 0.88, 1.06, 0.75, 0.55]
[1.01, 0.91, 0.68, 1.07, 0.76, 0.93, 0.78, 0.75, 1.05, 1.07, 1.03, 0.91, 0.82, 1.0, 0.65, 0.63, 0.97, 0.84, 0.94, 0.87, 1.04, 1.06, 0.89, 1.01, 0.99, 0.76, 0.9, 1.08, 0.59, 1.02, 1.09, 1.03, 0.8, 1.0, 0.76, 0.62, 0.75, 0.57, 0.54, 0.56, 0.81, 0.53, 0.87, 0.55, 0.91, 0.77, 1.09, 0.57, 0.51, 0.8, 0.78, 0.89, 0.88, 0.67, 0.73, 0.51, 0.89, 0.77, 0.63, 0.64, 0.63, 0.55, 0.69, 0.61, 0.75, 0.69, 0.85, 0.98, 0.67, 0.52]
[0.18, 0.4, 0.2, 0.37, 0.23, 0.47, 0.43, 0.93, 0.53, 0.38, 0.41, 0.13, 0.29, 0.8, 0.17, 0.11, 0.45, 0.27, 0.4, 0.45, 0.4, 0.5, 0.41, 0.65, 0.39, 0.14, 0.42, 0.53, 0.38, 0.49, 0.79, 0.62, 0.18, 0.57, 0.34, 0.13, 0.27, 0.15, 0.38, 0.12, 0.23, 0.11, 0.3, 0.3, 0.56, 0.27, 0.24, 0.18, 0.17, 0.75, 0.19, 0.16, 0.7, 0.22, 0.21, 0.15, 0.33, 0.39, 0.24, 0.62, 0.26, 0.09, 0.24, 0.26, 0.35, 0.18, 0.23, 0.45, 0.13, 0.15]
[1694.73, 1923.4, 534.99, 1025.1, 1467.25, 2075.2, 697.96, 1753.97, 476.84, 575.22, 704.72, 546.26, 1617.64, 862.57, 543.13, 611.0, 1863.55, 540.69, 665.71, 953.36, 1440.27, 894.54, 2127.77, 1994.77, 1641.48, 2100.99, 802.02, 1208.58, 2073.26, 496.1, 713.63, 1681.3, 786.49, 651.34, 641.44, 968.2, 460.57, 992.48, 652.37, 595.49, 843.81, 396.82, 964.51, 612.99, 1029.08, 1636.35, 499.81, 395.8, 952.44, 791.17, 991.59, 1142.24, 816.35, 846.34, 739.19, 706.56, 1722.37, 485.41, 554.64, 1680.19, 2069.71, 911.21, 520.28, 2299.26, 530.02, 1736.01, 1707.62, 885.25, 604.52, 634.6]
[321.66, 796.48, 115.96, 386.12, 332.55, 1018.21, 286.79, 1615.24, 263.55, 209.58, 284.63, 71.88, 492.38, 695.43, 98.23, 67.47, 844.7, 149.82, 251.83, 409.0, 578.52, 445.29, 879.69, 1293.6, 644.43, 302.08, 317.22, 644.14, 733.38, 227.54, 565.46, 991.19, 122.43, 364.18, 220.28, 122.62, 120.79, 153.8, 255.26, 60.79, 183.59, 39.28, 290.26, 201.7, 573.26, 440.43, 105.24, 64.19, 165.18, 589.7, 188.66, 174.32, 571.36, 179.46, 167.04, 114.39, 600.35, 198.18, 140.57, 1033.49, 602.97, 69.42, 120.25, 573.41, 186.35, 287.04, 382.21, 387.72, 74.73, 83.74]
[7973.63, 9116.98, 2174.95, 4625.51, 6836.24, 9876.02, 2989.81, 8269.87, 1884.22, 2376.1, 3023.62, 2231.29, 7588.22, 3812.83, 2215.66, 2554.98, 8817.73, 2203.44, 2828.56, 4266.78, 6701.34, 3972.68, 10138.84, 9473.86, 7707.42, 10004.97, 3510.08, 5542.88, 9866.3, 1980.49, 3068.13, 7906.49, 3432.45, 2756.72, 2707.19, 4341.0, 1802.87, 4462.39, 2761.85, 2477.43, 3719.04, 1484.08, 4322.54, 2564.94, 4645.41, 7681.74, 1999.05, 1479.02, 4262.22, 3455.85, 4457.95, 5211.2, 3581.76, 3731.68, 3195.96, 3032.79, 8111.86, 1927.06, 2273.21, 7900.96, 9848.54, 4056.07, 2101.4, 10996.28, 2150.12, 8180.04, 8038.09, 3926.24, 2522.59, 2673.01]
[1108.28, 3482.38, 79.78, 1430.59, 1162.73, 4591.04, 933.95, 7576.2, 817.76, 547.88, 923.16, -140.61, 1961.91, 2977.16, -8.84, -162.63, 3723.5, 249.09, 759.14, 1545.01, 2392.58, 1726.46, 3898.43, 5967.99, 2722.13, 1010.41, 1086.1, 2720.7, 3166.91, 637.72, 2327.32, 4455.96, 112.14, 1320.88, 601.41, 113.09, 103.97, 269.01, 776.29, -196.06, 417.93, -303.61, 951.3, 508.51, 2366.29, 1702.17, 26.22, -179.07, 325.9, 2448.51, 443.3, 371.59, 2356.82, 397.28, 335.19, 71.96, 2501.73, 490.89, 202.87, 4667.45, 2514.84, -152.92, 101.25, 2367.06, 431.75, 935.18, 1411.06, 1438.6, -126.34, -81.3]
[126.51, 77.66, 127.21, 137.81, 96.4, 63.81, 150.45, 162.67, 94.45, 134.62, 93.7, 94.83, 149.87, 131.84, 88.42, 120.73, 80.53, 95.18, 156.16, 141.38, 111.07, 151.17, 172.56, 149.15, 144.47, 102.83, 111.55, 122.51, 144.87, 178.08, 70.06, 139.72, 144.56, 166.34, 85.36, 141.78, 97.65, 116.67, 74.39, 85.68, 105.55, 96.76, 188.45, 130.36, 114.07, 163.69, 96.66, 125.03, 171.3, 144.29, 155.03, 156.39, 150.48, 83.89, 69.59, 149.62, 115.75, 64.36, 135.36, 80.37, 147.18, 79.47, 130.87, 129.14, 184.56, 133.16, 170.93, 108.62, 93.13, 187.86]
[189, 77, 190, 206, 96, 63, 225, 244, 125, 179, 93, 94, 224, 175, 88, 160, 80, 126, 234, 212, 148, 226, 258, 223, 216, 137, 148, 163, 193, 267, 70, 186, 216, 249, 85, 189, 130, 155, 74, 85, 140, 129, 282, 195, 152, 245, 128, 187, 256, 216, 232, 234, 225, 83, 69, 224, 154, 64, 180, 80, 196, 79, 174, 172, 276, 199, 256, 144, 93, 281]
[1427, 233, 319, 273, 751, 659, 1624, 308, 281, 595, 939, 1303, 716, 954, 790, 732, 175, 1038, 204, 166, 1660, 1399, 963, 230, 220, 110, 1188, 1082, 383, 703, 105, 1266, 1019, 1439, 1044, 1486, 1422, 680, 1539, 633, 855, 327, 1078, 308, 1417, 858, 1433, 116, 1039, 501, 1289, 896, 1147, 33, 86, 1528, 67, 830, 1203, 1500, 1090, 1583, 982, 1194, 424, 1418, 782, 145, 716, 119]
[1680, 1680, 1287, 618, 1680, 1680, 1680, 1632, 1249, 1652, 1195, 1680, 1640, 1680, 958, 1478, 787, 1250, 994, 556, 1680, 1680, 1680, 531, 1680, 366, 1680, 1680, 1395, 1493, 1680, 1680, 1680, 1680, 1680, 1680, 1680, 848, 1680, 1379, 1423, 1428, 1680, 520, 1680, 1292, 1680, 684, 1429, 1513, 1680, 1642, 1680, 779, 832, 1680, 1680, 1680, 1680, 1680, 1680, 1680, 1680, 1680, 1680, 1586, 1083, 401, 1551, 998]
10
[0.0, 0.0, 0.0, 0.0, 0.0, 0.0, 0.0, 0.0, 0.0, 0.0]
[10000.0, 0.0, 10000.0, 0.0, 10000.0, 0.0, 10000.0, 10000.0, 0.0, 10000.0]
[[0.0, 133.0, 0.0, 133.0, 0.0, 133.0, 0.0, 0.0, 133.0, 0.0, 65.0, 90.0, 42.0, 102.0, 95.0, 35.0, 101.0, 109.0, 128.0, 117.0, 111.0, 79.0, 134.0, 142.0, 129.0, 86.0, 43.0, 109.0, 149.0, 82.0, 155.0, 93.0, 92.0, 64.0, 48.0, 119.0, 168.0, 137.0, 132.0, 126.0, 77.0, 139.0, 57.0, 128.0, 68.0, 146.0, 135.0, 88.0, 42.0, 127.0, 136.0, 129.0, 84.0, 59.0, 116.0, 57.0, 163.0, 66.0, 51.0, 133.0, 132.0, 117.0, 108.0, 96.0, 116.0, 55.0, 147.0, 53.0, 113.0, 96.0, 143.0, 59.0, 140.0, 136.0, 121.0, 72.0, 96.0, 119.0, 129.0, 138.0], [133.0, 0.0, 133.0, 0.0, 133.0, 0.0, 133.0, 133.0, 0.0, 133.0, 93.0, 106.0, 112.0, 147.0, 38.0, 98.0, 69.0, 53.0, 158.0, 136.0, 29.0, 119.0, 109.0, 85.0, 67.0, 125.0, 100.0, 95.0, 104.0, 69.0, 126.0, 60.0, 76.0, 85.0, 117.0, 133.0, 133.0, 82.0, 118.0, 108.0, 115.0, 118.0, 96.0, 54.0, 120.0, 114.0, 118.0, 125.0, 104.0, 69.0, 128.0, 165.0, 85.0, 99.0, 142.0, 131.0, 124.0, 91.0, 112.0, 107.0, 97.0, 37.0, 43.0, 85.0, 18.0, 127.0, 119.0, 87.0, 94.0, 37.0, 136.0, 78.0, 121.0, 88.0, 109.0, 78.0, 76.0, 148.0, 63.0, 105.0], [0.0, 133.0, 0.0, 133.0, 0.0, 133.0, 0.0, 0.0, 133.0, 0.0, 65.0, 90.0, 42.0, 102.0, 95.0, 35.0, 101.0, 109.0, 128.0, 117.0, 111.0, 79.0, 134.0, 142.0, 129.0, 86.0, 43.0, 109.0, 149.0, 82.0, 155.0, 93.0, 92.0, 64.0, 48.0, 119.0, 168.0, 137.0, 132.0, 126.0, 77.0, 139.0, 57.0, 128.0, 68.0, 146.0, 135.0, 88.0, 42.0, 127.0, 136.0, 129.0, 84.0, 59.0, 116.0, 57.0, 163.0, 66.0, 51.0, 133.0, 132.0, 117.0, 108.0, 96.0, 116.0, 55.0, 147.0, 53.0, 113.0, 96.0, 143.0, 59.0, 140.0, 136.0, 121.0, 72.0, 96.0, 119.0, 129.0, 138.0], [133.0, 0.0, 133.0, 0.0, 133.0, 0.0, 133.0, 133.0, 0.0, 133.0, 93.0, 106.0, 112.0, 147.0, 38.0, 98.0, 69.0, 53.0, 158.0, 136.0, 29.0, 119.0, 109.0, 85.0, 67.0, 125.0, 100.0, 95.0, 104.0, 69.0, 126.0, 60.0, 76.0, 85.0, 117.0, 133.0, 133.0, 82.0, 118.0, 108.0, 115.0, 118.0, 96.0, 54.0, 120.0, 114.0, 118.0, 125.0, 104.0, 69.0, 128.0, 165.0, 85.0, 99.0, 142.0, 131.0, 124.0, 91.0, 112.0, 107.0, 97.0, 37.0, 43.0, 85.0, 18.0, 127.0, 119.0, 87.0, 94.0, 37.0, 136.0, 78.0, 121.0, 88.0, 109.0, 78.0, 76.0, 148.0, 63.0, 105.0], [0.0, 133.0, 0.0, 133.0, 0.0, 133.0, 0.0, 0.0, 133.0, 0.0, 65.0, 90.0, 42.0, 102.0, 95.0, 35.0, 101.0, 109.0, 128.0, 117.0, 111.0, 79.0, 134.0, 142.0, 129.0, 86.0, 43.0, 109.0, 149.0, 82.0, 155.0, 93.0, 92.0, 64.0, 48.0, 119.0, 168.0, 137.0, 132.0, 126.0, 77.0, 139.0, 57.0, 128.0, 68.0, 146.0, 135.0, 88.0, 42.0, 127.0, 136.0, 129.0, 84.0, 59.0, 116.0, 57.0, 163.0, 66.0, 51.0, 133.0, 132.0, 117.0, 108.0, 96.0, 116.0, 55.0, 147.0, 53.0, 113.0, 96.0, 143.0, 59.0, 140.0, 136.0, 121.0, 72.0, 96.0, 119.0, 129.0, 138.0], [133.0, 0.0, 133.0, 0.0, 133.0, 0.0, 133.0, 133.0, 0.0, 133.0, 93.0, 106.0, 112.0, 147.0, 38.0, 98.0, 69.0, 53.0, 158.0, 136.0, 29.0, 119.0, 109.0, 85.0, 67.0, 125.0, 100.0, 95.0, 104.0, 69.0, 126.0, 60.0, 76.0, 85.0, 117.0, 133.0, 133.0, 82.0, 118.0, 108.0, 115.0, 118.0, 96.0, 54.0, 120.0, 114.0, 118.0, 125.0, 104.0, 69.0, 128.0, 165.0, 85.0, 99.0, 142.0, 131.0, 124.0, 91.0, 112.0, 107.0, 97.0, 37.0, 43.0, 85.0, 18.0, 127.0, 119.0, 87.0, 94.0, 37.0, 136.0, 78.0, 121.0, 88.0, 109.0, 78.0, 76.0, 148.0, 63.0, 105.0], [0.0, 133.0, 0.0, 133.0, 0.0, 133.0, 0.0, 0.0, 133.0, 0.0, 65.0, 90.0, 42.0, 102.0, 95.0, 35.0, 101.0, 109.0, 128.0, 117.0, 111.0, 79.0, 134.0, 142.0, 129.0, 86.0, 43.0, 109.0, 149.0, 82.0, 155.0, 93.0, 92.0, 64.0, 48.0, 119.0, 168.0, 137.0, 132.0, 126.0, 77.0, 139.0, 57.0, 128.0, 68.0, 146.0, 135.0, 88.0, 42.0, 127.0, 136.0, 129.0, 84.0, 59.0, 116.0, 57.0, 163.0, 66.0, 51.0, 133.0, 132.0, 117.0, 108.0, 96.0, 116.0, 55.0, 147.0, 53.0, 113.0, 96.0, 143.0, 59.0, 140.0, 136.0, 121.0, 72.0, 96.0, 119.0, 129.0, 138.0], [0.0, 133.0, 0.0, 133.0, 0.0, 133.0, 0.0, 0.0, 133.0, 0.0, 65.0, 90.0, 42.0, 102.0, 95.0, 35.0, 101.0, 109.0, 128.0, 117.0, 111.0, 79.0, 134.0, 142.0, 129.0, 86.0, 43.0, 109.0, 149.0, 82.0, 155.0, 93.0, 92.0, 64.0, 48.0, 119.0, 168.0, 137.0, 132.0, 126.0, 77.0, 139.0, 57.0, 128.0, 68.0, 146.0, 135.0, 88.0, 42.0, 127.0, 136.0, 129.0, 84.0, 59.0, 116.0, 57.0, 163.0, 66.0, 51.0, 133.0, 132.0, 117.0, 108.0, 96.0, 116.0, 55.0, 147.0, 53.0, 113.0, 96.0, 143.0, 59.0, 140.0, 136.0, 121.0, 72.0, 96.0, 119.0, 129.0, 138.0], [133.0, 0.0, 133.0, 0.0, 133.0, 0.0, 133.0, 133.0, 0.0, 133.0, 93.0, 106.0, 112.0, 147.0, 38.0, 98.0, 69.0, 53.0, 158.0, 136.0, 29.0, 119.0, 109.0, 85.0, 67.0, 125.0, 100.0, 95.0, 104.0, 69.0, 126.0, 60.0, 76.0, 85.0, 117.0, 133.0, 133.0, 82.0, 118.0, 108.0, 115.0, 118.0, 96.0, 54.0, 120.0, 114.0, 118.0, 125.0, 104.0, 69.0, 128.0, 165.0, 85.0, 99.0, 142.0, 131.0, 124.0, 91.0, 112.0, 107.0, 97.0, 37.0, 43.0, 85.0, 18.0, 127.0, 119.0, 87.0, 94.0, 37.0, 136.0, 78.0, 121.0, 88.0, 109.0, 78.0, 76.0, 148.0, 63.0, 105.0], [0.0, 133.0, 0.0, 133.0, 0.0, 133.0, 0.0, 0.0, 133.0, 0.0, 65.0, 90.0, 42.0, 102.0, 95.0, 35.0, 101.0, 109.0, 128.0, 117.0, 111.0, 79.0, 134.0, 142.0, 129.0, 86.0, 43.0, 109.0, 149.0, 82.0, 155.0, 93.0, 92.0, 64.0, 48.0, 119.0, 168.0, 137.0, 132.0, 126.0, 77.0, 139.0, 57.0, 128.0, 68.0, 146.0, 135.0, 88.0, 42.0, 127.0, 136.0, 129.0, 84.0, 59.0, 116.0, 57.0, 163.0, 66.0, 51.0, 133.0, 132.0, 117.0, 108.0, 96.0, 116.0, 55.0, 147.0, 53.0, 113.0, 96.0, 143.0, 59.0, 140.0, 136.0, 121.0, 72.0, 96.0, 119.0, 129.0, 138.0], [65.0, 93.0, 65.0, 93.0, 65.0, 93.0, 65.0, 65.0, 93.0, 65.0, 0.0, 30.0, 25.0, 63.0, 60.0, 40.0, 38.0, 50.0, 83.0, 65.0, 64.0, 32.0, 70.0, 78.0, 66.0, 39.0, 23.0, 44.0, 84.0, 24.0, 92.0, 35.0, 28.0, 9.0, 26.0, 65.0, 105.0, 73.0, 70.0, 63.0, 27.0, 76.0, 8.0, 68.0, 28.0, 82.0, 72.0, 40.0, 23.0, 64.0, 76.0, 87.0, 19.0, 8.0, 67.0, 39.0, 99.0, 2.0, 21.0, 69.0, 67.0, 63.0, 54.0, 30.0, 75.0, 34.0, 84.0, 19.0, 49.0, 60.0, 84.0, 25.0, 78.0, 70.0, 58.0, 15.0, 31.0, 72.0, 67.0, 73.0], [90.0, 106.0, 90.0, 106.0, 90.0, 106.0, 90.0, 90.0, 106.0, 90.0, 30.0, 0.0, 48.0, 41.0, 81.0, 70.0, 38.0, 54.0, 56.0, 36.0, 76.0, 19.0, 45.0, 62.0, 58.0, 21.0, 52.0, 22.0, 62.0, 40.0, 65.0, 46.0, 30.0, 38.0, 43.0, 35.0, 78.0, 58.0, 41.0, 37.0, 17.0, 49.0, 37.0, 66.0, 28.0, 56.0, 44.0, 20.0, 50.0, 55.0, 46.0, 61.0, 22.0, 33.0, 39.0, 44.0, 74.0, 30.0, 40.0, 44.0, 45.0, 70.0, 63.0, 21.0, 89.0, 42.0, 57.0, 49.0, 28.0, 80.0, 54.0, 54.0, 50.0, 53.0, 31.0, 38.0, 30.0, 45.0, 60.0, 50.0], [42.0, 112.0, 42.0, 112.0, 42.0, 112.0, 42.0, 42.0, 112.0, 42.0, 25.0, 48.0, 0.0, 66.0, 75.0, 30.0, 64.0, 75.0, 91.0, 77.0, 85.0, 39.0, 92.0, 103.0, 91.0, 46.0, 14.0, 67.0, 108.0, 48.0, 113.0, 59.0, 54.0, 29.0, 9.0, 78.0, 126.0, 98.0, 89.0, 84.0, 36.0, 97.0, 18.0, 93.0, 28.0, 104.0, 92.0, 48.0, 9.0, 89.0, 94.0, 93.0, 44.0, 18.0, 77.0, 25.0, 121.0, 27.0, 9.0, 91.0, 90.0, 86.0, 77.0, 55.0, 94.0, 21.0, 105.0, 24.0, 72.0, 76.0, 101.0, 34.0, 98.0, 95.0, 79.0, 37.0, 57.0, 80.0, 92.0, 96.0], [102.0, 147.0, 102.0, 147.0, 102.0, 147.0, 102.0, 102.0, 147.0, 102.0, 63.0, 41.0, 66.0, 0.0, 120.0, 95.0, 79.0, 95.0, 26.0, 25.0, 118.0, 31.0, 65.0, 92.0, 95.0, 23.0, 76.0, 57.0, 85.0, 80.0, 76.0, 87.0, 71.0, 72.0, 57.0, 30.0, 88.0, 90.0, 55.0, 58.0, 36.0, 63.0, 66.0, 105.0, 39.0, 74.0, 58.0, 23.0, 72.0, 92.0, 51.0, 27.0, 62.0, 61.0, 18.0, 45.0, 88.0, 63.0, 57.0, 65.0, 72.0, 111.0, 104.0, 62.0, 130.0, 47.0, 71.0, 80.0, 61.0, 120.0, 55.0, 88.0, 62.0, 83.0, 53.0, 75.0, 71.0, 19.0, 98.0, 73.0], [95.0, 38.0, 95.0, 38.0, 95.0, 38.0, 95.0, 95.0, 38.0, 95.0, 60.0, 81.0, 75.0, 120.0, 0.0, 60.0, 51.0, 41.0, 136.0, 115.0, 22.0, 90.0, 99.0, 84.0, 64.0, 97.0, 63.0, 78.0, 101.0, 41.0, 119.0, 37.0, 53.0, 51.0, 82.0, 113.0, 129.0, 80.0, 105.0, 95.0, 86.0, 107.0, 61.0, 55.0, 88.0, 107.0, 106.0, 97.0, 67.0, 65.0, 114.0, 142.0, 58.0, 66.0, 120.0, 97.0, 121.0, 59.0, 77.0, 97.0, 89.0, 35.0, 31.0, 63.0, 22.0, 93.0, 111.0, 51.0, 78.0, 2.0, 123.0, 41.0, 110.0, 84.0, 94.0, 46.0, 55.0, 125.0, 62.0, 97.0], [35.0, 98.0, 35.0, 98.0, 35.0, 98.0, 35.0, 35.0, 98.0, 35.0, 40.0, 70.0, 30.0, 95.0, 60.0, 0.0, 71.0, 76.0, 119.0, 103.0, 77.0, 66.0, 110.0, 113.0, 97.0, 74.0, 19.0, 84.0, 122.0, 51.0, 132.0, 60.0, 63.0, 36.0, 39.0, 104.0, 145.0, 108.0, 110.0, 103.0, 62.0, 116.0, 33.0, 95.0, 56.0, 121.0, 113.0, 75.0, 22.0, 96.0, 116.0, 121.0, 57.0, 37.0, 104.0, 55.0, 139.0, 41.0, 38.0, 109.0, 105.0, 83.0, 74.0, 69.0, 82.0, 51.0, 124.0, 23.0, 88.0, 62.0, 124.0, 25.0, 118.0, 107.0, 99.0, 42.0, 67.0, 108.0, 98.0, 113.0], [101.0, 69.0, 101.0, 69.0, 101.0, 69.0, 101.0, 101.0, 69.0, 101.0, 38.0, 38.0, 64.0, 79.0, 51.0, 71.0, 0.0, 17.0, 89.0, 67.0, 40.0, 54.0, 48.0, 42.0, 27.0, 58.0, 58.0, 27.0, 54.0, 20.0, 70.0, 15.0, 10.0, 37.0, 64.0, 64.0, 81.0, 37.0, 54.0, 44.0, 50.0, 57.0, 46.0, 30.0, 58.0, 57.0, 55.0, 58.0, 60.0, 26.0, 64.0, 96.0, 21.0, 46.0, 73.0, 73.0, 73.0, 37.0, 59.0, 46.0, 39.0, 33.0, 26.0, 17.0, 53.0, 70.0, 62.0, 49.0, 27.0, 49.0, 72.0, 46.0, 60.0, 38.0, 43.0, 29.0, 9.0, 79.0, 29.0, 48.0], [109.0, 53.0, 109.0, 53.0, 109.0, 53.0, 109.0, 109.0, 53.0, 109.0, 50.0, 54.0, 75.0, 95.0, 41.0, 76.0, 17.0, 0.0, 105.0, 83.0, 25.0, 70.0, 59.0, 44.0, 24.0, 75.0, 67.0, 42.0, 60.0, 27.0, 79.0, 16.0, 25.0, 46.0, 77.0, 80.0, 88.0, 39.0, 67.0, 57.0, 66.0, 68.0, 57.0, 20.0, 73.0, 66.0, 67.0, 74.0, 69.0, 25.0, 77.0, 112.0, 36.0, 58.0, 90.0, 87.0, 80.0, 49.0, 72.0, 57.0, 49.0, 16.0, 10.0, 33.0, 38.0, 84.0, 71.0, 56.0, 41.0, 39.0, 85.0, 51.0, 71.0, 43.0, 57.0, 38.0, 25.0, 95.0, 23.0, 57.0], [128.0, 158.0, 128.0, 158.0, 128.0, 158.0, 128.0, 128.0, 158.0, 128.0, 83.0, 56.0, 91.0, 26.0, 136.0, 119.0, 89.0, 105.0, 0.0, 22.0, 130.0, 53.0, 61.0, 91.0, 99.0, 45.0, 100.0, 63.0, 79.0, 96.0, 64.0, 101.0, 84.0, 92.0, 82.0, 26.0, 73.0, 90.0, 49.0, 56.0, 57.0, 55.0, 88.0, 111.0, 63.0, 66.0, 51.0, 44.0, 96.0, 96.0, 41.0, 7.0, 78.0, 83.0, 16.0, 71.0, 76.0, 83.0, 82.0, 61.0, 71.0, 121.0, 115.0, 74.0, 142.0, 73.0, 61.0, 102.0, 66.0, 135.0, 40.0, 109.0, 53.0, 83.0, 53.0, 94.0, 83.0, 11.0, 102.0, 68.0], [117.0, 136.0, 117.0, 136.0, 117.0, 136.0, 117.0, 117.0, 136.0, 117.0, 65.0, 36.0, 77.0, 25.0, 115.0, 103.0, 67.0, 83.0, 22.0, 0.0, 108.0, 38.0, 42.0, 71.0, 77.0, 32.0, 84.0, 41.0, 61.0, 75.0, 51.0, 79.0, 62.0, 73.0, 69.0, 5.0, 62.0, 69.0, 30.0, 36.0, 42.0, 38.0, 71.0, 89.0, 50.0, 49.0, 34.0, 30.0, 81.0, 74.0, 26.0, 29.0, 57.0, 66.0, 8.0, 62.0, 63.0, 65.0, 68.0, 42.0, 50.0, 99.0, 93.0, 52.0, 120.0, 63.0, 46.0, 84.0, 44.0, 114.0, 30.0, 90.0, 37.0, 62.0, 32.0, 74.0, 61.0, 13.0, 80.0, 49.0], [111.0, 29.0, 111.0, 29.0, 111.0, 29.0, 111.0, 111.0, 29.0, 111.0, 64.0, 76.0, 85.0, 118.0, 22.0, 77.0, 40.0, 25.0, 130.0, 108.0, 0.0, 90.0, 84.0, 65.0, 45.0, 96.0, 74.0, 67.0, 83.0, 40.0, 103.0, 31.0, 47.0, 57.0, 89.0, 105.0, 112.0, 61.0, 92.0, 82.0, 86.0, 93.0, 68.0, 34.0, 91.0, 91.0, 93.0, 95.0, 78.0, 47.0, 102.0, 136.0, 55.0, 71.0, 114.0, 103.0, 103.0, 63.0, 84.0, 82.0, 73.0, 13.0, 15.0, 56.0, 13.0, 98.0, 96.0, 62.0, 67.0, 20.0, 111.0, 53.0, 96.0, 66.0, 82.0, 49.0, 47.0, 119.0, 43.0, 81.0], [79.0, 119.0, 79.0, 119.0, 79.0, 119.0, 79.0, 79.0, 119.0, 79.0, 32.0, 19.0, 39.0, 31.0, 90.0, 66.0, 54.0, 70.0, 53.0, 38.0, 90.0, 0.0, 61.0, 80.0, 76.0, 8.0, 47.0, 41.0, 79.0, 51.0, 79.0, 59.0, 45.0, 41.0, 31.0, 40.0, 92.0, 76.0, 55.0, 53.0, 5.0, 63.0, 36.0, 83.0, 12.0, 72.0, 58.0, 9.0, 44.0, 73.0, 57.0, 56.0, 35.0, 30.0, 38.0, 27.0, 89.0, 32.0, 30.0, 60.0, 63.0, 86.0, 77.0, 38.0, 102.0, 26.0, 72.0, 49.0, 46.0, 90.0, 64.0, 57.0, 64.0, 71.0, 47.0, 45.0, 46.0, 42.0, 78.0, 67.0], [134.0, 109.0, 134.0, 109.0, 134.0, 109.0, 134.0, 134.0, 109.0, 134.0, 70.0, 45.0, 92.0, 65.0, 99.0, 110.0, 48.0, 59.0, 61.0, 42.0, 84.0, 61.0, 0.0, 31.0, 43.0, 59.0, 93.0, 27.0, 19.0, 65.0, 22.0, 63.0, 50.0, 75.0, 88.0, 37.0, 34.0, 30.0, 12.0, 8.0, 61.0, 9.0, 79.0, 56.0, 72.0, 11.0, 10.0, 57.0, 93.0, 40.0, 21.0, 68.0, 53.0, 76.0, 50.0, 88.0, 29.0, 69.0, 84.0, 2.0, 12.0, 72.0, 70.0, 42.0, 96.0, 87.0, 14.0, 88.0, 23.0, 97.0, 28.0, 89.0, 12.0, 23.0, 14.0, 71.0, 47.0, 54.0, 46.0, 7.0], [142.0, 85.0, 142.0, 85.0, 142.0, 85.0, 142.0, 142.0, 85.0, 142.0, 78.0, 62.0, 103.0, 92.0, 84.0, 113.0, 42.0, 44.0, 91.0, 71.0, 65.0, 80.0, 31.0, 0.0, 20.0, 81.0, 99.0, 39.0, 19.0, 63.0, 42.0, 55.0, 50.0, 78.0, 101.0, 66.0, 48.0, 5.0, 43.0, 35.0, 78.0, 38.0, 86.0, 32.0, 89.0, 30.0, 41.0, 79.0, 100.0, 20.0, 52.0, 99.0, 58.0, 85.0, 79.0, 105.0, 39.0, 76.0, 96.0, 30.0, 21.0, 52.0, 53.0, 47.0, 76.0, 103.0, 37.0, 91.0, 34.0, 83.0, 57.0, 89.0, 41.0, 9.0, 40.0, 71.0, 47.0, 84.0, 23.0, 24.0], [129.0, 67.0, 129.0, 67.0, 129.0, 67.0, 129.0, 129.0, 67.0, 129.0, 66.0, 58.0, 91.0, 95.0, 64.0, 97.0, 27.0, 24.0, 99.0, 77.0, 45.0, 76.0, 43.0, 20.0, 0.0, 78.0, 86.0, 38.0, 38.0, 47.0, 59.0, 38.0, 37.0, 64.0, 91.0, 73.0, 67.0, 16.0, 53.0, 44.0, 73.0, 52.0, 73.0, 13.0, 83.0, 47.0, 53.0, 77.0, 87.0, 3.0, 63.0, 106.0, 47.0, 73.0, 85.0, 98.0, 58.0, 64.0, 86.0, 41.0, 31.0, 32.0, 33.0, 39.0, 56.0, 95.0, 53.0, 76.0, 34.0, 62.0, 71.0, 72.0, 55.0, 22.0, 46.0, 57.0, 34.0, 90.0, 3.0, 38.0], [86.0, 125.0, 86.0, 125.0, 86.0, 125.0, 86.0, 86.0, 125.0, 86.0, 39.0, 21.0, 46.0, 23.0, 97.0, 74.0, 58.0, 75.0, 45.0, 32.0, 96.0, 8.0, 59.0, 81.0, 78.0, 0.0, 54.0, 42.0, 78.0, 57.0, 75.0, 65.0, 50.0, 48.0, 38.0, 34.0, 88.0, 77.0, 52.0, 51.0, 12.0, 60.0, 43.0, 87.0, 18.0, 69.0, 55.0, 2.0, 51.0, 76.0, 53.0, 48.0, 40.0, 38.0, 31.0, 31.0, 86.0, 40.0, 37.0, 58.0, 62.0, 91.0, 83.0, 42.0, 108.0, 31.0, 69.0, 57.0, 47.0, 97.0, 59.0, 65.0, 60.0, 72.0, 45.0, 52.0, 50.0, 35.0, 81.0, 65.0], [43.0, 100.0, 43.0, 100.0, 43.0, 100.0, 43.0, 43.0, 100.0, 43.0, 23.0, 52.0, 14.0, 76.0, 63.0, 19.0, 58.0, 67.0, 100.0, 84.0, 74.0, 47.0, 93.0, 99.0, 86.0, 54.0, 0.0, 67.0, 107.0, 40.0, 115.0, 51.0, 49.0, 21.0, 22.0, 85.0, 128.0, 94.0, 92.0, 86.0, 43.0, 99.0, 15.0, 86.0, 38.0, 105.0, 95.0, 56.0, 5.0, 84.0, 98.0, 102.0, 42.0, 18.0, 85.0, 38.0, 122.0, 24.0, 20.0, 92.0, 90.0, 77.0, 68.0, 53.0, 82.0, 34.0, 107.0, 12.0, 72.0, 64.0, 106.0, 21.0, 101.0, 93.0, 81.0, 30.0, 53.0, 89.0, 87.0, 96.0], [109.0, 95.0, 109.0, 95.0, 109.0, 95.0, 109.0, 109.0, 95.0, 109.0, 44.0, 22.0, 67.0, 57.0, 78.0, 84.0, 27.0, 42.0, 63.0, 41.0, 67.0, 41.0, 27.0, 39.0, 38.0, 42.0, 67.0, 0.0, 41.0, 40.0, 48.0, 41.0, 25.0, 48.0, 63.0, 38.0, 61.0, 36.0, 28.0, 20.0, 39.0, 33.0, 52.0, 48.0, 50.0, 38.0, 30.0, 40.0, 67.0, 35.0, 37.0, 70.0, 27.0, 50.0, 48.0, 66.0, 55.0, 43.0, 59.0, 25.0, 23.0, 58.0, 52.0, 16.0, 80.0, 64.0, 40.0, 61.0, 5.0, 76.0, 46.0, 63.0, 36.0, 31.0, 17.0, 44.0, 23.0, 53.0, 41.0, 30.0], [149.0, 104.0, 149.0, 104.0, 149.0, 104.0, 149.0, 149.0, 104.0, 149.0, 84.0, 62.0, 108.0, 85.0, 101.0, 122.0, 54.0, 60.0, 79.0, 61.0, 83.0, 79.0, 19.0, 19.0, 38.0, 78.0, 107.0, 41.0, 0.0, 74.0, 23.0, 69.0, 60.0, 87.0, 104.0, 56.0, 29.0, 22.0, 31.0, 27.0, 78.0, 24.0, 92.0, 51.0, 89.0, 13.0, 27.0, 76.0, 107.0, 37.0, 38.0, 86.0, 65.0, 90.0, 69.0, 106.0, 20.0, 83.0, 100.0, 20.0, 17.0, 70.0, 70.0, 54.0, 94.0, 104.0, 19.0, 99.0, 36.0, 99.0, 41.0, 99.0, 26.0, 17.0, 33.0, 81.0, 56.0, 73.0, 41.0, 12.0], [82.0, 69.0, 82.0, 69.0, 82.0, 69.0, 82.0, 82.0, 69.0, 82.0, 24.0, 40.0, 48.0, 80.0, 41.0, 51.0, 20.0, 27.0, 96.0, 75.0, 40.0, 51.0, 65.0, 63.0, 47.0, 57.0, 40.0, 40.0, 74.0, 0.0, 87.0, 11.0, 15.0, 19.0, 51.0, 73.0, 99.0, 57.0, 69.0, 60.0, 46.0, 73.0, 30.0, 46.0, 51.0, 75.0, 71.0, 57.0, 42.0, 45.0, 77.0, 101.0, 18.0, 32.0, 79.0, 63.0, 92.0, 23.0, 45.0, 63.0, 58.0, 39.0, 30.0, 25.0, 51.0, 59.0, 79.0, 29.0, 43.0, 40.0, 86.0, 26.0, 76.0, 58.0, 57.0, 11.0, 18.0, 85.0, 47.0, 66.0], [155.0, 126.0, 155.0, 126.0, 155.0, 126.0, 155.0, 155.0, 126.0, 155.0, 92.0, 65.0, 113.0, 76.0, 119.0, 132.0, 70.0, 79.0, 64.0, 51.0, 103.0, 79.0, 22.0, 42.0, 59.0, 75.0, 115.0, 48.0, 23.0, 87.0, 0.0, 85.0, 72.0, 97.0, 108.0, 46.0, 13.0, 44.0, 24.0, 29.0, 80.0, 16.0, 100.0, 72.0, 91.0, 13.0, 21.0, 73.0, 114.0, 57.0, 25.0, 71.0, 75.0, 97.0, 58.0, 106.0, 12.0, 91.0, 104.0, 24.0, 31.0, 91.0, 89.0, 64.0, 115.0, 105.0, 8.0, 110.0, 45.0, 118.0, 24.0, 111.0, 15.0, 38.0, 34.0, 93.0, 69.0, 61.0, 62.0, 22.0], [93.0, 60.0, 93.0, 60.0, 93.0, 60.0, 93.0, 93.0, 60.0, 93.0, 35.0, 46.0, 59.0, 87.0, 37.0, 60.0, 15.0, 16.0, 101.0, 79.0, 31.0, 59.0, 63.0, 55.0, 38.0, 65.0, 51.0, 41.0, 69.0, 11.0, 85.0, 0.0, 17.0, 30.0, 62.0, 76.0, 96.0, 50.0, 69.0, 59.0, 55.0, 72.0, 41.0, 36.0, 60.0, 72.0, 70.0, 65.0, 53.0, 37.0, 78.0, 106.0, 25.0, 43.0, 84.0, 73.0, 88.0, 34.0, 56.0, 61.0, 54.0, 28.0, 19.0, 27.0, 43.0, 69.0, 77.0, 39.0, 42.0, 36.0, 86.0, 35.0, 74.0, 52.0, 57.0, 22.0, 18.0, 90.0, 38.0, 62.0], [92.0, 76.0, 92.0, 76.0, 92.0, 76.0, 92.0, 92.0, 76.0, 92.0, 28.0, 30.0, 54.0, 71.0, 53.0, 63.0, 10.0, 25.0, 84.0, 62.0, 47.0, 45.0, 50.0, 50.0, 37.0, 50.0, 49.0, 25.0, 60.0, 15.0, 72.0, 17.0, 0.0, 28.0, 54.0, 60.0, 84.0, 45.0, 54.0, 45.0, 41.0, 58.0, 36.0, 41.0, 48.0, 60.0, 55.0, 49.0, 51.0, 35.0, 63.0, 90.0, 11.0, 36.0, 68.0, 63.0, 77.0, 27.0, 49.0, 48.0, 43.0, 41.0, 33.0, 10.0, 59.0, 59.0, 64.0, 40.0, 28.0, 52.0, 71.0, 40.0, 61.0, 44.0, 42.0, 22.0, 3.0, 73.0, 39.0, 51.0], [64.0, 85.0, 64.0, 85.0, 64.0, 85.0, 64.0, 64.0, 85.0, 64.0, 9.0, 38.0, 29.0, 72.0, 51.0, 36.0, 37.0, 46.0, 92.0, 73.0, 57.0, 41.0, 75.0, 78.0, 64.0, 48.0, 21.0, 48.0, 87.0, 19.0, 97.0, 30.0, 28.0, 0.0, 32.0, 73.0, 109.0, 73.0, 75.0, 68.0, 36.0, 81.0, 11.0, 65.0, 37.0, 86.0, 78.0, 49.0, 23.0, 63.0, 82.0, 96.0, 22.0, 15.0, 76.0, 46.0, 103.0, 9.0, 27.0, 73.0, 70.0, 58.0, 49.0, 33.0, 67.0, 42.0, 88.0, 13.0, 52.0, 52.0, 91.0, 17.0, 83.0, 72.0, 64.0, 9.0, 31.0, 81.0, 65.0, 77.0], [48.0, 117.0, 48.0, 117.0, 48.0, 117.0, 48.0, 48.0, 117.0, 48.0, 26.0, 43.0, 9.0, 57.0, 82.0, 39.0, 64.0, 77.0, 82.0, 69.0, 89.0, 31.0, 88.0, 101.0, 91.0, 38.0, 22.0, 63.0, 104.0, 51.0, 108.0, 62.0, 54.0, 32.0, 0.0, 71.0, 121.0, 96.0, 84.0, 80.0, 29.0, 92.0, 21.0, 94.0, 20.0, 99.0, 87.0, 40.0, 17.0, 89.0, 88.0, 84.0, 44.0, 18.0, 68.0, 16.0, 117.0, 28.0, 5.0, 87.0, 87.0, 89.0, 80.0, 53.0, 99.0, 12.0, 100.0, 31.0, 69.0, 82.0, 95.0, 41.0, 93.0, 93.0, 74.0, 40.0, 57.0, 72.0, 93.0, 92.0], [119.0, 133.0, 119.0, 133.0, 119.0, 133.0, 119.0, 119.0, 133.0, 119.0, 65.0, 35.0, 78.0, 30.0, 113.0, 104.0, 64.0, 80.0, 26.0, 5.0, 105.0, 40.0, 37.0, 66.0, 73.0, 34.0, 85.0, 38.0, 56.0, 73.0, 46.0, 76.0, 60.0, 73.0, 71.0, 0.0, 58.0, 65.0, 25.0, 31.0, 43.0, 33.0, 71.0, 85.0, 52.0, 44.0, 29.0, 32.0, 82.0, 70.0, 22.0, 33.0, 56.0, 67.0, 13.0, 65.0, 58.0, 65.0, 69.0, 37.0, 46.0, 96.0, 90.0, 50.0, 118.0, 65.0, 41.0, 84.0, 40.0, 112.0, 26.0, 89.0, 32.0, 57.0, 27.0, 73.0, 58.0, 17.0, 76.0, 44.0], [168.0, 133.0, 168.0, 133.0, 168.0, 133.0, 168.0, 168.0, 133.0, 168.0, 105.0, 78.0, 126.0, 88.0, 129.0, 145.0, 81.0, 88.0, 73.0, 62.0, 112.0, 92.0, 34.0, 48.0, 67.0, 88.0, 128.0, 61.0, 29.0, 99.0, 13.0, 96.0, 84.0, 109.0, 121.0, 58.0, 0.0, 51.0, 37.0, 42.0, 93.0, 29.0, 113.0, 80.0, 104.0, 24.0, 34.0, 86.0, 127.0, 65.0, 36.0, 80.0, 87.0, 110.0, 70.0, 119.0, 9.0, 104.0, 117.0, 36.0, 41.0, 99.0, 98.0, 76.0, 123.0, 118.0, 21.0, 122.0, 57.0, 127.0, 33.0, 123.0, 28.0, 46.0, 47.0, 105.0, 81.0, 71.0, 70.0, 33.0], [137.0, 82.0, 137.0, 82.0, 137.0, 82.0, 137.0, 137.0, 82.0, 137.0, 73.0, 58.0, 98.0, 90.0, 80.0, 108.0, 37.0, 39.0, 90.0, 69.0, 61.0, 76.0, 30.0, 5.0, 16.0, 77.0, 94.0, 36.0, 22.0, 57.0, 44.0, 50.0, 45.0, 73.0, 96.0, 65.0, 51.0, 0.0, 42.0, 34.0, 74.0, 39.0, 81.0, 29.0, 85.0, 32.0, 40.0, 76.0, 95.0, 15.0, 52.0, 97.0, 53.0, 80.0, 77.0, 101.0, 42.0, 71.0, 91.0, 29.0, 19.0, 48.0, 48.0, 43.0, 72.0, 98.0, 38.0, 85.0, 30.0, 78.0, 58.0, 84.0, 42.0, 7.0, 38.0, 66.0, 42.0, 82.0, 19.0, 24.0], [132.0, 118.0, 132.0, 118.0, 132.0, 118.0, 132.0, 132.0, 118.0, 132.0, 70.0, 41.0, 89.0, 55.0, 105.0, 110.0, 54.0, 67.0, 49.0, 30.0, 92.0, 55.0, 12.0, 43.0, 53.0, 52.0, 92.0, 28.0, 31.0, 69.0, 24.0, 69.0, 54.0, 75.0, 84.0, 25.0, 37.0, 42.0, 0.0, 10.0, 56.0, 8.0, 78.0, 66.0, 67.0, 19.0, 4.0, 49.0, 91.0, 51.0, 10.0, 56.0, 54.0, 74.0, 39.0, 82.0, 35.0, 69.0, 81.0, 13.0, 23.0, 81.0, 78.0, 44.0, 105.0, 81.0, 17.0, 88.0, 27.0, 104.0, 18.0, 91.0, 9.0, 35.0, 12.0, 72.0, 51.0, 42.0, 57.0, 20.0], [126.0, 108.0, 126.0, 108.0, 126.0, 108.0, 126.0, 126.0, 108.0, 126.0, 63.0, 37.0, 84.0, 58.0, 95.0, 103.0, 44.0, 57.0, 56.0, 36.0, 82.0, 53.0, 8.0, 35.0, 44.0, 51.0, 86.0, 20.0, 27.0, 60.0, 29.0, 59.0, 45.0, 68.0, 80.0, 31.0, 42.0, 34.0, 10.0, 0.0, 53.0, 13.0, 71.0, 56.0, 64.0, 19.0, 11.0, 49.0, 85.0, 41.0, 20.0, 64.0, 46.0, 68.0, 44.0, 80.0, 37.0, 62.0, 76.0, 7.0, 14.0, 71.0, 67.0, 36.0, 95.0, 78.0, 21.0, 81.0, 17.0, 94.0, 28.0, 83.0, 16.0, 26.0, 6.0, 64.0, 42.0, 49.0, 47.0, 15.0], [77.0, 115.0, 77.0, 115.0, 77.0, 115.0, 77.0, 77.0, 115.0, 77.0, 27.0, 17.0, 36.0, 36.0, 86.0, 62.0, 50.0, 66.0, 57.0, 42.0, 86.0, 5.0, 61.0, 78.0, 73.0, 12.0, 43.0, 39.0, 78.0, 46.0, 80.0, 55.0, 41.0, 36.0, 29.0, 43.0, 93.0, 74.0, 56.0, 53.0, 0.0, 64.0, 31.0, 80.0, 11.0, 72.0, 59.0, 13.0, 40.0, 70.0, 59.0, 61.0, 30.0, 26.0, 42.0, 27.0, 89.0, 28.0, 27.0, 60.0, 62.0, 82.0, 73.0, 35.0, 97.0, 26.0, 72.0, 45.0, 44.0, 85.0, 66.0, 52.0, 65.0, 70.0, 47.0, 40.0, 42.0, 46.0, 76.0, 66.0], [139.0, 118.0, 139.0, 118.0, 139.0, 118.0, 139.0, 139.0, 118.0, 139.0, 76.0, 49.0, 97.0, 63.0, 107.0, 116.0, 57.0, 68.0, 55.0, 38.0, 93.0, 63.0, 9.0, 38.0, 52.0, 60.0, 99.0, 33.0, 24.0, 73.0, 16.0, 72.0, 58.0, 81.0, 92.0, 33.0, 29.0, 39.0, 8.0, 13.0, 64.0, 0.0, 84.0, 65.0, 75.0, 11.0, 5.0, 58.0, 98.0, 49.0, 14.0, 62.0, 60.0, 81.0, 46.0, 90.0, 26.0, 75.0, 88.0, 11.0, 21.0, 82.0, 79.0, 49.0, 106.0, 89.0, 9.0, 94.0, 30.0, 106.0, 19.0, 96.0, 3.0, 31.0, 18.0, 78.0, 55.0, 50.0, 55.0, 15.0], [57.0, 96.0, 57.0, 96.0, 57.0, 96.0, 57.0, 57.0, 96.0, 57.0, 8.0, 37.0, 18.0, 66.0, 61.0, 33.0, 46.0, 57.0, 88.0, 71.0, 68.0, 36.0, 79.0, 86.0, 73.0, 43.0, 15.0, 52.0, 92.0, 30.0, 100.0, 41.0, 36.0, 11.0, 21.0, 71.0, 113.0, 81.0, 78.0, 71.0, 31.0, 84.0, 0.0, 75.0, 29.0, 90.0, 80.0, 44.0, 15.0, 71.0, 84.0, 92.0, 28.0, 6.0, 73.0, 36.0, 108.0, 10.0, 16.0, 77.0, 75.0, 69.0, 59.0, 39.0, 78.0, 31.0, 92.0, 14.0, 57.0, 61.0, 92.0, 22.0, 86.0, 79.0, 66.0, 19.0, 39.0, 77.0, 74.0, 82.0], [128.0, 54.0, 128.0, 54.0, 128.0, 54.0, 128.0, 128.0, 54.0, 128.0, 68.0, 66.0, 93.0, 105.0, 55.0, 95.0, 30.0, 20.0, 111.0, 89.0, 34.0, 83.0, 56.0, 32.0, 13.0, 87.0, 86.0, 48.0, 51.0, 46.0, 72.0, 36.0, 41.0, 65.0, 94.0, 85.0, 80.0, 29.0, 66.0, 56.0, 80.0, 65.0, 75.0, 0.0, 89.0, 60.0, 66.0, 86.0, 88.0, 16.0, 76.0, 118.0, 51.0, 76.0, 96.0, 104.0, 71.0, 67.0, 89.0, 54.0, 44.0, 21.0, 24.0, 45.0, 44.0, 100.0, 66.0, 75.0, 45.0, 53.0, 84.0, 70.0, 68.0, 35.0, 58.0, 57.0, 39.0, 101.0, 10.0, 51.0], [68.0, 120.0, 68.0, 120.0, 68.0, 120.0, 68.0, 68.0, 120.0, 68.0, 28.0, 28.0, 28.0, 39.0, 88.0, 56.0, 58.0, 73.0, 63.0, 50.0, 91.0, 12.0, 72.0, 89.0, 83.0, 18.0, 38.0, 50.0, 89.0, 51.0, 91.0, 60.0, 48.0, 37.0, 20.0, 52.0, 104.0, 85.0, 67.0, 64.0, 11.0, 75.0, 29.0, 89.0, 0.0, 83.0, 70.0, 20.0, 34.0, 80.0, 69.0, 65.0, 38.0, 23.0, 49.0, 16.0, 100.0, 29.0, 19.0, 71.0, 73.0, 88.0, 79.0, 44.0, 102.0, 15.0, 83.0, 42.0, 55.0, 88.0, 76.0, 51.0, 75.0, 80.0, 58.0, 43.0, 50.0, 52.0, 85.0, 77.0], [146.0, 114.0, 146.0, 114.0, 146.0, 114.0, 146.0, 146.0, 114.0, 146.0, 82.0, 56.0, 104.0, 74.0, 107.0, 121.0, 57.0, 66.0, 66.0, 49.0, 91.0, 72.0, 11.0, 30.0, 47.0, 69.0, 105.0, 38.0, 13.0, 75.0, 13.0, 72.0, 60.0, 86.0, 99.0, 44.0, 24.0, 32.0, 19.0, 19.0, 72.0, 11.0, 90.0, 60.0, 83.0, 0.0, 16.0, 67.0, 104.0, 45.0, 25.0, 73.0, 64.0, 87.0, 57.0, 99.0, 18.0, 81.0, 96.0, 13.0, 18.0, 78.0, 76.0, 53.0, 102.0, 98.0, 6.0, 99.0, 33.0, 105.0, 28.0, 100.0, 13.0, 25.0, 25.0, 81.0, 57.0, 61.0, 50.0, 10.0], [135.0, 118.0, 135.0, 118.0, 135.0, 118.0, 135.0, 135.0, 118.0, 135.0, 72.0, 44.0, 92.0, 58.0, 106.0, 113.0, 55.0, 67.0, 51.0, 34.0, 93.0, 58.0, 10.0, 41.0, 53.0, 55.0, 95.0, 30.0, 27.0, 71.0, 21.0, 70.0, 55.0, 78.0, 87.0, 29.0, 34.0, 40.0, 4.0, 11.0, 59.0, 5.0, 80.0, 66.0, 70.0, 16.0, 0.0, 53.0, 94.0, 50.0, 11.0, 59.0, 56.0, 77.0, 42.0, 85.0, 31.0, 71.0, 84.0, 11.0, 21.0, 81.0, 78.0, 46.0, 105.0, 84.0, 14.0, 90.0, 28.0, 104.0, 18.0, 93.0, 6.0, 33.0, 14.0, 74.0, 53.0, 45.0, 56.0, 17.0], [88.0, 125.0, 88.0, 125.0, 88.0, 125.0, 88.0, 88.0, 125.0, 88.0, 40.0, 20.0, 48.0, 23.0, 97.0, 75.0, 58.0, 74.0, 44.0, 30.0, 95.0, 9.0, 57.0, 79.0, 77.0, 2.0, 56.0, 40.0, 76.0, 57.0, 73.0, 65.0, 49.0, 49.0, 40.0, 32.0, 86.0, 76.0, 49.0, 49.0, 13.0, 58.0, 44.0, 86.0, 20.0, 67.0, 53.0, 0.0, 53.0, 74.0, 51.0, 47.0, 40.0, 39.0, 29.0, 33.0, 84.0, 41.0, 39.0, 56.0, 60.0, 90.0, 82.0, 41.0, 108.0, 33.0, 66.0, 58.0, 45.0, 97.0, 57.0, 65.0, 58.0, 70.0, 43.0, 52.0, 50.0, 33.0, 80.0, 63.0], [42.0, 104.0, 42.0, 104.0, 42.0, 104.0, 42.0, 42.0, 104.0, 42.0, 23.0, 50.0, 9.0, 72.0, 67.0, 22.0, 60.0, 69.0, 96.0, 81.0, 78.0, 44.0, 93.0, 100.0, 87.0, 51.0, 5.0, 67.0, 107.0, 42.0, 114.0, 53.0, 51.0, 23.0, 17.0, 82.0, 127.0, 95.0, 91.0, 85.0, 40.0, 98.0, 15.0, 88.0, 34.0, 104.0, 94.0, 53.0, 0.0, 86.0, 96.0, 99.0, 42.0, 17.0, 82.0, 34.0, 122.0, 24.0, 15.0, 91.0, 90.0, 80.0, 71.0, 53.0, 86.0, 30.0, 106.0, 16.0, 71.0, 68.0, 104.0, 26.0, 100.0, 93.0, 80.0, 32.0, 54.0, 86.0, 88.0, 96.0], [127.0, 69.0, 127.0, 69.0, 127.0, 69.0, 127.0, 127.0, 69.0, 127.0, 64.0, 55.0, 89.0, 92.0, 65.0, 96.0, 26.0, 25.0, 96.0, 74.0, 47.0, 73.0, 40.0, 20.0, 3.0, 76.0, 84.0, 35.0, 37.0, 45.0, 57.0, 37.0, 35.0, 63.0, 89.0, 70.0, 65.0, 15.0, 51.0, 41.0, 70.0, 49.0, 71.0, 16.0, 80.0, 45.0, 50.0, 74.0, 86.0, 0.0, 61.0, 103.0, 45.0, 71.0, 82.0, 96.0, 57.0, 62.0, 84.0, 39.0, 29.0, 34.0, 34.0, 36.0, 58.0, 93.0, 51.0, 74.0, 31.0, 63.0, 68.0, 71.0, 52.0, 20.0, 43.0, 55.0, 32.0, 87.0, 6.0, 36.0], [136.0, 128.0, 136.0, 128.0, 136.0, 128.0, 136.0, 136.0, 128.0, 136.0, 76.0, 46.0, 94.0, 51.0, 114.0, 116.0, 64.0, 77.0, 41.0, 26.0, 102.0, 57.0, 21.0, 52.0, 63.0, 53.0, 98.0, 37.0, 38.0, 77.0, 25.0, 78.0, 63.0, 82.0, 88.0, 22.0, 36.0, 52.0, 10.0, 20.0, 59.0, 14.0, 84.0, 76.0, 69.0, 25.0, 11.0, 51.0, 96.0, 61.0, 0.0, 49.0, 62.0, 79.0, 34.0, 84.0, 37.0, 75.0, 85.0, 23.0, 33.0, 91.0, 87.0, 53.0, 115.0, 83.0, 20.0, 95.0, 36.0, 113.0, 9.0, 98.0, 12.0, 44.0, 21.0, 80.0, 60.0, 37.0, 67.0, 28.0], [129.0, 165.0, 129.0, 165.0, 129.0, 165.0, 129.0, 129.0, 165.0, 129.0, 87.0, 61.0, 93.0, 27.0, 142.0, 121.0, 96.0, 112.0, 7.0, 29.0, 136.0, 56.0, 68.0, 99.0, 106.0, 48.0, 102.0, 70.0, 86.0, 101.0, 71.0, 106.0, 90.0, 96.0, 84.0, 33.0, 80.0, 97.0, 56.0, 64.0, 61.0, 62.0, 92.0, 118.0, 65.0, 73.0, 59.0, 47.0, 99.0, 103.0, 49.0, 0.0, 83.0, 86.0, 22.0, 72.0, 83.0, 87.0, 84.0, 69.0, 78.0, 128.0, 121.0, 80.0, 149.0, 74.0, 69.0, 105.0, 73.0, 141.0, 47.0, 113.0, 61.0, 90.0, 60.0, 98.0, 89.0, 17.0, 109.0, 76.0], [84.0, 85.0, 84.0, 85.0, 84.0, 85.0, 84.0, 84.0, 85.0, 84.0, 19.0, 22.0, 44.0, 62.0, 58.0, 57.0, 21.0, 36.0, 78.0, 57.0, 55.0, 35.0, 53.0, 58.0, 47.0, 40.0, 42.0, 27.0, 65.0, 18.0, 75.0, 25.0, 11.0, 22.0, 44.0, 56.0, 87.0, 53.0, 54.0, 46.0, 30.0, 60.0, 28.0, 51.0, 38.0, 64.0, 56.0, 40.0, 42.0, 45.0, 62.0, 83.0, 0.0, 27.0, 61.0, 52.0, 81.0, 18.0, 39.0, 51.0, 48.0, 51.0, 43.0, 12.0, 68.0, 49.0, 67.0, 35.0, 30.0, 58.0, 71.0, 37.0, 62.0, 51.0, 42.0, 18.0, 13.0, 67.0, 49.0, 55.0], [59.0, 99.0, 59.0, 99.0, 59.0, 99.0, 59.0, 59.0, 99.0, 59.0, 8.0, 33.0, 18.0, 61.0, 66.0, 37.0, 46.0, 58.0, 83.0, 66.0, 71.0, 30.0, 76.0, 85.0, 73.0, 38.0, 18.0, 50.0, 90.0, 32.0, 97.0, 43.0, 36.0, 15.0, 18.0, 67.0, 110.0, 80.0, 74.0, 68.0, 26.0, 81.0, 6.0, 76.0, 23.0, 87.0, 77.0, 39.0, 17.0, 71.0, 79.0, 86.0, 27.0, 0.0, 67.0, 31.0, 105.0, 10.0, 13.0, 74.0, 73.0, 71.0, 62.0, 37.0, 81.0, 27.0, 89.0, 19.0, 55.0, 66.0, 88.0, 28.0, 83.0, 77.0, 63.0, 22.0, 39.0, 72.0, 75.0, 79.0], [116.0, 142.0, 116.0, 142.0, 116.0, 142.0, 116.0, 116.0, 142.0, 116.0, 67.0, 39.0, 77.0, 18.0, 120.0, 104.0, 73.0, 90.0, 16.0, 8.0, 114.0, 38.0, 50.0, 79.0, 85.0, 31.0, 85.0, 48.0, 69.0, 79.0, 58.0, 84.0, 68.0, 76.0, 68.0, 13.0, 70.0, 77.0, 39.0, 44.0, 42.0, 46.0, 73.0, 96.0, 49.0, 57.0, 42.0, 29.0, 82.0, 82.0, 34.0, 22.0, 61.0, 67.0, 0.0, 59.0, 70.0, 67.0, 67.0, 50.0, 58.0, 106.0, 99.0, 58.0, 126.0, 60.0, 54.0, 86.0, 51.0, 119.0, 36.0, 92.0, 45.0, 70.0, 40.0, 77.0, 67.0, 6.0, 88.0, 58.0], [57.0, 131.0, 57.0, 131.0, 57.0, 131.0, 57.0, 57.0, 131.0, 57.0, 39.0, 44.0, 25.0, 45.0, 97.0, 55.0, 73.0, 87.0, 71.0, 62.0, 103.0, 27.0, 88.0, 105.0, 98.0, 31.0, 38.0, 66.0, 106.0, 63.0, 106.0, 73.0, 63.0, 46.0, 16.0, 65.0, 119.0, 101.0, 82.0, 80.0, 27.0, 90.0, 36.0, 104.0, 16.0, 99.0, 85.0, 33.0, 34.0, 96.0, 84.0, 72.0, 52.0, 31.0, 59.0, 0.0, 116.0, 40.0, 20.0, 87.0, 89.0, 101.0, 92.0, 60.0, 113.0, 4.0, 99.0, 47.0, 72.0, 97.0, 90.0, 57.0, 91.0, 97.0, 74.0, 53.0, 65.0, 62.0, 100.0, 94.0], [163.0, 124.0, 163.0, 124.0, 163.0, 124.0, 163.0, 163.0, 124.0, 163.0, 99.0, 74.0, 121.0, 88.0, 121.0, 139.0, 73.0, 80.0, 76.0, 63.0, 103.0, 89.0, 29.0, 39.0, 58.0, 86.0, 122.0, 55.0, 20.0, 92.0, 12.0, 88.0, 77.0, 103.0, 117.0, 58.0, 9.0, 42.0, 35.0, 37.0, 89.0, 26.0, 108.0, 71.0, 100.0, 18.0, 31.0, 84.0, 122.0, 57.0, 37.0, 83.0, 81.0, 105.0, 70.0, 116.0, 0.0, 98.0, 113.0, 31.0, 34.0, 90.0, 90.0, 70.0, 114.0, 115.0, 17.0, 116.0, 51.0, 119.0, 36.0, 117.0, 26.0, 37.0, 43.0, 98.0, 74.0, 73.0, 61.0, 26.0], [66.0, 91.0, 66.0, 91.0, 66.0, 91.0, 66.0, 66.0, 91.0, 66.0, 2.0, 30.0, 27.0, 63.0, 59.0, 41.0, 37.0, 49.0, 83.0, 65.0, 63.0, 32.0, 69.0, 76.0, 64.0, 40.0, 24.0, 43.0, 83.0, 23.0, 91.0, 34.0, 27.0, 9.0, 28.0, 65.0, 104.0, 71.0, 69.0, 62.0, 28.0, 75.0, 10.0, 67.0, 29.0, 81.0, 71.0, 41.0, 24.0, 62.0, 75.0, 87.0, 18.0, 10.0, 67.0, 40.0, 98.0, 0.0, 23.0, 68.0, 65.0, 62.0, 53.0, 29.0, 73.0, 36.0, 83.0, 19.0, 47.0, 59.0, 84.0, 25.0, 77.0, 69.0, 57.0, 14.0, 30.0, 72.0, 65.0, 72.0], [51.0, 112.0, 51.0, 112.0, 51.0, 112.0, 51.0, 51.0, 112.0, 51.0, 21.0, 40.0, 9.0, 57.0, 77.0, 38.0, 59.0, 72.0, 82.0, 68.0, 84.0, 30.0, 84.0, 96.0, 86.0, 37.0, 20.0, 59.0, 100.0, 45.0, 104.0, 56.0, 49.0, 27.0, 5.0, 69.0, 117.0, 91.0, 81.0, 76.0, 27.0, 88.0, 16.0, 89.0, 19.0, 96.0, 84.0, 39.0, 15.0, 84.0, 85.0, 84.0, 39.0, 13.0, 67.0, 20.0, 113.0, 23.0, 0.0, 83.0, 83.0, 84.0, 75.0, 49.0, 94.0, 16.0, 97.0, 27.0, 64.0, 78.0, 92.0, 37.0, 90.0, 88.0, 71.0, 35.0, 52.0, 71.0, 88.0, 89.0], [133.0, 107.0, 133.0, 107.0, 133.0, 107.0, 133.0, 133.0, 107.0, 133.0, 69.0, 44.0, 91.0, 65.0, 97.0, 109.0, 46.0, 57.0, 61.0, 42.0, 82.0, 60.0, 2.0, 30.0, 41.0, 58.0, 92.0, 25.0, 20.0, 63.0, 24.0, 61.0, 48.0, 73.0, 87.0, 37.0, 36.0, 29.0, 13.0, 7.0, 60.0, 11.0, 77.0, 54.0, 71.0, 13.0, 11.0, 56.0, 91.0, 39.0, 23.0, 69.0, 51.0, 74.0, 50.0, 87.0, 31.0, 68.0, 83.0, 0.0, 10.0, 71.0, 68.0, 40.0, 95.0, 85.0, 16.0, 86.0, 21.0, 95.0, 29.0, 87.0, 14.0, 22.0, 13.0, 69.0, 45.0, 55.0, 45.0, 7.0], [132.0, 97.0, 132.0, 97.0, 132.0, 97.0, 132.0, 132.0, 97.0, 132.0, 67.0, 45.0, 90.0, 72.0, 89.0, 105.0, 39.0, 49.0, 71.0, 50.0, 73.0, 63.0, 12.0, 21.0, 31.0, 62.0, 90.0, 23.0, 17.0, 58.0, 31.0, 54.0, 43.0, 70.0, 87.0, 46.0, 41.0, 19.0, 23.0, 14.0, 62.0, 21.0, 75.0, 44.0, 73.0, 18.0, 21.0, 60.0, 90.0, 29.0, 33.0, 78.0, 48.0, 73.0, 58.0, 89.0, 34.0, 65.0, 83.0, 10.0, 0.0, 61.0, 59.0, 37.0, 85.0, 87.0, 23.0, 83.0, 18.0, 87.0, 39.0, 83.0, 24.0, 12.0, 19.0, 64.0, 40.0, 63.0, 35.0, 8.0], [117.0, 37.0, 117.0, 37.0, 117.0, 37.0, 117.0, 117.0, 37.0, 117.0, 63.0, 70.0, 86.0, 111.0, 35.0, 83.0, 33.0, 16.0, 121.0, 99.0, 13.0, 86.0, 72.0, 52.0, 32.0, 91.0, 77.0, 58.0, 70.0, 39.0, 91.0, 28.0, 41.0, 58.0, 89.0, 96.0, 99.0, 48.0, 81.0, 71.0, 82.0, 82.0, 69.0, 21.0, 88.0, 78.0, 81.0, 90.0, 80.0, 34.0, 91.0, 128.0, 51.0, 71.0, 106.0, 101.0, 90.0, 62.0, 84.0, 71.0, 61.0, 0.0, 9.0, 49.0, 24.0, 97.0, 84.0, 65.0, 56.0, 33.0, 99.0, 58.0, 85.0, 53.0, 72.0, 49.0, 40.0, 111.0, 30.0, 69.0], [108.0, 43.0, 108.0, 43.0, 108.0, 43.0, 108.0, 108.0, 43.0, 108.0, 54.0, 63.0, 77.0, 104.0, 31.0, 74.0, 26.0, 10.0, 115.0, 93.0, 15.0, 77.0, 70.0, 53.0, 33.0, 83.0, 68.0, 52.0, 70.0, 30.0, 89.0, 19.0, 33.0, 49.0, 80.0, 90.0, 98.0, 48.0, 78.0, 67.0, 73.0, 79.0, 59.0, 24.0, 79.0, 76.0, 78.0, 82.0, 71.0, 34.0, 87.0, 121.0, 43.0, 62.0, 99.0, 92.0, 90.0, 53.0, 75.0, 68.0, 59.0, 9.0, 0.0, 42.0, 28.0, 88.0, 82.0, 56.0, 52.0, 30.0, 96.0, 49.0, 82.0, 53.0, 67.0, 40.0, 33.0, 105.0, 31.0, 67.0], [96.0, 85.0, 96.0, 85.0, 96.0, 85.0, 96.0, 96.0, 85.0, 96.0, 30.0, 21.0, 55.0, 62.0, 63.0, 69.0, 17.0, 33.0, 74.0, 52.0, 56.0, 38.0, 42.0, 47.0, 39.0, 42.0, 53.0, 16.0, 54.0, 25.0, 64.0, 27.0, 10.0, 33.0, 53.0, 50.0, 76.0, 43.0, 44.0, 36.0, 35.0, 49.0, 39.0, 45.0, 44.0, 53.0, 46.0, 41.0, 53.0, 36.0, 53.0, 80.0, 12.0, 37.0, 58.0, 60.0, 70.0, 29.0, 49.0, 40.0, 37.0, 49.0, 42.0, 0.0, 69.0, 57.0, 56.0, 46.0, 19.0, 62.0, 61.0, 47.0, 51.0, 40.0, 32.0, 28.0, 9.0, 63.0, 41.0, 44.0], [116.0, 18.0, 116.0, 18.0, 116.0, 18.0, 116.0, 116.0, 18.0, 116.0, 75.0, 89.0, 94.0, 130.0, 22.0, 82.0, 53.0, 38.0, 142.0, 120.0, 13.0, 102.0, 96.0, 76.0, 56.0, 108.0, 82.0, 80.0, 94.0, 51.0, 115.0, 43.0, 59.0, 67.0, 99.0, 118.0, 123.0, 72.0, 105.0, 95.0, 97.0, 106.0, 78.0, 44.0, 102.0, 102.0, 105.0, 108.0, 86.0, 58.0, 115.0, 149.0, 68.0, 81.0, 126.0, 113.0, 114.0, 73.0, 94.0, 95.0, 85.0, 24.0, 28.0, 69.0, 0.0, 109.0, 108.0, 70.0, 79.0, 21.0, 123.0, 61.0, 109.0, 78.0, 95.0, 60.0, 60.0, 132.0, 54.0, 93.0], [55.0, 127.0, 55.0, 127.0, 55.0, 127.0, 55.0, 55.0, 127.0, 55.0, 34.0, 42.0, 21.0, 47.0, 93.0, 51.0, 70.0, 84.0, 73.0, 63.0, 98.0, 26.0, 87.0, 103.0, 95.0, 31.0, 34.0, 64.0, 104.0, 59.0, 105.0, 69.0, 59.0, 42.0, 12.0, 65.0, 118.0, 98.0, 81.0, 78.0, 26.0, 89.0, 31.0, 100.0, 15.0, 98.0, 84.0, 33.0, 30.0, 93.0, 83.0, 74.0, 49.0, 27.0, 60.0, 4.0, 115.0, 36.0, 16.0, 85.0, 87.0, 97.0, 88.0, 57.0, 109.0, 0.0, 98.0, 43.0, 69.0, 93.0, 90.0, 52.0, 90.0, 94.0, 72.0, 49.0, 62.0, 63.0, 97.0, 92.0], [147.0, 119.0, 147.0, 119.0, 147.0, 119.0, 147.0, 147.0, 119.0, 147.0, 84.0, 57.0, 105.0, 71.0, 111.0, 124.0, 62.0, 71.0, 61.0, 46.0, 96.0, 72.0, 14.0, 37.0, 53.0, 69.0, 107.0, 40.0, 19.0, 79.0, 8.0, 77.0, 64.0, 88.0, 100.0, 41.0, 21.0, 38.0, 17.0, 21.0, 72.0, 9.0, 92.0, 66.0, 83.0, 6.0, 14.0, 66.0, 106.0, 51.0, 20.0, 69.0, 67.0, 89.0, 54.0, 99.0, 17.0, 83.0, 97.0, 16.0, 23.0, 84.0, 82.0, 56.0, 108.0, 98.0, 0.0, 101.0, 36.0, 110.0, 23.0, 103.0, 9.0, 31.0, 26.0, 84.0, 61.0, 57.0, 56.0, 15.0], [53.0, 87.0, 53.0, 87.0, 53.0, 87.0, 53.0, 53.0, 87.0, 53.0, 19.0, 49.0, 24.0, 80.0, 51.0, 23.0, 49.0, 56.0, 102.0, 84.0, 62.0, 49.0, 88.0, 91.0, 76.0, 57.0, 12.0, 61.0, 99.0, 29.0, 110.0, 39.0, 40.0, 13.0, 31.0, 84.0, 122.0, 85.0, 88.0, 81.0, 45.0, 94.0, 14.0, 75.0, 42.0, 99.0, 90.0, 58.0, 16.0, 74.0, 95.0, 105.0, 35.0, 19.0, 86.0, 47.0, 116.0, 19.0, 27.0, 86.0, 83.0, 65.0, 56.0, 46.0, 70.0, 43.0, 101.0, 0.0, 65.0, 52.0, 103.0, 10.0, 96.0, 85.0, 76.0, 19.0, 44.0, 91.0, 76.0, 90.0], [113.0, 94.0, 113.0, 94.0, 113.0, 94.0, 113.0, 113.0, 94.0, 113.0, 49.0, 28.0, 72.0, 61.0, 78.0, 88.0, 27.0, 41.0, 66.0, 44.0, 67.0, 46.0, 23.0, 34.0, 34.0, 47.0, 72.0, 5.0, 36.0, 43.0, 45.0, 42.0, 28.0, 52.0, 69.0, 40.0, 57.0, 30.0, 27.0, 17.0, 44.0, 30.0, 57.0, 45.0, 55.0, 33.0, 28.0, 45.0, 71.0, 31.0, 36.0, 73.0, 30.0, 55.0, 51.0, 72.0, 51.0, 47.0, 64.0, 21.0, 18.0, 56.0, 52.0, 19.0, 79.0, 69.0, 36.0, 65.0, 0.0, 77.0, 45.0, 66.0, 33.0, 25.0, 16.0, 48.0, 25.0, 56.0, 37.0, 25.0], [96.0, 37.0, 96.0, 37.0, 96.0, 37.0, 96.0, 96.0, 37.0, 96.0, 60.0, 80.0, 76.0, 120.0, 2.0, 62.0, 49.0, 39.0, 135.0, 114.0, 20.0, 90.0, 97.0, 83.0, 62.0, 97.0, 64.0, 76.0, 99.0, 40.0, 118.0, 36.0, 52.0, 52.0, 82.0, 112.0, 127.0, 78.0, 104.0, 94.0, 85.0, 106.0, 61.0, 53.0, 88.0, 105.0, 104.0, 97.0, 68.0, 63.0, 113.0, 141.0, 58.0, 66.0, 119.0, 97.0, 119.0, 59.0, 78.0, 95.0, 87.0, 33.0, 30.0, 62.0, 21.0, 93.0, 110.0, 52.0, 77.0, 0.0, 122.0, 42.0, 109.0, 82.0, 92.0, 45.0, 54.0, 124.0, 60.0, 95.0], [143.0, 136.0, 143.0, 136.0, 143.0, 136.0, 143.0, 143.0, 136.0, 143.0, 84.0, 54.0, 101.0, 55.0, 123.0, 124.0, 72.0, 85.0, 40.0, 30.0, 111.0, 64.0, 28.0, 57.0, 71.0, 59.0, 106.0, 46.0, 41.0, 86.0, 24.0, 86.0, 71.0, 91.0, 95.0, 26.0, 33.0, 58.0, 18.0, 28.0, 66.0, 19.0, 92.0, 84.0, 76.0, 28.0, 18.0, 57.0, 104.0, 68.0, 9.0, 47.0, 71.0, 88.0, 36.0, 90.0, 36.0, 84.0, 92.0, 29.0, 39.0, 99.0, 96.0, 61.0, 123.0, 90.0, 23.0, 103.0, 45.0, 122.0, 0.0, 107.0, 16.0, 50.0, 29.0, 89.0, 69.0, 38.0, 74.0, 34.0], [59.0, 78.0, 59.0, 78.0, 59.0, 78.0, 59.0, 59.0, 78.0, 59.0, 25.0, 54.0, 34.0, 88.0, 41.0, 25.0, 46.0, 51.0, 109.0, 90.0, 53.0, 57.0, 89.0, 89.0, 72.0, 65.0, 21.0, 63.0, 99.0, 26.0, 111.0, 35.0, 40.0, 17.0, 41.0, 89.0, 123.0, 84.0, 91.0, 83.0, 52.0, 96.0, 22.0, 70.0, 51.0, 100.0, 93.0, 65.0, 26.0, 71.0, 98.0, 113.0, 37.0, 28.0, 92.0, 57.0, 117.0, 25.0, 37.0, 87.0, 83.0, 58.0, 49.0, 47.0, 61.0, 52.0, 103.0, 10.0, 66.0, 42.0, 107.0, 0.0, 99.0, 84.0, 79.0, 19.0, 43.0, 97.0, 73.0, 91.0], [140.0, 121.0, 140.0, 121.0, 140.0, 121.0, 140.0, 140.0, 121.0, 140.0, 78.0, 50.0, 98.0, 62.0, 110.0, 118.0, 60.0, 71.0, 53.0, 37.0, 96.0, 64.0, 12.0, 41.0, 55.0, 60.0, 101.0, 36.0, 26.0, 76.0, 15.0, 74.0, 61.0, 83.0, 93.0, 32.0, 28.0, 42.0, 9.0, 16.0, 65.0, 3.0, 86.0, 68.0, 75.0, 13.0, 6.0, 58.0, 100.0, 52.0, 12.0, 61.0, 62.0, 83.0, 45.0, 91.0, 26.0, 77.0, 90.0, 14.0, 24.0, 85.0, 82.0, 51.0, 109.0, 90.0, 9.0, 96.0, 33.0, 109.0, 16.0, 99.0, 0.0, 34.0, 20.0, 80.0, 58.0, 48.0, 58.0, 17.0], [136.0, 88.0, 136.0, 88.0, 136.0, 88.0, 136.0, 136.0, 88.0, 136.0, 70.0, 53.0, 95.0, 83.0, 84.0, 107.0, 38.0, 43.0, 83.0, 62.0, 66.0, 71.0, 23.0, 9.0, 22.0, 72.0, 93.0, 31.0, 17.0, 58.0, 38.0, 52.0, 44.0, 72.0, 93.0, 57.0, 46.0, 7.0, 35.0, 26.0, 70.0, 31.0, 79.0, 35.0, 80.0, 25.0, 33.0, 70.0, 93.0, 20.0, 44.0, 90.0, 51.0, 77.0, 70.0, 97.0, 37.0, 69.0, 88.0, 22.0, 12.0, 53.0, 53.0, 40.0, 78.0, 94.0, 31.0, 85.0, 25.0, 82.0, 50.0, 84.0, 34.0, 0.0, 31.0, 66.0, 41.0, 75.0, 25.0, 17.0], [121.0, 109.0, 121.0, 109.0, 121.0, 109.0, 121.0, 121.0, 109.0, 121.0, 58.0, 31.0, 79.0, 53.0, 94.0, 99.0, 43.0, 57.0, 53.0, 32.0, 82.0, 47.0, 14.0, 40.0, 46.0, 45.0, 81.0, 17.0, 33.0, 57.0, 34.0, 57.0, 42.0, 64.0, 74.0, 27.0, 47.0, 38.0, 12.0, 6.0, 47.0, 18.0, 66.0, 58.0, 58.0, 25.0, 14.0, 43.0, 80.0, 43.0, 21.0, 60.0, 42.0, 63.0, 40.0, 74.0, 43.0, 57.0, 71.0, 13.0, 19.0, 72.0, 67.0, 32.0, 95.0, 72.0, 26.0, 76.0, 16.0, 92.0, 29.0, 79.0, 20.0, 31.0, 0.0, 60.0, 40.0, 44.0, 49.0, 21.0], [72.0, 78.0, 72.0, 78.0, 72.0, 78.0, 72.0, 72.0, 78.0, 72.0, 15.0, 38.0, 37.0, 75.0, 46.0, 42.0, 29.0, 38.0, 94.0, 74.0, 49.0, 45.0, 71.0, 71.0, 57.0, 52.0, 30.0, 44.0, 81.0, 11.0, 93.0, 22.0, 22.0, 9.0, 40.0, 73.0, 105.0, 66.0, 72.0, 64.0, 40.0, 78.0, 19.0, 57.0, 43.0, 81.0, 74.0, 52.0, 32.0, 55.0, 80.0, 98.0, 18.0, 22.0, 77.0, 53.0, 98.0, 14.0, 35.0, 69.0, 64.0, 49.0, 40.0, 28.0, 60.0, 49.0, 84.0, 19.0, 48.0, 45.0, 89.0, 19.0, 80.0, 66.0, 60.0, 0.0, 25.0, 82.0, 57.0, 72.0], [96.0, 76.0, 96.0, 76.0, 96.0, 76.0, 96.0, 96.0, 76.0, 96.0, 31.0, 30.0, 57.0, 71.0, 55.0, 67.0, 9.0, 25.0, 83.0, 61.0, 47.0, 46.0, 47.0, 47.0, 34.0, 50.0, 53.0, 23.0, 56.0, 18.0, 69.0, 18.0, 3.0, 31.0, 57.0, 58.0, 81.0, 42.0, 51.0, 42.0, 42.0, 55.0, 39.0, 39.0, 50.0, 57.0, 53.0, 50.0, 54.0, 32.0, 60.0, 89.0, 13.0, 39.0, 67.0, 65.0, 74.0, 30.0, 52.0, 45.0, 40.0, 40.0, 33.0, 9.0, 60.0, 62.0, 61.0, 44.0, 25.0, 54.0, 69.0, 43.0, 58.0, 41.0, 40.0, 25.0, 0.0, 72.0, 36.0, 48.0], [119.0, 148.0, 119.0, 148.0, 119.0, 148.0, 119.0, 119.0, 148.0, 119.0, 72.0, 45.0, 80.0, 19.0, 125.0, 108.0, 79.0, 95.0, 11.0, 13.0, 119.0, 42.0, 54.0, 84.0, 90.0, 35.0, 89.0, 53.0, 73.0, 85.0, 61.0, 90.0, 73.0, 81.0, 72.0, 17.0, 71.0, 82.0, 42.0, 49.0, 46.0, 50.0, 77.0, 101.0, 52.0, 61.0, 45.0, 33.0, 86.0, 87.0, 37.0, 17.0, 67.0, 72.0, 6.0, 62.0, 73.0, 72.0, 71.0, 55.0, 63.0, 111.0, 105.0, 63.0, 132.0, 63.0, 57.0, 91.0, 56.0, 124.0, 38.0, 97.0, 48.0, 75.0, 44.0, 82.0, 72.0, 0.0, 93.0, 62.0], [129.0, 63.0, 129.0, 63.0, 129.0, 63.0, 129.0, 129.0, 63.0, 129.0, 67.0, 60.0, 92.0, 98.0, 62.0, 98.0, 29.0, 23.0, 102.0, 80.0, 43.0, 78.0, 46.0, 23.0, 3.0, 81.0, 87.0, 41.0, 41.0, 47.0, 62.0, 38.0, 39.0, 65.0, 93.0, 76.0, 70.0, 19.0, 57.0, 47.0, 76.0, 55.0, 74.0, 10.0, 85.0, 50.0, 56.0, 80.0, 88.0, 6.0, 67.0, 109.0, 49.0, 75.0, 88.0, 100.0, 61.0, 65.0, 88.0, 45.0, 35.0, 30.0, 31.0, 41.0, 54.0, 97.0, 56.0, 76.0, 37.0, 60.0, 74.0, 73.0, 58.0, 25.0, 49.0, 57.0, 36.0, 93.0, 0.0, 41.0], [138.0, 105.0, 138.0, 105.0, 138.0, 105.0, 138.0, 138.0, 105.0, 138.0, 73.0, 50.0, 96.0, 73.0, 97.0, 113.0, 48.0, 57.0, 68.0, 49.0, 81.0, 67.0, 7.0, 24.0, 38.0, 65.0, 96.0, 30.0, 12.0, 66.0, 22.0, 62.0, 51.0, 77.0, 92.0, 44.0, 33.0, 24.0, 20.0, 15.0, 66.0, 15.0, 82.0, 51.0, 77.0, 10.0, 17.0, 63.0, 96.0, 36.0, 28.0, 76.0, 55.0, 79.0, 58.0, 94.0, 26.0, 72.0, 89.0, 7.0, 8.0, 69.0, 67.0, 44.0, 93.0, 92.0, 15.0, 90.0, 25.0, 95.0, 34.0, 91.0, 17.0, 17.0, 21.0, 72.0, 48.0, 62.0, 41.0, 0.0]]
