40 1857.41 0 1680 28 60
[6335.51, 6460.18, 9257.0, 6791.97, 6236.62, 3792.66, 6350.62, 3897.99, 1258.52, 4980.04, 4126.24, 7234.97, 8323.96, 5892.48, 3015.41, 5800.23, 2738.92, 2519.42, 5683.79, 653.02, 2052.95, 9294.84, 4568.42, 6391.87, 3724.29, 8756.91, 5226.49, 1737.54, 8421.67, 6802.14, 4960.08, 5164.76, 8614.05, 9832.74, 2059.88, 5676.84, 5219.58, 8198.64, 6819.65, 6783.45]
[5680.15, 8247.81, 8552.15, 1875.18, 4255.28, 1149.93, 5589.55, 5045.96, 6711.29, 6297.57, 6718.47, 8818.08, 3840.95, 3054.65, 2140.92, 2227.86, 4253.56, 1587.52, 4665.12, 8430.11, 7381.94, 6563.83, 5582.19, 4289.66, 2823.29, 5894.28, 7589.58, 4926.27, 3590.48, 7505.14, 4029.66, 5163.76, 5975.11, 3155.62, 6201.79, 7334.85, 8625.72, 3545.04, 2594.54, 2526.9]
[6, 6, 9, 7, 6, 4, 6, 4, 2, 5, 4, 7, 8, 6, 3, 6, 3, 3, 6, 1, 2, 9, 5, 6, 4, 8, 5, 2, 8, 7, 5, 5, 8, 9, 2, 6, 5, 8, 7, 7]
[1, 2, 3, 4, 5, 6, 7, 8, 9, 10, 11, 12, 13, 14, 15, 16, 17, 18, 19, 20, 21, 22, 23, 24, 25, 26, 27, 28, 29, 30, 31, 32, 33, 34, 35, 36, 37, 38, 39, 40]
[1, 1, 1, 3, 1, 1, 1, 1, 2, 1, 1, 3, 3, 1, 2, 1, 2, 2, 1, 2, 2, 1, 1, 1, 1, 3, 1, 2, 3, 3, 1, 1, 3, 1, 2, 1, 1, 3, 3, 3]
[2, 2, 3, 2, 2, 1, 2, 1, 2, 3, 1, 2, 2, 2, 3, 2, 3, 3, 2, 2, 2, 3, 3, 2, 1, 2, 3, 2, 2, 2, 3, 3, 2, 3, 2, 2, 3, 2, 2, 2]
[8, 6, 5, 9, 10, 2, 7, 2, 9, 2, 7, 7, 3, 9, 1, 5, 2, 3, 3, 9, 7, 1, 7, 7, 6, 4, 10, 2, 5, 8, 4, 4, 2, 8, 8, 10, 1, 9, 9, 3]
[3784.86, 4203.14, 3791.1, 4581.14, 4238.99, 4737.2, 4681.97, 4596.59, 4856.73, 4461.17, 4778.79, 4694.94, 4222.05, 4670.02, 3928.87, 3800.7, 4040.58, 4209.95, 4436.99, 4863.37, 4711.75, 3886.98, 4810.82, 4740.37, 4315.14, 3231.86, 4317.3, 4821.0, 3806.75, 4023.51, 3221.76, 3212.38, 4470.64, 3994.37, 4078.99, 4287.45, 4131.44, 4780.82, 4912.54, 4180.55]
[0.91, 0.18, 0.38, 0.34, 0.48, 0.27, 0.36, 0.26, 0.28, 0.26, 0.37, 0.34, 0.34, 0.19, 0.75, 0.3, 0.27, 0.39, 0.41, 0.18, 0.33, 0.72, 0.27, 0.33, 0.21, 0.6, 0.25, 0.26, 0.37, 0.86, 0.87, 0.5, 0.27, 0.76, 0.74, 0.35, 0.79, 0.23, 0.24, 0.36]
[0.56, 0.58, 0.64, 0.84, 0.51, 0.52, 0.54, 0.65, 1.04, 0.82, 1.01, 0.9, 0.84, 0.84, 0.94, 0.79, 0.84, 0.59, 1.05, 0.5, 1.02, 1.08, 1.04, 0.87, 0.52, 0.78, 0.65, 0.61, 1.0, 0.92, 1.04, 1.06, 1.04, 0.51, 0.8, 0.63, 0.65, 0.81, 0.56, 0.66]
[0.93, 1.1, 0.78, 1.09, 1.03, 0.64, 0.54, 0.64, 0.64, 0.92, 0.52, 0.91, 0.76, 0.96, 0.73, 0.66, 1.05, 0.64, 0.56, 0.93, 0.53, 0.77, 0.64, 0.91, 0.85, 0.62, 0.78, 0.91, 0.6, 0.87, 0.74, 0.6, 1.09, 0.86, 0.76, 0.95, 0.64, 1.0, 0.53, 0.88]
[0.93, 0.76, 0.53, 1.02, 1.03, 0.54, 0.84, 0.77, 0.62, 1.06, 0.98, 0.6, 0.89, 0.95, 0.87, 0.51, 1.03, 0.91, 0.7, 1.02, 0.8, 0.51, 0.87, 1.07, 1.09, 0.66, 0.69, 0.96, 0.63, 0.89, 0.63, 1.05, 1.05, 1.0, 1.04, 0.66, 1.06, 0.51, 0.66, 0.77]
[0.93, 0.96, 0.64, 0.87, 1.03, 0.78, 0.88, 0.59, 1.02, 0.79, 0.54, 0.99, 0.67, 0.61, 0.51, 0.63, 0.75, 1.07, 1.07, 0.94, 0.93, 0.99, 0.58, 0.63, 0.54, 0.51, 0.92, 0.69, 0.8, 0.83, 0.8, 0.69, 0.57, 0.95, 0.7, 0.83, 1.05, 0.51, 0.73, 0.78]
[0.66, 0.97, 0.86, 1.06, 0.59, 0.87, 0.73, 0.77, 0.84, 0.5, 0.86, 0.68, 0.7, 0.66, 0.95, 0.54, 0.75, 1.01, 0.92, 0.6, 0.53, 1.03, 0.65, 0.63, 0.55, 0.53, 0.75, 0.75, 1.03, 1.04, 0.85, 0.57, 1.03, 1.06, 0.57, 0.63, 0.55, 0.96, 0.54, 0.93]
[0.3, 0.45, 0.15, 0.86, 0.33, 0.12, 0.16, 0.15, 0.35, 0.32, 0.24, 0.33, 0.27, 0.31, 0.29, 0.09, 0.51, 0.37, 0.41, 0.27, 0.22, 0.42, 0.22, 0.34, 0.15, 0.09, 0.24, 0.28, 0.31, 0.62, 0.33, 0.27, 0.71, 0.43, 0.25, 0.2, 0.26, 0.21, 0.08, 0.32]
[1458.32, 676.15, 1062.91, 714.13, 1040.91, 1099.71, 705.04, 1207.5, 775.52, 970.69, 750.54, 777.27, 1433.43, 692.52, 1316.56, 1132.89, 1295.87, 1398.0, 1261.87, 808.49, 674.31, 1173.33, 706.18, 759.92, 620.66, 1134.98, 862.67, 1334.27, 1506.16, 1596.29, 2067.18, 1265.36, 1249.14, 1469.65, 1736.12, 1111.91, 1366.2, 715.55, 723.63, 1555.67]
[471.14, 294.13, 162.37, 617.69, 339.21, 133.11, 108.23, 191.14, 263.38, 307.67, 170.36, 269.56, 413.36, 243.49, 422.72, 116.08, 690.38, 490.02, 499.73, 229.6, 146.53, 490.99, 158.71, 240.77, 89.94, 91.11, 210.86, 360.9, 478.57, 998.4, 633.09, 284.2, 869.99, 651.69, 456.52, 220.91, 312.63, 155.53, 60.04, 469.89]
[6791.58, 2880.76, 4814.56, 3070.64, 4704.55, 4998.53, 3025.21, 5537.51, 3377.62, 4353.43, 3252.69, 3386.35, 6667.16, 2962.58, 6082.82, 5164.44, 5979.35, 6489.98, 5809.33, 3542.43, 2871.57, 5366.63, 3030.91, 3299.59, 2603.3, 5174.91, 3813.36, 6171.36, 7030.78, 7481.43, 9835.92, 5826.78, 5745.72, 6848.23, 8180.59, 5059.55, 6331.02, 3077.77, 3118.17, 7278.35]
[1855.7, 970.66, 311.85, 2588.43, 1196.06, 165.53, 41.14, 455.68, 816.92, 1038.33, 351.78, 847.81, 1566.8, 717.44, 1613.58, 80.42, 2951.89, 1950.08, 1998.64, 648.02, 232.65, 1954.96, 293.57, 703.86, -50.29, -44.43, 554.29, 1304.49, 1892.83, 4491.98, 2665.46, 920.99, 3849.93, 2758.45, 1782.61, 604.56, 1063.16, 277.67, -199.81, 1849.47]
[75.7, 84.06, 75.82, 183.25, 84.78, 94.74, 93.64, 91.93, 145.7, 89.22, 95.58, 187.8, 168.88, 93.4, 117.87, 76.01, 121.22, 126.3, 88.74, 145.9, 141.35, 77.74, 96.22, 94.81, 86.3, 129.27, 86.35, 144.63, 152.27, 160.94, 64.44, 64.25, 178.83, 79.89, 122.37, 85.75, 82.63, 191.23, 196.5, 167.22]
[2, 3, 2, 9, 3, 3, 3, 3, 6, 3, 3, 10, 9, 3, 5, 2, 5, 6, 3, 6, 6, 2, 3, 3, 3, 6, 3, 6, 8, 8, 2, 2, 9, 2, 5, 3, 2, 10, 10, 8]
[24, 57, 52, 7, 17, 19, 54, 9, 23, 10, 42, 51, 58, 35, 20, 45, 44, 59, 46, 50, 2, 26, 33, 49, 10, 43, 14, 35, 32, 34, 14, 37, 11, 9, 35, 26, 17, 40, 14, 46]
[50, 60, 60, 53, 52, 56, 60, 60, 46, 42, 60, 60, 60, 60, 60, 60, 60, 60, 60, 60, 42, 60, 44, 60, 33, 60, 28, 60, 41, 57, 26, 60, 60, 15, 60, 54, 48, 60, 54, 60]
2
[0.0, 0.0]
[0.0, 0.0]
[[0.0, 0.0, 4.0, 5.0, 6.0, 3.0, 4.0, 2.0, 4.0, 3.0, 3.0, 4.0, 4.0, 5.0, 4.0, 3.0, 2.0, 3.0, 2.0, 1.0, 3.0, 4.0, 4.0, 5.0, 3.0, 4.0, 2.0, 5.0, 4.0, 2.0, 4.0, 5.0, 3.0, 3.0, 5.0, 5.0, 3.0, 4.0, 5.0, 4.0, 3.0, 3.0], [0.0, 0.0, 4.0, 5.0, 6.0, 3.0, 4.0, 2.0, 4.0, 3.0, 3.0, 4.0, 4.0, 5.0, 4.0, 3.0, 2.0, 3.0, 2.0, 1.0, 3.0, 4.0, 4.0, 5.0, 3.0, 4.0, 2.0, 5.0, 4.0, 2.0, 4.0, 5.0, 3.0, 3.0, 5.0, 5.0, 3.0, 4.0, 5.0, 4.0, 3.0, 3.0], [4.0, 4.0, 0.0, 1.0, 2.0, 2.0, 1.0, 2.0, 0.0, 1.0, 2.0, 1.0, 1.0, 2.0, 1.0, 1.0, 2.0, 2.0, 2.0, 3.0, 1.0, 3.0, 2.0, 1.0, 1.0, 1.0, 2.0, 1.0, 1.0, 2.0, 1.0, 1.0, 1.0, 1.0, 1.0, 2.0, 2.0, 1.0, 1.0, 1.0, 1.0, 2.0], [5.0, 5.0, 1.0, 0.0, 1.0, 3.0, 2.0, 4.0, 1.0, 2.0, 3.0, 1.0, 1.0, 0.0, 2.0, 2.0, 3.0, 3.0, 3.0, 4.0, 2.0, 3.0, 2.0, 2.0, 2.0, 2.0, 3.0, 2.0, 1.0, 3.0, 2.0, 0.0, 2.0, 2.0, 1.0, 3.0, 2.0, 1.0, 1.0, 2.0, 3.0, 3.0], [6.0, 6.0, 2.0, 1.0, 0.0, 3.0, 2.0, 4.0, 2.0, 3.0, 4.0, 2.0, 3.0, 1.0, 2.0, 3.0, 4.0, 3.0, 4.0, 5.0, 3.0, 4.0, 3.0, 1.0, 3.0, 2.0, 4.0, 1.0, 2.0, 4.0, 2.0, 1.0, 3.0, 3.0, 1.0, 3.0, 4.0, 2.0, 2.0, 2.0, 3.0, 3.0], [3.0, 3.0, 2.0, 3.0, 3.0, 0.0, 1.0, 1.0, 2.0, 2.0, 3.0, 2.0, 3.0, 3.0, 1.0, 1.0, 2.0, 0.0, 2.0, 2.0, 1.0, 4.0, 3.0, 3.0, 2.0, 1.0, 2.0, 2.0, 3.0, 3.0, 1.0, 3.0, 1.0, 2.0, 2.0, 2.0, 3.0, 3.0, 3.0, 1.0, 0.0, 0.0], [4.0, 4.0, 1.0, 2.0, 2.0, 1.0, 0.0, 2.0, 1.0, 1.0, 3.0, 1.0, 2.0, 2.0, 1.0, 1.0, 2.0, 1.0, 2.0, 2.0, 0.0, 3.0, 2.0, 2.0, 1.0, 0.0, 1.0, 1.0, 2.0, 2.0, 1.0, 2.0, 1.0, 1.0, 1.0, 2.0, 2.0, 1.0, 2.0, 1.0, 1.0, 1.0], [2.0, 2.0, 2.0, 4.0, 4.0, 1.0, 2.0, 0.0, 2.0, 2.0, 3.0, 3.0, 3.0, 4.0, 3.0, 1.0, 1.0, 1.0, 2.0, 1.0, 2.0, 4.0, 3.0, 4.0, 2.0, 2.0, 1.0, 3.0, 3.0, 2.0, 2.0, 3.0, 1.0, 2.0, 3.0, 3.0, 3.0, 3.0, 4.0, 2.0, 2.0, 2.0], [4.0, 4.0, 0.0, 1.0, 2.0, 2.0, 1.0, 2.0, 0.0, 1.0, 2.0, 1.0, 1.0, 2.0, 1.0, 1.0, 2.0, 2.0, 2.0, 3.0, 1.0, 3.0, 2.0, 1.0, 1.0, 1.0, 2.0, 1.0, 1.0, 2.0, 1.0, 1.0, 1.0, 1.0, 1.0, 2.0, 2.0, 1.0, 2.0, 1.0, 1.0, 1.0], [3.0, 3.0, 1.0, 2.0, 3.0, 2.0, 1.0, 2.0, 1.0, 0.0, 1.0, 1.0, 1.0, 2.0, 2.0, 1.0, 1.0, 2.0, 1.0, 2.0, 1.0, 2.0, 1.0, 3.0, 0.0, 1.0, 1.0, 2.0, 1.0, 1.0, 2.0, 2.0, 1.0, 1.0, 2.0, 3.0, 1.0, 1.0, 2.0, 2.0, 2.0, 2.0], [3.0, 3.0, 2.0, 3.0, 4.0, 3.0, 3.0, 3.0, 2.0, 1.0, 0.0, 2.0, 1.0, 3.0, 4.0, 3.0, 2.0, 3.0, 1.0, 3.0, 2.0, 1.0, 0.0, 4.0, 2.0, 3.0, 2.0, 4.0, 2.0, 1.0, 4.0, 3.0, 2.0, 2.0, 4.0, 4.0, 0.0, 2.0, 2.0, 4.0, 3.0, 3.0], [4.0, 4.0, 1.0, 1.0, 2.0, 2.0, 1.0, 3.0, 1.0, 1.0, 2.0, 0.0, 0.0, 2.0, 2.0, 2.0, 2.0, 2.0, 1.0, 3.0, 1.0, 2.0, 1.0, 2.0, 0.0, 1.0, 2.0, 2.0, 1.0, 2.0, 2.0, 1.0, 1.0, 1.0, 2.0, 3.0, 1.0, 1.0, 1.0, 2.0, 2.0, 2.0], [4.0, 4.0, 1.0, 1.0, 3.0, 3.0, 2.0, 3.0, 1.0, 1.0, 1.0, 0.0, 0.0, 2.0, 2.0, 2.0, 2.0, 2.0, 1.0, 3.0, 1.0, 2.0, 1.0, 2.0, 1.0, 2.0, 2.0, 2.0, 1.0, 1.0, 3.0, 1.0, 1.0, 1.0, 2.0, 3.0, 1.0, 1.0, 1.0, 2.0, 2.0, 2.0], [5.0, 5.0, 2.0, 0.0, 1.0, 3.0, 2.0, 4.0, 2.0, 2.0, 3.0, 2.0, 2.0, 0.0, 2.0, 3.0, 4.0, 3.0, 3.0, 4.0, 2.0, 3.0, 3.0, 1.0, 2.0, 2.0, 3.0, 2.0, 1.0, 3.0, 3.0, 1.0, 3.0, 2.0, 1.0, 3.0, 3.0, 1.0, 1.0, 3.0, 3.0, 3.0], [4.0, 4.0, 1.0, 2.0, 2.0, 1.0, 1.0, 3.0, 1.0, 2.0, 4.0, 2.0, 2.0, 2.0, 0.0, 1.0, 3.0, 1.0, 3.0, 3.0, 1.0, 4.0, 3.0, 1.0, 2.0, 1.0, 2.0, 1.0, 2.0, 3.0, 0.0, 2.0, 2.0, 2.0, 1.0, 1.0, 3.0, 2.0, 3.0, 0.0, 1.0, 1.0], [3.0, 3.0, 1.0, 2.0, 3.0, 1.0, 1.0, 1.0, 1.0, 1.0, 3.0, 2.0, 2.0, 3.0, 1.0, 0.0, 1.0, 0.0, 2.0, 2.0, 1.0, 4.0, 3.0, 2.0, 1.0, 1.0, 1.0, 2.0, 2.0, 2.0, 1.0, 2.0, 1.0, 1.0, 2.0, 2.0, 2.0, 2.0, 3.0, 1.0, 0.0, 0.0], [2.0, 2.0, 2.0, 3.0, 4.0, 2.0, 2.0, 1.0, 2.0, 1.0, 2.0, 2.0, 2.0, 4.0, 3.0, 1.0, 0.0, 1.0, 1.0, 0.0, 2.0, 3.0, 3.0, 4.0, 2.0, 2.0, 0.0, 3.0, 3.0, 1.0, 3.0, 3.0, 1.0, 2.0, 3.0, 3.0, 2.0, 3.0, 3.0, 3.0, 2.0, 2.0], [3.0, 3.0, 2.0, 3.0, 3.0, 0.0, 1.0, 1.0, 2.0, 2.0, 3.0, 2.0, 2.0, 3.0, 1.0, 0.0, 1.0, 0.0, 2.0, 2.0, 1.0, 4.0, 3.0, 3.0, 2.0, 1.0, 1.0, 2.0, 3.0, 2.0, 1.0, 3.0, 1.0, 1.0, 2.0, 2.0, 3.0, 2.0, 3.0, 1.0, 1.0, 0.0], [2.0, 2.0, 2.0, 3.0, 4.0, 2.0, 2.0, 2.0, 2.0, 1.0, 1.0, 1.0, 1.0, 3.0, 3.0, 2.0, 1.0, 2.0, 0.0, 1.0, 1.0, 2.0, 2.0, 3.0, 1.0, 2.0, 1.0, 3.0, 2.0, 1.0, 3.0, 2.0, 1.0, 1.0, 3.0, 3.0, 1.0, 2.0, 2.0, 3.0, 2.0, 2.0], [1.0, 1.0, 3.0, 4.0, 5.0, 2.0, 2.0, 1.0, 3.0, 2.0, 3.0, 3.0, 3.0, 4.0, 3.0, 2.0, 0.0, 2.0, 1.0, 0.0, 2.0, 3.0, 3.0, 4.0, 2.0, 2.0, 1.0, 4.0, 3.0, 2.0, 3.0, 3.0, 2.0, 2.0, 4.0, 4.0, 2.0, 3.0, 4.0, 3.0, 2.0, 2.0], [3.0, 3.0, 1.0, 2.0, 3.0, 1.0, 0.0, 2.0, 1.0, 1.0, 2.0, 1.0, 1.0, 2.0, 1.0, 1.0, 2.0, 1.0, 1.0, 2.0, 0.0, 3.0, 2.0, 2.0, 1.0, 0.0, 1.0, 2.0, 1.0, 2.0, 1.0, 1.0, 0.0, 0.0, 2.0, 2.0, 2.0, 1.0, 2.0, 1.0, 1.0, 1.0], [4.0, 4.0, 3.0, 3.0, 4.0, 4.0, 3.0, 4.0, 3.0, 2.0, 1.0, 2.0, 2.0, 3.0, 4.0, 4.0, 3.0, 4.0, 2.0, 3.0, 3.0, 0.0, 1.0, 4.0, 2.0, 3.0, 3.0, 4.0, 2.0, 2.0, 4.0, 3.0, 3.0, 3.0, 4.0, 5.0, 1.0, 2.0, 2.0, 4.0, 4.0, 4.0], [4.0, 4.0, 2.0, 2.0, 3.0, 3.0, 2.0, 3.0, 2.0, 1.0, 0.0, 1.0, 1.0, 3.0, 3.0, 3.0, 3.0, 3.0, 2.0, 3.0, 2.0, 1.0, 0.0, 3.0, 1.0, 3.0, 2.0, 3.0, 2.0, 1.0, 4.0, 2.0, 2.0, 2.0, 3.0, 4.0, 1.0, 2.0, 2.0, 3.0, 3.0, 3.0], [5.0, 5.0, 1.0, 2.0, 1.0, 3.0, 2.0, 4.0, 1.0, 3.0, 4.0, 2.0, 2.0, 1.0, 1.0, 2.0, 4.0, 3.0, 3.0, 4.0, 2.0, 4.0, 3.0, 0.0, 2.0, 2.0, 3.0, 0.0, 2.0, 4.0, 1.0, 1.0, 2.0, 2.0, 0.0, 2.0, 3.0, 2.0, 2.0, 2.0, 2.0, 2.0], [3.0, 3.0, 1.0, 2.0, 3.0, 2.0, 1.0, 2.0, 1.0, 0.0, 2.0, 0.0, 1.0, 2.0, 2.0, 1.0, 2.0, 2.0, 1.0, 2.0, 1.0, 2.0, 1.0, 2.0, 0.0, 1.0, 1.0, 2.0, 1.0, 1.0, 2.0, 1.0, 1.0, 0.0, 2.0, 3.0, 1.0, 1.0, 1.0, 2.0, 2.0, 2.0], [4.0, 4.0, 1.0, 2.0, 2.0, 1.0, 0.0, 2.0, 1.0, 1.0, 3.0, 1.0, 2.0, 2.0, 1.0, 1.0, 2.0, 1.0, 2.0, 2.0, 0.0, 3.0, 3.0, 2.0, 1.0, 0.0, 1.0, 1.0, 2.0, 2.0, 1.0, 2.0, 1.0, 1.0, 1.0, 2.0, 2.0, 1.0, 2.0, 1.0, 1.0, 1.0], [2.0, 2.0, 2.0, 3.0, 4.0, 2.0, 1.0, 1.0, 2.0, 1.0, 2.0, 2.0, 2.0, 3.0, 2.0, 1.0, 0.0, 1.0, 1.0, 1.0, 1.0, 3.0, 2.0, 3.0, 1.0, 1.0, 0.0, 3.0, 2.0, 1.0, 2.0, 3.0, 1.0, 1.0, 3.0, 3.0, 2.0, 2.0, 3.0, 2.0, 1.0, 1.0], [5.0, 5.0, 1.0, 2.0, 1.0, 2.0, 1.0, 3.0, 1.0, 2.0, 4.0, 2.0, 2.0, 2.0, 1.0, 2.0, 3.0, 2.0, 3.0, 4.0, 2.0, 4.0, 3.0, 0.0, 2.0, 1.0, 3.0, 0.0, 2.0, 3.0, 1.0, 1.0, 2.0, 2.0, 0.0, 1.0, 3.0, 2.0, 2.0, 1.0, 2.0, 2.0], [4.0, 4.0, 1.0, 1.0, 2.0, 3.0, 2.0, 3.0, 1.0, 1.0, 2.0, 1.0, 1.0, 1.0, 2.0, 2.0, 3.0, 3.0, 2.0, 3.0, 1.0, 2.0, 2.0, 2.0, 1.0, 2.0, 2.0, 2.0, 0.0, 2.0, 2.0, 1.0, 2.0, 1.0, 2.0, 3.0, 2.0, 0.0, 0.0, 2.0, 2.0, 3.0], [2.0, 2.0, 2.0, 3.0, 4.0, 3.0, 2.0, 2.0, 2.0, 1.0, 1.0, 2.0, 1.0, 3.0, 3.0, 2.0, 1.0, 2.0, 1.0, 2.0, 2.0, 2.0, 1.0, 4.0, 1.0, 2.0, 1.0, 3.0, 2.0, 0.0, 3.0, 3.0, 2.0, 2.0, 3.0, 4.0, 1.0, 2.0, 2.0, 3.0, 3.0, 3.0], [4.0, 4.0, 1.0, 2.0, 2.0, 1.0, 1.0, 2.0, 1.0, 2.0, 4.0, 2.0, 3.0, 3.0, 0.0, 1.0, 3.0, 1.0, 3.0, 3.0, 1.0, 4.0, 4.0, 1.0, 2.0, 1.0, 2.0, 1.0, 2.0, 3.0, 0.0, 2.0, 2.0, 2.0, 1.0, 1.0, 3.0, 2.0, 3.0, 0.0, 1.0, 1.0], [5.0, 5.0, 1.0, 0.0, 1.0, 3.0, 2.0, 3.0, 1.0, 2.0, 3.0, 1.0, 1.0, 1.0, 2.0, 2.0, 3.0, 3.0, 2.0, 3.0, 1.0, 3.0, 2.0, 1.0, 1.0, 2.0, 3.0, 1.0, 1.0, 3.0, 2.0, 0.0, 2.0, 1.0, 1.0, 3.0, 2.0, 1.0, 1.0, 2.0, 2.0, 2.0], [3.0, 3.0, 1.0, 2.0, 3.0, 1.0, 1.0, 1.0, 1.0, 1.0, 2.0, 1.0, 1.0, 3.0, 2.0, 1.0, 1.0, 1.0, 1.0, 2.0, 0.0, 3.0, 2.0, 2.0, 1.0, 1.0, 1.0, 2.0, 2.0, 2.0, 2.0, 2.0, 0.0, 1.0, 2.0, 2.0, 2.0, 2.0, 2.0, 2.0, 1.0, 1.0], [3.0, 3.0, 1.0, 2.0, 3.0, 2.0, 1.0, 2.0, 1.0, 1.0, 2.0, 1.0, 1.0, 2.0, 2.0, 1.0, 2.0, 1.0, 1.0, 2.0, 0.0, 3.0, 2.0, 2.0, 0.0, 1.0, 1.0, 2.0, 1.0, 2.0, 2.0, 1.0, 1.0, 0.0, 2.0, 2.0, 2.0, 1.0, 2.0, 2.0, 1.0, 1.0], [5.0, 5.0, 1.0, 1.0, 1.0, 2.0, 1.0, 3.0, 1.0, 2.0, 4.0, 2.0, 2.0, 1.0, 1.0, 2.0, 3.0, 2.0, 3.0, 4.0, 2.0, 4.0, 3.0, 0.0, 2.0, 1.0, 3.0, 0.0, 2.0, 3.0, 1.0, 1.0, 2.0, 2.0, 0.0, 1.0, 3.0, 2.0, 2.0, 1.0, 2.0, 2.0], [5.0, 5.0, 2.0, 3.0, 3.0, 2.0, 2.0, 3.0, 2.0, 3.0, 4.0, 3.0, 3.0, 3.0, 1.0, 2.0, 3.0, 2.0, 3.0, 4.0, 2.0, 5.0, 4.0, 2.0, 3.0, 2.0, 3.0, 1.0, 3.0, 4.0, 1.0, 3.0, 2.0, 2.0, 1.0, 0.0, 4.0, 3.0, 3.0, 1.0, 1.0, 1.0], [3.0, 3.0, 2.0, 2.0, 4.0, 3.0, 2.0, 3.0, 2.0, 1.0, 0.0, 1.0, 1.0, 3.0, 3.0, 2.0, 2.0, 3.0, 1.0, 2.0, 2.0, 1.0, 1.0, 3.0, 1.0, 2.0, 2.0, 3.0, 2.0, 1.0, 3.0, 2.0, 2.0, 2.0, 3.0, 4.0, 0.0, 2.0, 2.0, 3.0, 3.0, 3.0], [4.0, 4.0, 1.0, 1.0, 2.0, 3.0, 1.0, 3.0, 1.0, 1.0, 2.0, 1.0, 1.0, 1.0, 2.0, 2.0, 3.0, 2.0, 2.0, 3.0, 1.0, 2.0, 2.0, 2.0, 1.0, 1.0, 2.0, 2.0, 0.0, 2.0, 2.0, 1.0, 2.0, 1.0, 2.0, 3.0, 2.0, 0.0, 1.0, 2.0, 2.0, 2.0], [5.0, 5.0, 1.0, 1.0, 2.0, 3.0, 2.0, 4.0, 2.0, 2.0, 2.0, 1.0, 1.0, 1.0, 3.0, 3.0, 3.0, 3.0, 2.0, 4.0, 2.0, 2.0, 2.0, 2.0, 1.0, 2.0, 3.0, 2.0, 0.0, 2.0, 3.0, 1.0, 2.0, 2.0, 2.0, 3.0, 2.0, 1.0, 0.0, 3.0, 3.0, 3.0], [4.0, 4.0, 1.0, 2.0, 2.0, 1.0, 1.0, 2.0, 1.0, 2.0, 4.0, 2.0, 2.0, 3.0, 0.0, 1.0, 3.0, 1.0, 3.0, 3.0, 1.0, 4.0, 3.0, 2.0, 2.0, 1.0, 2.0, 1.0, 2.0, 3.0, 0.0, 2.0, 2.0, 2.0, 1.0, 1.0, 3.0, 2.0, 3.0, 0.0, 1.0, 1.0], [3.0, 3.0, 1.0, 3.0, 3.0, 0.0, 1.0, 2.0, 1.0, 2.0, 3.0, 2.0, 2.0, 3.0, 1.0, 0.0, 2.0, 1.0, 2.0, 2.0, 1.0, 4.0, 3.0, 2.0, 2.0, 1.0, 1.0, 2.0, 2.0, 3.0, 1.0, 2.0, 1.0, 1.0, 2.0, 1.0, 3.0, 2.0, 3.0, 1.0, 0.0, 0.0], [3.0, 3.0, 2.0, 3.0, 3.0, 0.0, 1.0, 2.0, 1.0, 2.0, 3.0, 2.0, 2.0, 3.0, 1.0, 0.0, 2.0, 0.0, 2.0, 2.0, 1.0, 4.0, 3.0, 2.0, 2.0, 1.0, 1.0, 2.0, 3.0, 3.0, 1.0, 2.0, 1.0, 1.0, 2.0, 1.0, 3.0, 2.0, 3.0, 1.0, 0.0, 0.0]]
