100 5651.41 0 1680 1 1680
[318.94, 931.11, 6421.38, 6263.38, 9550.0, 3205.97, 9061.67, 9074.08, 7563.0, 3739.83, 1954.75, 9830.27, 7029.26, 1813.86, 8510.17, 2557.17, 5765.08, 6534.5, 1306.26, 1521.91, 2862.74, 1936.73, 5687.25, 2432.8, 6171.49, 711.3, 2969.68, 8318.73, 9598.72, 3798.2, 5169.35, 7618.17, 6048.25, 9827.28, 8566.59, 8523.19, 4708.97, 1474.11, 9368.62, 3138.33, 6327.92, 5938.48, 6321.48, 4309.49, 8343.43, 427.36, 2813.22, 7473.11, 7199.19, 8546.94, 3789.02, 8676.08, 1471.59, 379.66, 8371.33, 1603.52, 6400.86, 2520.97, 5268.32, 5695.92, 3007.8, 6411.87, 6974.87, 3709.87, 6034.17, 3214.29, 5383.92, 8446.97, 7530.55, 4923.18, 803.78, 3781.06, 8486.36, 9853.84, 6368.93, 6066.28, 451.9, 153.3, 204.68, 9094.47, 8123.5, 762.26, 4107.59, 987.93, 7059.82, 3868.66, 1569.78, 9749.64, 828.75, 8021.96, 8414.32, 3221.74, 1647.32, 558.0, 390.84, 9296.12, 5384.27, 233.93, 9145.06, 4191.61]
[1829.41, 6744.05, 2484.23, 4314.95, 2379.05, 3267.19, 1896.28, 8426.67, 7720.51, 1751.67, 5189.1, 4179.76, 2662.26, 4174.92, 1921.0, 7511.93, 1910.68, 2727.37, 1499.42, 3025.59, 7270.21, 2688.38, 6432.11, 5542.27, 8056.71, 5616.06, 3043.75, 2078.2, 4543.26, 5778.52, 5241.72, 3177.98, 5392.4, 4528.79, 4583.93, 1450.93, 7929.42, 8293.34, 7000.19, 3885.23, 3090.89, 6759.22, 5781.25, 2430.76, 4812.79, 1337.8, 2481.09, 3180.59, 2847.12, 4126.11, 5584.43, 7481.0, 7287.86, 3577.26, 8776.22, 8528.18, 4273.63, 3652.5, 1659.02, 2006.77, 2126.54, 4413.02, 7616.0, 7969.48, 8005.61, 7478.89, 7387.86, 5261.63, 2593.06, 1237.19, 7372.56, 5893.11, 7805.2, 6370.15, 3499.54, 8992.21, 7236.08, 4508.45, 4166.19, 3262.47, 8304.14, 1279.05, 8870.93, 3850.25, 5635.15, 2897.81, 4754.34, 8756.63, 5064.57, 5218.21, 2008.67, 2003.92, 6033.71, 4180.14, 3346.01, 1888.49, 5915.67, 8139.15, 2142.84, 7713.33]
[1, 1, 6, 6, 9, 3, 9, 9, 7, 4, 2, 9, 7, 2, 8, 3, 6, 6, 2, 2, 3, 2, 6, 3, 6, 1, 3, 8, 9, 4, 5, 7, 6, 9, 8, 8, 5, 2, 9, 3, 6, 6, 6, 4, 8, 1, 3, 7, 7, 8, 4, 8, 2, 1, 8, 2, 6, 3, 5, 6, 3, 6, 7, 4, 6, 3, 5, 8, 7, 5, 1, 4, 8, 9, 6, 6, 1, 1, 1, 9, 8, 1, 4, 1, 7, 4, 2, 9, 1, 8, 8, 3, 2, 1, 1, 9, 5, 1, 9, 4]
[1, 2, 3, 4, 5, 6, 7, 8, 9, 10, 11, 12, 13, 14, 15, 16, 17, 18, 19, 20, 21, 22, 23, 24, 25, 26, 27, 28, 29, 30, 31, 32, 33, 34, 35, 36, 37, 38, 39, 40, 41, 42, 43, 44, 45, 46, 47, 48, 49, 50, 51, 52, 53, 54, 55, 56, 57, 58, 59, 60, 61, 62, 63, 64, 65, 66, 67, 68, 69, 70, 71, 72, 73, 74, 75, 76, 77, 78, 79, 80, 81, 82, 83, 84, 85, 86, 87, 88, 89, 90, 91, 92, 93, 94, 95, 96, 97, 98, 99, 100]
[3, 3, 3, 3, 2, 3, 2, 2, 3, 3, 1, 2, 3, 1, 2, 3, 3, 3, 1, 1, 3, 1, 3, 3, 3, 3, 3, 2, 2, 3, 3, 3, 3, 2, 2, 2, 3, 1, 2, 3, 3, 3, 3, 3, 2, 3, 3, 3, 3, 2, 3, 2, 1, 3, 2, 1, 3, 3, 3, 3, 3, 3, 3, 3, 3, 3, 3, 2, 3, 3, 3, 3, 2, 2, 3, 3, 3, 3, 3, 2, 2, 3, 3, 3, 3, 3, 1, 2, 3, 2, 2, 3, 1, 3, 3, 2, 3, 3, 2, 3]
[3, 3, 3, 3, 3, 3, 3, 3, 1, 3, 2, 3, 1, 2, 2, 3, 3, 3, 2, 2, 3, 2, 3, 3, 3, 3, 3, 2, 3, 3, 3, 1, 3, 3, 2, 2, 3, 2, 3, 3, 3, 3, 3, 3, 2, 3, 3, 1, 1, 2, 3, 2, 2, 3, 2, 2, 3, 3, 3, 3, 3, 3, 1, 3, 3, 3, 3, 2, 1, 3, 3, 3, 2, 3, 3, 3, 3, 3, 3, 3, 2, 3, 3, 3, 1, 3, 2, 3, 3, 2, 2, 3, 2, 3, 3, 3, 3, 3, 3, 3]
[10, 10, 4, 3, 4, 5, 7, 2, 1, 4, 10, 10, 3, 10, 6, 8, 5, 1, 6, 4, 7, 2, 5, 7, 7, 1, 9, 2, 10, 6, 9, 3, 2, 9, 9, 3, 6, 6, 6, 10, 6, 7, 4, 1, 3, 2, 4, 10, 6, 9, 4, 7, 10, 5, 9, 5, 3, 3, 7, 1, 3, 9, 3, 8, 6, 1, 1, 5, 3, 8, 7, 6, 5, 9, 4, 1, 8, 3, 10, 3, 2, 1, 10, 7, 3, 1, 5, 7, 7, 1, 4, 1, 10, 8, 10, 3, 10, 10, 7, 3]
[3993.22, 3720.5, 4122.67, 3241.63, 4302.25, 4520.74, 4198.51, 4493.72, 3469.57, 4225.33, 4064.82, 3902.76, 3273.96, 3934.92, 4024.86, 4002.38, 4465.62, 3295.35, 3903.53, 4549.06, 4178.33, 4430.75, 4461.29, 4239.45, 4179.8, 3272.78, 4067.13, 4455.23, 3738.28, 3952.17, 4148.13, 3409.03, 4463.91, 4106.7, 4128.84, 3928.3, 4050.85, 3904.83, 3927.72, 3812.53, 3985.19, 4224.73, 4196.21, 3469.16, 3978.96, 4460.0, 4372.23, 4129.01, 3928.07, 4032.56, 4491.09, 4201.48, 3936.58, 4516.37, 4095.31, 4484.83, 3688.45, 3705.04, 4181.23, 3173.29, 3890.78, 4051.07, 3758.67, 4549.43, 3901.8, 3500.63, 3052.49, 4306.06, 3528.32, 4553.3, 4235.86, 3956.2, 4172.36, 3998.9, 4229.85, 3554.26, 4675.36, 3750.94, 3936.02, 3884.57, 4491.12, 3109.78, 3780.7, 4181.51, 3480.21, 3135.93, 4162.06, 4199.94, 4227.14, 3496.97, 4498.32, 3436.06, 4088.49, 4476.63, 3976.46, 3398.47, 3844.87, 4120.4, 4186.19, 3890.13]
[0.03, 0.02, 0.99, 0.68, 0.94, 0.94, 0.48, 0.33, 0.57, 0.98, 0.01, 0.04, 0.77, 0.03, 0.04, 0.33, 0.92, 0.28, 0.04, 0.95, 0.4, 0.55, 0.95, 0.41, 0.4, 0.54, 0.61, 0.73, 0.03, 0.04, 0.6, 0.84, 0.82, 0.61, 0.61, 0.8, 0.04, 0.04, 0.03, 0.03, 0.03, 0.4, 0.97, 0.26, 0.9, 0.41, 0.98, 0.04, 0.03, 0.6, 0.94, 0.51, 0.02, 0.94, 0.61, 0.94, 0.9, 0.84, 0.48, 0.29, 0.81, 0.61, 0.84, 0.49, 0.04, 0.23, 0.42, 0.96, 0.84, 0.6, 0.44, 0.04, 0.96, 0.61, 0.94, 0.54, 0.25, 0.73, 0.05, 0.75, 0.87, 0.66, 0.02, 0.49, 0.87, 0.53, 0.97, 0.42, 0.42, 0.78, 0.98, 0.58, 0.02, 0.72, 0.03, 0.8, 0.02, 0.02, 0.48, 0.76]
[1.01, 0.67, 0.91, 0.94, 0.61, 0.88, 0.57, 0.88, 0.51, 0.76, 0.62, 1.06, 0.83, 0.93, 0.66, 0.77, 0.68, 0.7, 0.74, 0.77, 0.63, 0.65, 0.52, 0.54, 0.88, 0.61, 0.97, 0.55, 0.76, 0.73, 0.87, 0.99, 1.08, 1.0, 1.03, 0.77, 0.85, 0.79, 0.84, 0.83, 0.5, 0.51, 1.0, 1.0, 1.04, 0.86, 0.87, 0.93, 1.08, 0.8, 0.85, 0.56, 0.61, 0.89, 0.64, 1.08, 1.02, 0.54, 0.79, 0.92, 0.7, 0.67, 0.64, 1.06, 0.55, 0.94, 0.76, 0.56, 0.83, 0.67, 0.99, 1.08, 0.74, 0.76, 0.82, 0.7, 0.99, 0.73, 0.52, 0.92, 1.06, 0.69, 0.86, 0.52, 0.94, 0.94, 0.84, 1.04, 0.92, 1.05, 0.74, 0.56, 0.75, 0.92, 0.92, 0.83, 0.68, 0.51, 0.56, 0.94]
[0.7, 1.06, 0.56, 0.58, 0.83, 0.52, 0.83, 0.73, 0.88, 0.85, 0.57, 0.71, 0.9, 0.78, 0.65, 1.06, 0.61, 0.84, 1.06, 1.05, 0.83, 0.74, 1.09, 0.56, 1.04, 1.05, 0.89, 0.91, 0.75, 0.88, 0.6, 0.99, 0.78, 0.98, 0.55, 0.99, 0.74, 0.5, 0.99, 0.98, 0.83, 0.53, 1.06, 0.93, 0.67, 0.95, 0.56, 0.75, 0.97, 0.72, 0.85, 0.66, 0.62, 0.75, 0.86, 0.58, 0.95, 1.09, 0.65, 1.0, 0.67, 0.93, 0.71, 1.03, 0.76, 1.03, 0.85, 0.61, 0.59, 0.67, 0.8, 0.9, 0.97, 0.83, 0.54, 0.92, 0.81, 0.6, 0.8, 0.55, 0.6, 0.54, 0.57, 0.59, 0.55, 1.09, 1.02, 1.02, 0.59, 0.67, 0.53, 0.71, 1.07, 0.77, 0.89, 0.86, 0.7, 0.62, 0.85, 0.68]
[0.84, 0.7, 1.0, 1.05, 0.63, 0.98, 0.97, 0.56, 0.67, 0.81, 0.68, 0.7, 0.52, 0.97, 1.05, 0.71, 0.75, 0.74, 0.9, 0.67, 0.9, 0.59, 0.69, 0.69, 0.81, 1.01, 1.08, 0.69, 0.71, 0.78, 0.54, 0.57, 0.83, 1.02, 1.02, 0.6, 0.8, 0.98, 0.63, 0.81, 0.74, 1.1, 0.58, 0.83, 0.5, 0.64, 0.82, 0.66, 0.64, 0.98, 0.67, 0.53, 0.71, 0.65, 0.91, 0.67, 0.54, 0.63, 0.9, 0.67, 0.81, 0.82, 0.85, 0.77, 0.99, 0.79, 0.61, 0.8, 0.65, 0.77, 0.83, 0.99, 0.78, 1.01, 0.79, 0.74, 0.92, 0.52, 0.99, 1.02, 0.85, 0.68, 0.67, 0.92, 0.86, 0.63, 0.63, 0.88, 0.62, 0.55, 0.52, 0.97, 0.91, 0.55, 0.73, 0.7, 1.0, 0.58, 0.53, 0.74]
[0.54, 0.63, 0.71, 0.68, 1.1, 0.98, 1.01, 0.77, 1.07, 1.02, 0.7, 0.71, 0.8, 0.98, 0.96, 0.82, 0.84, 0.5, 1.02, 1.07, 0.68, 0.56, 0.84, 0.76, 1.05, 0.94, 0.83, 0.99, 1.1, 0.87, 0.79, 0.66, 0.66, 0.81, 0.84, 0.74, 0.88, 1.0, 1.01, 1.06, 0.87, 0.56, 0.62, 0.56, 0.79, 0.8, 0.77, 0.91, 0.94, 0.6, 0.95, 0.72, 0.79, 0.93, 0.72, 0.86, 1.02, 0.66, 0.54, 0.94, 0.59, 0.9, 0.92, 0.73, 1.04, 0.76, 1.02, 0.88, 0.98, 0.96, 1.07, 0.85, 0.94, 0.66, 1.01, 0.74, 0.88, 0.85, 0.76, 1.02, 0.73, 0.92, 0.97, 0.51, 0.68, 1.0, 0.73, 0.51, 0.57, 0.86, 0.59, 0.78, 0.63, 0.62, 0.64, 0.87, 0.6, 0.76, 0.71, 0.9]
[0.52, 0.55, 0.8, 0.57, 0.73, 0.89, 0.8, 1.06, 0.86, 0.97, 0.8, 0.95, 0.72, 0.78, 0.59, 0.65, 0.99, 0.63, 0.52, 0.54, 0.69, 1.08, 0.65, 1.0, 1.02, 0.82, 0.85, 0.75, 0.96, 0.58, 0.55, 0.99, 1.05, 1.09, 0.88, 0.9, 0.61, 0.7, 0.77, 0.71, 0.55, 0.94, 0.86, 1.04, 0.99, 0.61, 0.7, 0.78, 0.57, 0.59, 0.76, 0.85, 0.51, 0.67, 0.69, 1.1, 0.71, 0.58, 0.75, 1.08, 0.65, 1.01, 0.75, 0.62, 1.1, 0.57, 1.06, 0.58, 1.03, 0.52, 0.87, 0.59, 0.93, 0.55, 0.52, 0.89, 0.55, 0.98, 0.94, 0.82, 0.59, 0.83, 0.51, 1.07, 0.99, 0.92, 0.57, 0.52, 1.09, 0.61, 1.04, 1.06, 0.55, 1.05, 0.82, 0.83, 0.97, 0.84, 0.71, 0.66]
[0.17, 0.17, 0.29, 0.22, 0.26, 0.4, 0.37, 0.29, 0.28, 0.52, 0.13, 0.36, 0.22, 0.54, 0.26, 0.31, 0.26, 0.14, 0.37, 0.31, 0.22, 0.17, 0.21, 0.16, 0.8, 0.49, 0.66, 0.26, 0.43, 0.26, 0.12, 0.36, 0.49, 0.89, 0.43, 0.3, 0.27, 0.27, 0.42, 0.5, 0.15, 0.16, 0.33, 0.44, 0.28, 0.26, 0.21, 0.33, 0.36, 0.2, 0.35, 0.12, 0.11, 0.27, 0.25, 0.4, 0.38, 0.14, 0.19, 0.63, 0.14, 0.47, 0.26, 0.38, 0.47, 0.33, 0.43, 0.14, 0.32, 0.17, 0.62, 0.48, 0.49, 0.23, 0.19, 0.31, 0.36, 0.19, 0.3, 0.43, 0.24, 0.19, 0.16, 0.15, 0.3, 0.59, 0.22, 0.25, 0.21, 0.21, 0.12, 0.32, 0.25, 0.25, 0.31, 0.36, 0.28, 0.12, 0.13, 0.28]
[639.26, 430.08, 1455.73, 878.86, 1811.02, 779.22, 1254.32, 402.23, 1545.6, 1733.6, 550.24, 585.24, 1021.27, 682.62, 850.3, 838.56, 793.67, 1557.16, 908.83, 1854.96, 1242.39, 433.56, 734.58, 937.83, 1419.5, 1445.12, 2200.83, 524.08, 439.49, 888.56, 1842.49, 1064.46, 562.13, 1800.4, 2333.73, 969.03, 700.9, 770.44, 1100.37, 696.78, 954.83, 976.75, 1843.62, 1240.53, 945.29, 405.29, 1780.61, 741.21, 856.34, 1421.79, 1557.03, 1135.64, 490.03, 939.32, 1939.94, 919.03, 897.03, 1112.57, 1227.76, 1681.41, 1073.11, 1728.15, 959.04, 622.26, 986.73, 1606.92, 1447.27, 813.39, 1040.2, 998.62, 1315.54, 664.35, 873.98, 1953.85, 1645.28, 1664.41, 738.15, 930.89, 416.27, 1163.6, 555.01, 1454.67, 527.8, 1365.08, 1115.83, 1596.6, 978.5, 1369.01, 868.2, 1660.78, 1863.94, 1733.14, 494.66, 875.67, 771.76, 915.7, 574.48, 599.06, 1110.66, 890.77]
[110.86, 76.81, 423.11, 189.74, 484.25, 287.94, 428.93, 123.48, 404.21, 920.59, 74.76, 233.92, 201.35, 379.11, 212.79, 267.94, 209.78, 217.02, 345.19, 632.67, 259.53, 68.32, 142.81, 160.12, 1173.94, 715.25, 1443.01, 132.3, 184.9, 215.02, 242.05, 384.01, 276.4, 1582.96, 1008.63, 273.57, 178.5, 213.84, 466.98, 347.18, 130.99, 161.65, 549.61, 533.64, 268.96, 100.66, 352.18, 256.7, 295.19, 287.96, 521.37, 163.92, 56.54, 250.09, 479.19, 365.66, 355.52, 168.26, 228.71, 1070.22, 166.28, 805.32, 240.44, 253.61, 437.56, 488.02, 607.78, 109.53, 308.28, 181.21, 793.54, 311.15, 438.46, 412.36, 325.9, 514.97, 249.41, 196.99, 117.42, 526.49, 137.37, 269.71, 94.07, 171.22, 368.53, 889.92, 234.74, 342.12, 191.89, 342.26, 234.01, 502.93, 121.2, 213.7, 244.48, 334.76, 163.2, 66.11, 136.42, 250.0]
[2696.31, 1650.4, 6778.65, 3894.3, 8555.09, 3396.1, 5771.61, 1511.14, 7228.02, 8168.01, 2251.18, 2426.21, 4606.37, 2913.12, 3751.48, 3692.78, 3468.35, 7285.8, 4044.14, 8774.82, 5711.94, 1667.78, 3172.91, 4189.17, 6597.51, 6725.61, 10504.16, 2120.41, 1697.43, 3942.81, 8712.47, 4822.29, 2310.67, 8501.99, 11168.67, 4345.16, 3004.49, 3352.2, 5001.85, 2983.89, 4274.14, 4383.73, 8718.09, 5702.64, 4226.47, 1526.44, 8403.04, 3206.03, 3781.69, 6608.97, 7285.16, 5178.22, 1950.14, 4196.58, 9199.72, 4095.16, 3985.13, 5062.86, 5638.8, 7907.05, 4865.53, 8140.76, 4295.19, 2611.29, 4433.64, 7534.61, 6736.36, 3566.93, 4701.0, 4493.09, 6077.69, 2821.74, 3869.9, 9269.23, 7726.4, 7822.07, 3190.74, 4154.45, 1581.33, 5318.0, 2275.07, 6773.36, 2139.02, 6325.38, 5079.17, 7482.98, 4392.49, 6345.05, 3840.99, 7803.89, 8819.71, 8165.71, 1973.29, 3878.35, 3358.78, 4078.49, 2372.39, 2495.31, 5053.31, 3953.86]
[54.3, -115.94, 1615.57, 448.7, 1921.24, 939.68, 1644.63, 117.38, 1521.05, 4102.97, -126.21, 669.6, 506.75, 1395.54, 563.97, 839.72, 548.89, 585.11, 1225.97, 2663.34, 797.63, -158.41, 214.06, 300.62, 5369.69, 3076.24, 6715.04, 161.5, 424.48, 575.1, 710.27, 1420.04, 881.98, 7414.8, 4543.15, 867.86, 392.52, 569.2, 1834.88, 1235.9, 154.93, 308.25, 2248.04, 2168.18, 844.78, 3.29, 1260.9, 783.52, 975.97, 939.78, 2106.84, 319.6, -217.32, 750.44, 1895.95, 1328.31, 1277.62, 341.29, 643.55, 4851.11, 331.39, 3526.59, 702.2, 768.05, 1687.8, 1940.08, 2538.88, 47.66, 1041.39, 406.05, 3467.68, 1055.77, 1692.31, 1561.82, 1129.51, 2074.87, 747.05, 484.95, 87.09, 2132.46, 186.87, 848.56, -29.64, 356.08, 1342.65, 3949.6, 673.69, 1210.6, 459.44, 1211.3, 670.03, 2014.64, 106.01, 568.52, 722.41, 1173.79, 316.01, -169.46, 182.11, 750.0]
[159.73, 148.82, 164.91, 129.67, 129.07, 180.83, 125.96, 134.81, 138.78, 169.01, 81.3, 117.08, 130.96, 78.7, 120.75, 160.1, 178.62, 131.81, 78.07, 90.98, 167.13, 88.61, 178.45, 169.58, 167.19, 130.91, 162.69, 133.66, 112.15, 158.09, 165.93, 136.36, 178.56, 123.2, 123.87, 117.85, 162.03, 78.1, 117.83, 152.5, 159.41, 168.99, 167.85, 138.77, 119.37, 178.4, 174.89, 165.16, 157.12, 120.98, 179.64, 126.04, 78.73, 180.65, 122.86, 89.7, 147.54, 148.2, 167.25, 126.93, 155.63, 162.04, 150.35, 181.98, 156.07, 140.03, 122.1, 129.18, 141.13, 182.13, 169.43, 158.25, 125.17, 119.97, 169.19, 142.17, 187.01, 150.04, 157.44, 116.54, 134.73, 124.39, 151.23, 167.26, 139.21, 125.44, 83.24, 126.0, 169.09, 104.91, 134.95, 137.44, 81.77, 179.07, 159.06, 101.95, 153.79, 164.82, 125.59, 155.61]
[239, 223, 247, 194, 172, 271, 167, 179, 208, 253, 81, 156, 196, 78, 160, 240, 267, 197, 78, 90, 250, 88, 267, 254, 250, 196, 244, 178, 149, 237, 248, 204, 267, 164, 165, 157, 243, 78, 157, 228, 239, 253, 251, 208, 159, 267, 262, 247, 235, 161, 269, 168, 78, 270, 163, 89, 221, 222, 250, 190, 233, 243, 225, 272, 234, 210, 183, 172, 211, 273, 254, 237, 166, 159, 253, 213, 280, 225, 236, 155, 179, 186, 226, 250, 208, 188, 83, 167, 253, 139, 179, 206, 81, 268, 238, 135, 230, 247, 167, 233]
[1464, 264, 1662, 371, 1116, 867, 1063, 172, 1261, 824, 7, 116, 867, 866, 898, 724, 648, 901, 821, 613, 892, 618, 1146, 1284, 1071, 1408, 386, 482, 1176, 737, 106, 59, 132, 256, 1466, 823, 1517, 903, 863, 123, 202, 130, 246, 886, 2, 837, 69, 546, 1216, 1646, 306, 211, 1555, 282, 985, 312, 1127, 294, 645, 303, 420, 885, 1189, 1101, 793, 1189, 408, 102, 1387, 389, 692, 1595, 1616, 342, 1162, 845, 1020, 685, 29, 719, 412, 79, 634, 1434, 1443, 1346, 1106, 1570, 306, 829, 121, 435, 1296, 502, 81, 1522, 1176, 1663, 1566, 336]
[1680, 1680, 1680, 1403, 1654, 1680, 1680, 1680, 1680, 1680, 360, 1302, 1680, 1680, 1680, 1680, 1680, 1680, 1266, 842, 1680, 1248, 1680, 1680, 1640, 1680, 1202, 1575, 1680, 1090, 736, 1492, 1596, 701, 1680, 1176, 1680, 1680, 1277, 507, 1680, 760, 1586, 1424, 1373, 1680, 1317, 1053, 1680, 1680, 1677, 749, 1680, 604, 1214, 1282, 1680, 523, 1522, 1026, 1680, 1680, 1480, 1546, 1331, 1680, 761, 825, 1680, 958, 1137, 1680, 1680, 1620, 1680, 1680, 1620, 1680, 567, 1226, 1680, 709, 1680, 1680, 1680, 1680, 1490, 1680, 1680, 997, 1060, 1680, 1680, 1564, 1545, 1680, 1344, 1680, 1680, 627]
2
[0.0, 0.0]
[10000.0, 10000.0]
[[0.0, 0.0, 111.0, 46.0, 135.0, 115.0, 166.0, 102.0, 166.0, 125.0, 108.0, 123.0, 71.0, 156.0, 138.0, 83.0, 160.0, 49.0, 135.0, 133.0, 117.0, 97.0, 54.0, 103.0, 91.0, 69.0, 88.0, 60.0, 103.0, 156.0, 150.0, 77.0, 96.0, 139.0, 104.0, 153.0, 138.0, 164.0, 70.0, 31.0, 134.0, 94.0, 128.0, 92.0, 103.0, 119.0, 134.0, 118.0, 109.0, 138.0, 138.0, 141.0, 79.0, 123.0, 42.0, 88.0, 115.0, 30.0, 117.0, 93.0, 134.0, 134.0, 115.0, 116.0, 100.0, 58.0, 87.0, 56.0, 81.0, 132.0, 144.0, 137.0, 37.0, 76.0, 119.0, 143.0, 124.0, 84.0, 38.0, 75.0, 79.0, 154.0, 113.0, 119.0, 58.0, 85.0, 113.0, 110.0, 75.0, 134.0, 68.0, 127.0, 158.0, 117.0, 58.0, 80.0, 91.0, 168.0, 92.0, 26.0, 164.0, 65.0], [0.0, 0.0, 111.0, 46.0, 135.0, 115.0, 166.0, 102.0, 166.0, 125.0, 108.0, 123.0, 71.0, 156.0, 138.0, 83.0, 160.0, 49.0, 135.0, 133.0, 117.0, 97.0, 54.0, 103.0, 91.0, 69.0, 88.0, 60.0, 103.0, 156.0, 150.0, 77.0, 96.0, 139.0, 104.0, 153.0, 138.0, 164.0, 70.0, 31.0, 134.0, 94.0, 128.0, 92.0, 103.0, 119.0, 134.0, 118.0, 109.0, 138.0, 138.0, 141.0, 79.0, 123.0, 42.0, 88.0, 115.0, 30.0, 117.0, 93.0, 134.0, 134.0, 115.0, 116.0, 100.0, 58.0, 87.0, 56.0, 81.0, 132.0, 144.0, 137.0, 37.0, 76.0, 119.0, 143.0, 124.0, 84.0, 38.0, 75.0, 79.0, 154.0, 113.0, 119.0, 58.0, 85.0, 113.0, 110.0, 75.0, 134.0, 68.0, 127.0, 158.0, 117.0, 58.0, 80.0, 91.0, 168.0, 92.0, 26.0, 164.0, 65.0], [111.0, 111.0, 0.0, 67.0, 84.0, 88.0, 126.0, 44.0, 119.0, 149.0, 127.0, 47.0, 51.0, 133.0, 92.0, 38.0, 112.0, 83.0, 74.0, 86.0, 14.0, 23.0, 82.0, 25.0, 96.0, 58.0, 116.0, 52.0, 40.0, 109.0, 132.0, 72.0, 81.0, 101.0, 92.0, 135.0, 118.0, 112.0, 102.0, 89.0, 142.0, 48.0, 84.0, 102.0, 98.0, 55.0, 117.0, 7.0, 35.0, 99.0, 95.0, 116.0, 70.0, 137.0, 76.0, 24.0, 145.0, 93.0, 89.0, 39.0, 67.0, 73.0, 37.0, 90.0, 120.0, 96.0, 115.0, 86.0, 102.0, 120.0, 99.0, 63.0, 76.0, 73.0, 138.0, 144.0, 85.0, 125.0, 74.0, 37.0, 32.0, 121.0, 138.0, 10.0, 109.0, 29.0, 105.0, 50.0, 43.0, 159.0, 45.0, 115.0, 110.0, 40.0, 60.0, 32.0, 21.0, 122.0, 89.0, 86.0, 120.0, 96.0], [46.0, 46.0, 67.0, 0.0, 95.0, 80.0, 132.0, 57.0, 129.0, 113.0, 91.0, 78.0, 25.0, 126.0, 100.0, 37.0, 122.0, 24.0, 93.0, 94.0, 72.0, 51.0, 27.0, 57.0, 65.0, 26.0, 74.0, 16.0, 58.0, 119.0, 122.0, 41.0, 61.0, 103.0, 72.0, 125.0, 108.0, 126.0, 54.0, 22.0, 115.0, 49.0, 89.0, 68.0, 75.0, 75.0, 104.0, 74.0, 63.0, 101.0, 100.0, 110.0, 42.0, 106.0, 10.0, 44.0, 105.0, 26.0, 82.0, 47.0, 91.0, 91.0, 69.0, 81.0, 83.0, 41.0, 72.0, 33.0, 61.0, 104.0, 106.0, 93.0, 9.0, 40.0, 104.0, 122.0, 86.0, 76.0, 9.0, 32.0, 36.0, 121.0, 100.0, 74.0, 52.0, 39.0, 85.0, 66.0, 28.0, 123.0, 23.0, 99.0, 121.0, 72.0, 14.0, 35.0, 47.0, 132.0, 62.0, 21.0, 128.0, 46.0], [135.0, 135.0, 84.0, 95.0, 0.0, 25.0, 43.0, 45.0, 37.0, 89.0, 73.0, 38.0, 71.0, 52.0, 9.0, 67.0, 29.0, 86.0, 12.0, 4.0, 71.0, 67.0, 81.0, 61.0, 55.0, 68.0, 76.0, 89.0, 48.0, 26.0, 52.0, 57.0, 41.0, 19.0, 40.0, 54.0, 41.0, 32.0, 78.0, 104.0, 73.0, 49.0, 8.0, 59.0, 45.0, 29.0, 41.0, 83.0, 49.0, 17.0, 12.0, 37.0, 55.0, 75.0, 94.0, 84.0, 90.0, 105.0, 24.0, 55.0, 19.0, 12.0, 47.0, 26.0, 70.0, 83.0, 75.0, 81.0, 68.0, 47.0, 15.0, 27.0, 101.0, 59.0, 78.0, 71.0, 14.0, 89.0, 104.0, 90.0, 88.0, 38.0, 83.0, 79.0, 92.0, 76.0, 44.0, 35.0, 73.0, 97.0, 84.0, 43.0, 28.0, 44.0, 81.0, 83.0, 83.0, 40.0, 49.0, 114.0, 37.0, 77.0], [115.0, 115.0, 88.0, 80.0, 25.0, 0.0, 52.0, 44.0, 50.0, 68.0, 50.0, 49.0, 60.0, 49.0, 25.0, 61.0, 45.0, 67.0, 33.0, 22.0, 78.0, 67.0, 61.0, 63.0, 30.0, 55.0, 51.0, 78.0, 48.0, 41.0, 46.0, 39.0, 20.0, 24.0, 15.0, 49.0, 32.0, 50.0, 54.0, 85.0, 56.0, 43.0, 17.0, 34.0, 20.0, 37.0, 29.0, 89.0, 53.0, 23.0, 24.0, 31.0, 38.0, 54.0, 77.0, 81.0, 67.0, 86.0, 2.0, 52.0, 39.0, 32.0, 53.0, 2.0, 46.0, 61.0, 50.0, 60.0, 44.0, 32.0, 29.0, 46.0, 85.0, 40.0, 56.0, 56.0, 11.0, 64.0, 89.0, 83.0, 83.0, 41.0, 60.0, 86.0, 69.0, 72.0, 21.0, 38.0, 64.0, 77.0, 75.0, 27.0, 43.0, 52.0, 67.0, 78.0, 81.0, 53.0, 25.0, 97.0, 49.0, 54.0], [166.0, 166.0, 126.0, 132.0, 43.0, 52.0, 0.0, 87.0, 9.0, 83.0, 78.0, 80.0, 110.0, 25.0, 35.0, 108.0, 15.0, 118.0, 52.0, 41.0, 113.0, 110.0, 113.0, 104.0, 76.0, 106.0, 90.0, 128.0, 90.0, 17.0, 29.0, 91.0, 71.0, 28.0, 63.0, 30.0, 33.0, 19.0, 100.0, 136.0, 63.0, 90.0, 45.0, 77.0, 64.0, 71.0, 37.0, 125.0, 92.0, 30.0, 33.0, 27.0, 90.0, 70.0, 129.0, 126.0, 89.0, 137.0, 50.0, 97.0, 59.0, 53.0, 89.0, 51.0, 79.0, 110.0, 90.0, 111.0, 89.0, 42.0, 28.0, 65.0, 137.0, 92.0, 75.0, 54.0, 46.0, 102.0, 140.0, 131.0, 130.0, 14.0, 83.0, 121.0, 115.0, 118.0, 56.0, 78.0, 113.0, 87.0, 124.0, 44.0, 16.0, 86.0, 119.0, 125.0, 125.0, 8.0, 74.0, 149.0, 6.0, 103.0], [102.0, 102.0, 44.0, 57.0, 45.0, 44.0, 87.0, 0.0, 82.0, 106.0, 85.0, 22.0, 31.0, 91.0, 53.0, 23.0, 75.0, 58.0, 39.0, 46.0, 35.0, 23.0, 55.0, 19.0, 55.0, 33.0, 77.0, 47.0, 4.0, 71.0, 89.0, 35.0, 38.0, 60.0, 48.0, 92.0, 75.0, 77.0, 67.0, 72.0, 98.0, 8.0, 43.0, 60.0, 55.0, 19.0, 73.0, 46.0, 12.0, 58.0, 55.0, 74.0, 33.0, 94.0, 60.0, 39.0, 103.0, 75.0, 46.0, 11.0, 36.0, 38.0, 16.0, 46.0, 78.0, 64.0, 75.0, 57.0, 63.0, 76.0, 60.0, 36.0, 65.0, 37.0, 95.0, 100.0, 43.0, 87.0, 66.0, 45.0, 43.0, 80.0, 96.0, 43.0, 77.0, 31.0, 62.0, 10.0, 30.0, 116.0, 41.0, 71.0, 73.0, 17.0, 43.0, 38.0, 38.0, 85.0, 47.0, 78.0, 82.0, 62.0], [166.0, 166.0, 119.0, 129.0, 37.0, 50.0, 9.0, 82.0, 0.0, 89.0, 82.0, 72.0, 107.0, 33.0, 30.0, 103.0, 8.0, 117.0, 45.0, 36.0, 106.0, 104.0, 112.0, 98.0, 77.0, 103.0, 93.0, 124.0, 84.0, 10.0, 37.0, 89.0, 70.0, 26.0, 63.0, 37.0, 37.0, 10.0, 101.0, 135.0, 70.0, 85.0, 41.0, 79.0, 65.0, 65.0, 41.0, 118.0, 85.0, 28.0, 28.0, 31.0, 88.0, 76.0, 127.0, 120.0, 94.0, 136.0, 49.0, 92.0, 52.0, 46.0, 82.0, 50.0, 83.0, 110.0, 93.0, 110.0, 90.0, 47.0, 23.0, 57.0, 135.0, 90.0, 81.0, 62.0, 43.0, 105.0, 138.0, 126.0, 125.0, 19.0, 88.0, 113.0, 116.0, 113.0, 58.0, 72.0, 109.0, 94.0, 120.0, 47.0, 9.0, 80.0, 116.0, 120.0, 120.0, 3.0, 74.0, 147.0, 4.0, 103.0], [125.0, 125.0, 149.0, 113.0, 89.0, 68.0, 83.0, 106.0, 89.0, 0.0, 23.0, 116.0, 106.0, 59.0, 83.0, 115.0, 89.0, 90.0, 100.0, 85.0, 142.0, 126.0, 86.0, 125.0, 54.0, 99.0, 40.0, 120.0, 111.0, 87.0, 53.0, 80.0, 69.0, 74.0, 58.0, 54.0, 53.0, 95.0, 60.0, 104.0, 20.0, 102.0, 82.0, 48.0, 52.0, 104.0, 50.0, 152.0, 118.0, 75.0, 80.0, 59.0, 82.0, 14.0, 105.0, 136.0, 11.0, 102.0, 67.0, 110.0, 106.0, 99.0, 119.0, 66.0, 31.0, 73.0, 42.0, 81.0, 52.0, 44.0, 82.0, 113.0, 114.0, 80.0, 12.0, 30.0, 77.0, 42.0, 119.0, 133.0, 134.0, 70.0, 13.0, 149.0, 68.0, 127.0, 47.0, 103.0, 114.0, 10.0, 121.0, 46.0, 88.0, 118.0, 106.0, 130.0, 137.0, 89.0, 61.0, 120.0, 86.0, 67.0], [108.0, 108.0, 127.0, 91.0, 73.0, 50.0, 78.0, 85.0, 82.0, 23.0, 0.0, 97.0, 84.0, 57.0, 69.0, 92.0, 80.0, 68.0, 83.0, 69.0, 120.0, 104.0, 64.0, 103.0, 31.0, 76.0, 19.0, 98.0, 89.0, 78.0, 51.0, 58.0, 47.0, 62.0, 38.0, 53.0, 45.0, 86.0, 39.0, 83.0, 26.0, 80.0, 65.0, 26.0, 31.0, 85.0, 41.0, 130.0, 96.0, 62.0, 67.0, 51.0, 59.0, 15.0, 83.0, 113.0, 18.0, 82.0, 50.0, 88.0, 88.0, 82.0, 98.0, 48.0, 8.0, 53.0, 21.0, 59.0, 30.0, 36.0, 70.0, 95.0, 92.0, 57.0, 13.0, 36.0, 60.0, 27.0, 97.0, 110.0, 111.0, 64.0, 11.0, 128.0, 50.0, 104.0, 29.0, 83.0, 91.0, 33.0, 99.0, 35.0, 79.0, 98.0, 84.0, 107.0, 114.0, 83.0, 39.0, 100.0, 79.0, 46.0], [123.0, 123.0, 47.0, 78.0, 38.0, 49.0, 80.0, 22.0, 72.0, 116.0, 97.0, 0.0, 53.0, 89.0, 46.0, 42.0, 65.0, 80.0, 28.0, 40.0, 33.0, 35.0, 76.0, 28.0, 69.0, 55.0, 92.0, 67.0, 20.0, 63.0, 88.0, 55.0, 51.0, 56.0, 59.0, 91.0, 76.0, 65.0, 85.0, 94.0, 105.0, 30.0, 40.0, 74.0, 65.0, 12.0, 75.0, 45.0, 16.0, 54.0, 49.0, 73.0, 52.0, 103.0, 81.0, 52.0, 115.0, 97.0, 50.0, 31.0, 21.0, 27.0, 11.0, 51.0, 91.0, 85.0, 91.0, 78.0, 80.0, 80.0, 53.0, 18.0, 86.0, 56.0, 105.0, 104.0, 43.0, 104.0, 87.0, 62.0, 58.0, 76.0, 107.0, 41.0, 97.0, 47.0, 70.0, 16.0, 50.0, 126.0, 60.0, 75.0, 64.0, 8.0, 65.0, 54.0, 51.0, 76.0, 61.0, 99.0, 74.0, 81.0], [71.0, 71.0, 51.0, 25.0, 71.0, 60.0, 110.0, 31.0, 107.0, 106.0, 84.0, 53.0, 0.0, 108.0, 77.0, 14.0, 100.0, 33.0, 68.0, 71.0, 51.0, 30.0, 31.0, 34.0, 54.0, 8.0, 69.0, 18.0, 32.0, 96.0, 104.0, 26.0, 44.0, 82.0, 56.0, 108.0, 90.0, 103.0, 53.0, 43.0, 104.0, 24.0, 66.0, 58.0, 60.0, 49.0, 87.0, 56.0, 39.0, 80.0, 78.0, 91.0, 26.0, 97.0, 29.0, 31.0, 100.0, 46.0, 62.0, 22.0, 66.0, 67.0, 44.0, 62.0, 76.0, 45.0, 68.0, 36.0, 55.0, 88.0, 84.0, 67.0, 34.0, 27.0, 96.0, 109.0, 64.0, 76.0, 35.0, 26.0, 28.0, 101.0, 94.0, 56.0, 58.0, 22.0, 70.0, 41.0, 8.0, 117.0, 15.0, 83.0, 98.0, 47.0, 12.0, 23.0, 33.0, 110.0, 48.0, 47.0, 106.0, 46.0], [156.0, 156.0, 133.0, 126.0, 52.0, 49.0, 25.0, 91.0, 33.0, 59.0, 57.0, 89.0, 108.0, 0.0, 43.0, 109.0, 36.0, 109.0, 63.0, 49.0, 122.0, 114.0, 104.0, 109.0, 64.0, 102.0, 73.0, 126.0, 95.0, 35.0, 6.0, 85.0, 65.0, 33.0, 54.0, 5.0, 18.0, 41.0, 86.0, 127.0, 39.0, 91.0, 50.0, 64.0, 53.0, 79.0, 22.0, 134.0, 98.0, 35.0, 40.0, 17.0, 84.0, 48.0, 121.0, 129.0, 66.0, 127.0, 47.0, 100.0, 71.0, 64.0, 97.0, 47.0, 61.0, 98.0, 73.0, 101.0, 75.0, 24.0, 38.0, 78.0, 130.0, 86.0, 53.0, 30.0, 48.0, 83.0, 134.0, 132.0, 131.0, 16.0, 61.0, 130.0, 101.0, 120.0, 43.0, 83.0, 113.0, 62.0, 123.0, 28.0, 35.0, 95.0, 114.0, 126.0, 129.0, 32.0, 65.0, 141.0, 29.0, 91.0], [138.0, 138.0, 92.0, 100.0, 9.0, 25.0, 35.0, 53.0, 30.0, 83.0, 69.0, 46.0, 77.0, 43.0, 0.0, 74.0, 23.0, 90.0, 20.0, 7.0, 80.0, 75.0, 85.0, 69.0, 54.0, 74.0, 74.0, 95.0, 56.0, 19.0, 43.0, 61.0, 43.0, 11.0, 40.0, 46.0, 33.0, 26.0, 78.0, 108.0, 67.0, 56.0, 11.0, 58.0, 44.0, 37.0, 34.0, 92.0, 57.0, 9.0, 3.0, 29.0, 59.0, 69.0, 98.0, 91.0, 85.0, 109.0, 24.0, 63.0, 28.0, 20.0, 55.0, 25.0, 67.0, 85.0, 74.0, 84.0, 68.0, 40.0, 7.0, 35.0, 106.0, 62.0, 73.0, 63.0, 15.0, 87.0, 109.0, 97.0, 95.0, 29.0, 78.0, 87.0, 93.0, 84.0, 40.0, 43.0, 80.0, 91.0, 91.0, 37.0, 21.0, 53.0, 86.0, 91.0, 91.0, 33.0, 50.0, 119.0, 30.0, 79.0], [83.0, 83.0, 38.0, 37.0, 67.0, 61.0, 108.0, 23.0, 103.0, 115.0, 92.0, 42.0, 14.0, 109.0, 74.0, 0.0, 96.0, 47.0, 62.0, 67.0, 37.0, 16.0, 45.0, 20.0, 61.0, 20.0, 79.0, 25.0, 22.0, 93.0, 106.0, 35.0, 48.0, 80.0, 60.0, 109.0, 92.0, 99.0, 65.0, 56.0, 110.0, 18.0, 63.0, 66.0, 65.0, 41.0, 89.0, 43.0, 27.0, 78.0, 76.0, 92.0, 33.0, 104.0, 43.0, 21.0, 109.0, 59.0, 62.0, 12.0, 58.0, 61.0, 32.0, 63.0, 84.0, 58.0, 78.0, 49.0, 65.0, 92.0, 81.0, 58.0, 46.0, 36.0, 103.0, 113.0, 63.0, 87.0, 46.0, 23.0, 22.0, 100.0, 103.0, 42.0, 71.0, 12.0, 74.0, 33.0, 9.0, 125.0, 18.0, 86.0, 95.0, 35.0, 25.0, 17.0, 22.0, 107.0, 54.0, 58.0, 104.0, 58.0], [160.0, 160.0, 112.0, 122.0, 29.0, 45.0, 15.0, 75.0, 8.0, 89.0, 80.0, 65.0, 100.0, 36.0, 23.0, 96.0, 0.0, 111.0, 37.0, 29.0, 98.0, 96.0, 106.0, 90.0, 72.0, 96.0, 89.0, 118.0, 77.0, 3.0, 39.0, 83.0, 64.0, 21.0, 58.0, 40.0, 36.0, 6.0, 97.0, 129.0, 70.0, 78.0, 34.0, 75.0, 60.0, 58.0, 39.0, 110.0, 78.0, 22.0, 22.0, 30.0, 81.0, 76.0, 121.0, 113.0, 93.0, 130.0, 43.0, 85.0, 44.0, 38.0, 75.0, 44.0, 80.0, 105.0, 89.0, 105.0, 86.0, 45.0, 16.0, 50.0, 129.0, 84.0, 80.0, 63.0, 36.0, 102.0, 131.0, 119.0, 117.0, 20.0, 87.0, 106.0, 112.0, 106.0, 54.0, 65.0, 102.0, 95.0, 113.0, 45.0, 2.0, 72.0, 109.0, 113.0, 112.0, 11.0, 69.0, 141.0, 9.0, 98.0], [49.0, 49.0, 83.0, 24.0, 86.0, 67.0, 118.0, 58.0, 117.0, 90.0, 68.0, 80.0, 33.0, 109.0, 90.0, 47.0, 111.0, 0.0, 88.0, 85.0, 84.0, 63.0, 5.0, 66.0, 45.0, 27.0, 50.0, 36.0, 61.0, 108.0, 104.0, 29.0, 47.0, 91.0, 56.0, 107.0, 91.0, 116.0, 30.0, 18.0, 93.0, 50.0, 79.0, 47.0, 56.0, 73.0, 87.0, 89.0, 69.0, 89.0, 90.0, 94.0, 31.0, 83.0, 15.0, 61.0, 81.0, 19.0, 68.0, 53.0, 88.0, 86.0, 74.0, 67.0, 60.0, 17.0, 48.0, 9.0, 39.0, 86.0, 95.0, 91.0, 24.0, 28.0, 81.0, 101.0, 75.0, 52.0, 29.0, 52.0, 56.0, 106.0, 77.0, 88.0, 28.0, 54.0, 66.0, 65.0, 40.0, 99.0, 41.0, 81.0, 109.0, 76.0, 24.0, 53.0, 64.0, 120.0, 44.0, 33.0, 116.0, 22.0], [135.0, 135.0, 74.0, 93.0, 12.0, 33.0, 52.0, 39.0, 45.0, 100.0, 83.0, 28.0, 68.0, 63.0, 20.0, 62.0, 37.0, 88.0, 0.0, 15.0, 61.0, 60.0, 83.0, 53.0, 62.0, 67.0, 84.0, 85.0, 41.0, 35.0, 63.0, 59.0, 46.0, 31.0, 48.0, 66.0, 53.0, 38.0, 83.0, 105.0, 85.0, 45.0, 18.0, 66.0, 53.0, 21.0, 53.0, 73.0, 41.0, 29.0, 23.0, 48.0, 57.0, 86.0, 94.0, 77.0, 100.0, 106.0, 33.0, 50.0, 8.0, 2.0, 38.0, 35.0, 79.0, 87.0, 83.0, 83.0, 75.0, 58.0, 26.0, 15.0, 100.0, 61.0, 88.0, 82.0, 23.0, 97.0, 102.0, 84.0, 82.0, 49.0, 93.0, 69.0, 97.0, 70.0, 54.0, 29.0, 69.0, 108.0, 80.0, 55.0, 36.0, 35.0, 79.0, 77.0, 76.0, 48.0, 55.0, 113.0, 46.0, 82.0], [133.0, 133.0, 86.0, 94.0, 4.0, 22.0, 41.0, 46.0, 36.0, 85.0, 69.0, 40.0, 71.0, 49.0, 7.0, 67.0, 29.0, 85.0, 15.0, 0.0, 73.0, 68.0, 80.0, 63.0, 52.0, 68.0, 73.0, 89.0, 49.0, 26.0, 48.0, 56.0, 39.0, 16.0, 37.0, 51.0, 37.0, 32.0, 75.0, 102.0, 70.0, 49.0, 6.0, 55.0, 42.0, 31.0, 38.0, 85.0, 51.0, 14.0, 9.0, 33.0, 54.0, 71.0, 93.0, 85.0, 86.0, 104.0, 21.0, 56.0, 23.0, 15.0, 49.0, 23.0, 67.0, 81.0, 72.0, 79.0, 65.0, 43.0, 14.0, 30.0, 100.0, 57.0, 74.0, 67.0, 11.0, 86.0, 103.0, 90.0, 88.0, 36.0, 79.0, 81.0, 90.0, 77.0, 40.0, 36.0, 73.0, 93.0, 84.0, 40.0, 27.0, 46.0, 80.0, 84.0, 84.0, 39.0, 46.0, 113.0, 36.0, 75.0], [117.0, 117.0, 14.0, 72.0, 71.0, 78.0, 113.0, 35.0, 106.0, 142.0, 120.0, 33.0, 51.0, 122.0, 80.0, 37.0, 98.0, 84.0, 61.0, 73.0, 0.0, 21.0, 81.0, 18.0, 90.0, 57.0, 111.0, 57.0, 31.0, 96.0, 120.0, 67.0, 73.0, 89.0, 84.0, 123.0, 107.0, 98.0, 99.0, 93.0, 133.0, 41.0, 72.0, 95.0, 90.0, 43.0, 106.0, 12.0, 24.0, 87.0, 82.0, 105.0, 65.0, 129.0, 79.0, 31.0, 138.0, 96.0, 79.0, 34.0, 54.0, 60.0, 25.0, 80.0, 114.0, 94.0, 110.0, 85.0, 98.0, 110.0, 86.0, 49.0, 80.0, 69.0, 130.0, 134.0, 74.0, 121.0, 79.0, 44.0, 39.0, 109.0, 131.0, 8.0, 107.0, 32.0, 96.0, 40.0, 44.0, 152.0, 49.0, 105.0, 97.0, 27.0, 62.0, 38.0, 28.0, 109.0, 82.0, 92.0, 107.0, 93.0], [97.0, 97.0, 23.0, 51.0, 67.0, 67.0, 110.0, 23.0, 104.0, 126.0, 104.0, 35.0, 30.0, 114.0, 75.0, 16.0, 96.0, 63.0, 60.0, 68.0, 21.0, 0.0, 61.0, 7.0, 73.0, 36.0, 93.0, 37.0, 20.0, 93.0, 112.0, 49.0, 58.0, 83.0, 70.0, 115.0, 98.0, 98.0, 80.0, 72.0, 120.0, 25.0, 65.0, 79.0, 75.0, 39.0, 96.0, 27.0, 19.0, 81.0, 77.0, 97.0, 47.0, 115.0, 58.0, 17.0, 122.0, 75.0, 69.0, 16.0, 54.0, 59.0, 24.0, 69.0, 97.0, 74.0, 92.0, 65.0, 79.0, 99.0, 82.0, 52.0, 60.0, 50.0, 115.0, 122.0, 66.0, 102.0, 59.0, 27.0, 24.0, 103.0, 115.0, 26.0, 87.0, 13.0, 83.0, 32.0, 24.0, 137.0, 29.0, 93.0, 95.0, 27.0, 41.0, 20.0, 16.0, 107.0, 66.0, 72.0, 105.0, 73.0], [54.0, 54.0, 82.0, 27.0, 81.0, 61.0, 113.0, 55.0, 112.0, 86.0, 64.0, 76.0, 31.0, 104.0, 85.0, 45.0, 106.0, 5.0, 83.0, 80.0, 81.0, 61.0, 0.0, 64.0, 40.0, 24.0, 46.0, 37.0, 58.0, 103.0, 99.0, 24.0, 42.0, 85.0, 50.0, 102.0, 86.0, 111.0, 27.0, 23.0, 89.0, 46.0, 74.0, 42.0, 51.0, 69.0, 82.0, 87.0, 65.0, 84.0, 84.0, 88.0, 26.0, 79.0, 19.0, 61.0, 78.0, 24.0, 63.0, 49.0, 83.0, 81.0, 70.0, 62.0, 56.0, 15.0, 44.0, 6.0, 34.0, 81.0, 90.0, 87.0, 28.0, 23.0, 77.0, 96.0, 70.0, 50.0, 33.0, 53.0, 56.0, 101.0, 73.0, 86.0, 28.0, 53.0, 61.0, 61.0, 39.0, 96.0, 41.0, 76.0, 104.0, 72.0, 24.0, 52.0, 63.0, 114.0, 39.0, 38.0, 110.0, 19.0], [103.0, 103.0, 25.0, 57.0, 61.0, 63.0, 104.0, 19.0, 98.0, 125.0, 103.0, 28.0, 34.0, 109.0, 69.0, 20.0, 90.0, 66.0, 53.0, 63.0, 18.0, 7.0, 64.0, 0.0, 72.0, 39.0, 93.0, 43.0, 15.0, 87.0, 107.0, 49.0, 56.0, 78.0, 67.0, 110.0, 94.0, 91.0, 81.0, 77.0, 117.0, 23.0, 60.0, 78.0, 73.0, 32.0, 92.0, 28.0, 12.0, 76.0, 72.0, 92.0, 47.0, 113.0, 63.0, 24.0, 121.0, 80.0, 65.0, 15.0, 47.0, 52.0, 16.0, 65.0, 96.0, 76.0, 91.0, 68.0, 79.0, 95.0, 76.0, 45.0, 66.0, 50.0, 113.0, 119.0, 61.0, 103.0, 65.0, 35.0, 31.0, 98.0, 114.0, 25.0, 89.0, 20.0, 80.0, 26.0, 29.0, 135.0, 36.0, 90.0, 89.0, 20.0, 46.0, 28.0, 23.0, 101.0, 64.0, 78.0, 98.0, 75.0], [91.0, 91.0, 96.0, 65.0, 55.0, 30.0, 76.0, 55.0, 77.0, 54.0, 31.0, 69.0, 54.0, 64.0, 54.0, 61.0, 72.0, 45.0, 62.0, 52.0, 90.0, 73.0, 40.0, 72.0, 0.0, 46.0, 23.0, 69.0, 59.0, 69.0, 59.0, 27.0, 18.0, 52.0, 15.0, 62.0, 47.0, 78.0, 24.0, 63.0, 51.0, 49.0, 46.0, 6.0, 12.0, 58.0, 42.0, 100.0, 67.0, 51.0, 53.0, 50.0, 28.0, 43.0, 59.0, 82.0, 49.0, 63.0, 31.0, 57.0, 65.0, 60.0, 69.0, 29.0, 24.0, 34.0, 22.0, 37.0, 14.0, 41.0, 58.0, 71.0, 68.0, 27.0, 42.0, 57.0, 41.0, 35.0, 72.0, 80.0, 81.0, 63.0, 42.0, 97.0, 40.0, 73.0, 22.0, 54.0, 61.0, 64.0, 69.0, 36.0, 71.0, 69.0, 55.0, 76.0, 83.0, 79.0, 8.0, 78.0, 75.0, 27.0], [69.0, 69.0, 58.0, 26.0, 68.0, 55.0, 106.0, 33.0, 103.0, 99.0, 76.0, 55.0, 8.0, 102.0, 74.0, 20.0, 96.0, 27.0, 67.0, 68.0, 57.0, 36.0, 24.0, 39.0, 46.0, 0.0, 61.0, 23.0, 35.0, 93.0, 99.0, 19.0, 37.0, 78.0, 49.0, 102.0, 85.0, 100.0, 45.0, 40.0, 97.0, 25.0, 63.0, 51.0, 53.0, 49.0, 81.0, 63.0, 42.0, 76.0, 75.0, 85.0, 18.0, 89.0, 27.0, 39.0, 92.0, 42.0, 57.0, 26.0, 65.0, 66.0, 47.0, 56.0, 68.0, 37.0, 59.0, 28.0, 47.0, 82.0, 80.0, 68.0, 33.0, 19.0, 88.0, 102.0, 60.0, 68.0, 35.0, 34.0, 36.0, 96.0, 86.0, 62.0, 51.0, 30.0, 63.0, 41.0, 16.0, 109.0, 23.0, 76.0, 95.0, 49.0, 13.0, 32.0, 41.0, 106.0, 41.0, 46.0, 102.0, 38.0], [88.0, 88.0, 116.0, 74.0, 76.0, 51.0, 90.0, 77.0, 93.0, 40.0, 19.0, 92.0, 69.0, 73.0, 74.0, 79.0, 89.0, 50.0, 84.0, 73.0, 111.0, 93.0, 46.0, 93.0, 23.0, 61.0, 0.0, 81.0, 81.0, 86.0, 67.0, 45.0, 41.0, 69.0, 36.0, 69.0, 57.0, 95.0, 20.0, 64.0, 46.0, 70.0, 68.0, 18.0, 31.0, 81.0, 53.0, 120.0, 89.0, 69.0, 72.0, 63.0, 47.0, 35.0, 65.0, 100.0, 32.0, 63.0, 52.0, 78.0, 88.0, 83.0, 92.0, 50.0, 12.0, 34.0, 2.0, 41.0, 14.0, 49.0, 77.0, 94.0, 74.0, 44.0, 32.0, 55.0, 62.0, 13.0, 79.0, 95.0, 97.0, 76.0, 27.0, 118.0, 30.0, 91.0, 35.0, 77.0, 77.0, 50.0, 83.0, 46.0, 88.0, 92.0, 67.0, 93.0, 102.0, 94.0, 31.0, 81.0, 90.0, 27.0], [60.0, 60.0, 52.0, 16.0, 89.0, 78.0, 128.0, 47.0, 124.0, 120.0, 98.0, 67.0, 18.0, 126.0, 95.0, 25.0, 118.0, 36.0, 85.0, 89.0, 57.0, 37.0, 37.0, 43.0, 69.0, 23.0, 81.0, 0.0, 47.0, 114.0, 122.0, 42.0, 61.0, 100.0, 73.0, 125.0, 108.0, 121.0, 63.0, 38.0, 119.0, 41.0, 84.0, 73.0, 76.0, 65.0, 105.0, 58.0, 51.0, 98.0, 96.0, 109.0, 42.0, 111.0, 25.0, 28.0, 113.0, 41.0, 80.0, 36.0, 82.0, 84.0, 57.0, 79.0, 90.0, 52.0, 79.0, 42.0, 68.0, 105.0, 102.0, 83.0, 24.0, 42.0, 110.0, 125.0, 82.0, 86.0, 22.0, 17.0, 21.0, 119.0, 107.0, 59.0, 64.0, 24.0, 86.0, 57.0, 17.0, 130.0, 8.0, 100.0, 116.0, 60.0, 14.0, 20.0, 31.0, 127.0, 64.0, 35.0, 124.0, 55.0], [103.0, 103.0, 40.0, 58.0, 48.0, 48.0, 90.0, 4.0, 84.0, 111.0, 89.0, 20.0, 32.0, 95.0, 56.0, 22.0, 77.0, 61.0, 41.0, 49.0, 31.0, 20.0, 58.0, 15.0, 59.0, 35.0, 81.0, 47.0, 0.0, 74.0, 93.0, 39.0, 42.0, 63.0, 53.0, 96.0, 79.0, 79.0, 71.0, 74.0, 102.0, 12.0, 46.0, 65.0, 59.0, 20.0, 77.0, 42.0, 8.0, 61.0, 58.0, 77.0, 36.0, 98.0, 61.0, 36.0, 107.0, 77.0, 50.0, 10.0, 37.0, 40.0, 12.0, 50.0, 83.0, 68.0, 79.0, 60.0, 68.0, 80.0, 62.0, 36.0, 66.0, 40.0, 99.0, 104.0, 47.0, 91.0, 67.0, 43.0, 41.0, 83.0, 100.0, 38.0, 81.0, 29.0, 66.0, 12.0, 30.0, 121.0, 40.0, 75.0, 75.0, 15.0, 45.0, 36.0, 35.0, 88.0, 51.0, 79.0, 85.0, 66.0], [156.0, 156.0, 109.0, 119.0, 26.0, 41.0, 17.0, 71.0, 10.0, 87.0, 78.0, 63.0, 96.0, 35.0, 19.0, 93.0, 3.0, 108.0, 35.0, 26.0, 96.0, 93.0, 103.0, 87.0, 69.0, 93.0, 86.0, 114.0, 74.0, 0.0, 38.0, 80.0, 61.0, 18.0, 55.0, 39.0, 34.0, 9.0, 94.0, 126.0, 69.0, 75.0, 30.0, 72.0, 57.0, 55.0, 37.0, 108.0, 75.0, 19.0, 18.0, 28.0, 78.0, 74.0, 117.0, 110.0, 91.0, 127.0, 40.0, 82.0, 42.0, 36.0, 72.0, 41.0, 78.0, 102.0, 86.0, 101.0, 83.0, 43.0, 13.0, 48.0, 125.0, 81.0, 78.0, 62.0, 33.0, 99.0, 128.0, 116.0, 114.0, 19.0, 85.0, 103.0, 109.0, 103.0, 51.0, 62.0, 99.0, 93.0, 110.0, 43.0, 2.0, 69.0, 106.0, 109.0, 109.0, 14.0, 66.0, 138.0, 11.0, 95.0], [150.0, 150.0, 132.0, 122.0, 52.0, 46.0, 29.0, 89.0, 37.0, 53.0, 51.0, 88.0, 104.0, 6.0, 43.0, 106.0, 39.0, 104.0, 63.0, 48.0, 120.0, 112.0, 99.0, 107.0, 59.0, 99.0, 67.0, 122.0, 93.0, 38.0, 0.0, 81.0, 61.0, 33.0, 50.0, 3.0, 14.0, 45.0, 81.0, 122.0, 34.0, 88.0, 49.0, 58.0, 48.0, 78.0, 17.0, 132.0, 97.0, 34.0, 40.0, 15.0, 80.0, 42.0, 117.0, 126.0, 60.0, 122.0, 44.0, 97.0, 71.0, 63.0, 96.0, 43.0, 55.0, 93.0, 68.0, 96.0, 69.0, 18.0, 39.0, 78.0, 126.0, 81.0, 47.0, 25.0, 46.0, 77.0, 130.0, 129.0, 128.0, 19.0, 55.0, 128.0, 95.0, 118.0, 38.0, 81.0, 109.0, 57.0, 120.0, 23.0, 38.0, 93.0, 110.0, 123.0, 126.0, 36.0, 60.0, 137.0, 33.0, 85.0], [77.0, 77.0, 72.0, 41.0, 57.0, 39.0, 91.0, 35.0, 89.0, 80.0, 58.0, 55.0, 26.0, 85.0, 61.0, 35.0, 83.0, 29.0, 59.0, 56.0, 67.0, 49.0, 24.0, 49.0, 27.0, 19.0, 45.0, 42.0, 39.0, 80.0, 81.0, 0.0, 20.0, 63.0, 31.0, 84.0, 67.0, 87.0, 32.0, 47.0, 78.0, 27.0, 50.0, 32.0, 34.0, 46.0, 63.0, 76.0, 47.0, 61.0, 61.0, 68.0, 3.0, 70.0, 38.0, 55.0, 74.0, 48.0, 41.0, 34.0, 60.0, 57.0, 51.0, 40.0, 50.0, 30.0, 43.0, 24.0, 31.0, 64.0, 67.0, 64.0, 46.0, 2.0, 70.0, 83.0, 47.0, 54.0, 50.0, 53.0, 54.0, 80.0, 68.0, 74.0, 42.0, 46.0, 44.0, 39.0, 33.0, 91.0, 42.0, 58.0, 81.0, 52.0, 29.0, 49.0, 57.0, 92.0, 22.0, 58.0, 88.0, 27.0], [96.0, 96.0, 81.0, 61.0, 41.0, 20.0, 71.0, 38.0, 70.0, 69.0, 47.0, 51.0, 44.0, 65.0, 43.0, 48.0, 64.0, 47.0, 46.0, 39.0, 73.0, 58.0, 42.0, 56.0, 18.0, 37.0, 41.0, 61.0, 42.0, 61.0, 61.0, 20.0, 0.0, 44.0, 12.0, 64.0, 47.0, 69.0, 37.0, 65.0, 62.0, 33.0, 33.0, 23.0, 17.0, 40.0, 44.0, 84.0, 49.0, 42.0, 43.0, 48.0, 19.0, 57.0, 58.0, 69.0, 65.0, 66.0, 21.0, 42.0, 49.0, 45.0, 52.0, 20.0, 41.0, 42.0, 39.0, 40.0, 29.0, 45.0, 48.0, 55.0, 66.0, 21.0, 57.0, 66.0, 29.0, 53.0, 70.0, 69.0, 69.0, 60.0, 58.0, 81.0, 51.0, 60.0, 26.0, 36.0, 49.0, 79.0, 59.0, 39.0, 62.0, 51.0, 49.0, 64.0, 70.0, 72.0, 10.0, 78.0, 69.0, 36.0], [139.0, 139.0, 101.0, 103.0, 19.0, 24.0, 28.0, 60.0, 26.0, 74.0, 62.0, 56.0, 82.0, 33.0, 11.0, 80.0, 21.0, 91.0, 31.0, 16.0, 89.0, 83.0, 85.0, 78.0, 52.0, 78.0, 69.0, 100.0, 63.0, 18.0, 33.0, 63.0, 44.0, 0.0, 37.0, 35.0, 23.0, 27.0, 76.0, 109.0, 57.0, 62.0, 18.0, 54.0, 40.0, 46.0, 24.0, 101.0, 66.0, 2.0, 7.0, 18.0, 62.0, 60.0, 101.0, 99.0, 77.0, 110.0, 22.0, 70.0, 38.0, 31.0, 64.0, 24.0, 61.0, 84.0, 69.0, 84.0, 65.0, 31.0, 8.0, 45.0, 109.0, 64.0, 64.0, 53.0, 18.0, 82.0, 112.0, 103.0, 102.0, 20.0, 70.0, 97.0, 91.0, 91.0, 34.0, 51.0, 85.0, 81.0, 96.0, 28.0, 19.0, 62.0, 90.0, 97.0, 98.0, 29.0, 48.0, 121.0, 25.0, 77.0], [104.0, 104.0, 92.0, 72.0, 40.0, 15.0, 63.0, 48.0, 63.0, 58.0, 38.0, 59.0, 56.0, 54.0, 40.0, 60.0, 58.0, 56.0, 48.0, 37.0, 84.0, 70.0, 50.0, 67.0, 15.0, 49.0, 36.0, 73.0, 53.0, 55.0, 50.0, 31.0, 12.0, 37.0, 0.0, 53.0, 36.0, 63.0, 39.0, 74.0, 50.0, 45.0, 32.0, 19.0, 6.0, 47.0, 32.0, 94.0, 59.0, 36.0, 38.0, 38.0, 31.0, 46.0, 67.0, 81.0, 56.0, 74.0, 16.0, 54.0, 52.0, 46.0, 61.0, 14.0, 33.0, 47.0, 36.0, 48.0, 29.0, 33.0, 43.0, 59.0, 76.0, 32.0, 47.0, 54.0, 26.0, 49.0, 80.0, 81.0, 81.0, 51.0, 49.0, 91.0, 54.0, 72.0, 14.0, 45.0, 62.0, 68.0, 71.0, 27.0, 56.0, 60.0, 61.0, 77.0, 82.0, 65.0, 12.0, 88.0, 61.0, 40.0], [153.0, 153.0, 135.0, 125.0, 54.0, 49.0, 30.0, 92.0, 37.0, 54.0, 53.0, 91.0, 108.0, 5.0, 46.0, 109.0, 40.0, 107.0, 66.0, 51.0, 123.0, 115.0, 102.0, 110.0, 62.0, 102.0, 69.0, 125.0, 96.0, 39.0, 3.0, 84.0, 64.0, 35.0, 53.0, 0.0, 17.0, 46.0, 84.0, 125.0, 34.0, 91.0, 52.0, 61.0, 51.0, 80.0, 21.0, 135.0, 99.0, 37.0, 42.0, 18.0, 83.0, 43.0, 120.0, 129.0, 61.0, 125.0, 47.0, 100.0, 73.0, 66.0, 98.0, 47.0, 57.0, 96.0, 70.0, 99.0, 72.0, 21.0, 41.0, 80.0, 129.0, 84.0, 48.0, 25.0, 49.0, 79.0, 133.0, 132.0, 131.0, 20.0, 56.0, 131.0, 98.0, 121.0, 41.0, 84.0, 112.0, 58.0, 123.0, 26.0, 39.0, 96.0, 113.0, 126.0, 130.0, 37.0, 63.0, 140.0, 34.0, 88.0], [138.0, 138.0, 118.0, 108.0, 41.0, 32.0, 33.0, 75.0, 37.0, 53.0, 45.0, 76.0, 90.0, 18.0, 33.0, 92.0, 36.0, 91.0, 53.0, 37.0, 107.0, 98.0, 86.0, 94.0, 47.0, 85.0, 57.0, 108.0, 79.0, 34.0, 14.0, 67.0, 47.0, 23.0, 36.0, 17.0, 0.0, 43.0, 70.0, 109.0, 35.0, 75.0, 37.0, 46.0, 35.0, 65.0, 4.0, 119.0, 83.0, 24.0, 30.0, 6.0, 66.0, 39.0, 103.0, 112.0, 57.0, 109.0, 30.0, 83.0, 60.0, 53.0, 83.0, 29.0, 47.0, 81.0, 58.0, 83.0, 58.0, 9.0, 31.0, 67.0, 112.0, 68.0, 44.0, 30.0, 33.0, 69.0, 116.0, 115.0, 114.0, 19.0, 51.0, 115.0, 84.0, 104.0, 25.0, 68.0, 95.0, 59.0, 106.0, 11.0, 35.0, 81.0, 96.0, 109.0, 113.0, 38.0, 47.0, 123.0, 34.0, 73.0], [164.0, 164.0, 112.0, 126.0, 32.0, 50.0, 19.0, 77.0, 10.0, 95.0, 86.0, 65.0, 103.0, 41.0, 26.0, 99.0, 6.0, 116.0, 38.0, 32.0, 98.0, 98.0, 111.0, 91.0, 78.0, 100.0, 95.0, 121.0, 79.0, 9.0, 45.0, 87.0, 69.0, 27.0, 63.0, 46.0, 43.0, 0.0, 102.0, 134.0, 76.0, 80.0, 37.0, 80.0, 66.0, 59.0, 46.0, 110.0, 79.0, 28.0, 26.0, 36.0, 86.0, 82.0, 125.0, 115.0, 100.0, 135.0, 48.0, 87.0, 44.0, 39.0, 76.0, 50.0, 87.0, 110.0, 95.0, 109.0, 91.0, 52.0, 21.0, 49.0, 132.0, 88.0, 87.0, 69.0, 40.0, 108.0, 135.0, 121.0, 119.0, 26.0, 93.0, 106.0, 118.0, 108.0, 60.0, 66.0, 105.0, 101.0, 116.0, 52.0, 8.0, 73.0, 113.0, 115.0, 114.0, 12.0, 74.0, 145.0, 13.0, 104.0], [70.0, 70.0, 102.0, 54.0, 78.0, 54.0, 100.0, 67.0, 101.0, 60.0, 39.0, 85.0, 53.0, 86.0, 78.0, 65.0, 97.0, 30.0, 83.0, 75.0, 99.0, 80.0, 27.0, 81.0, 24.0, 45.0, 20.0, 63.0, 71.0, 94.0, 81.0, 32.0, 37.0, 76.0, 39.0, 84.0, 70.0, 102.0, 0.0, 44.0, 65.0, 59.0, 69.0, 23.0, 37.0, 75.0, 65.0, 107.0, 79.0, 75.0, 77.0, 74.0, 34.0, 54.0, 45.0, 84.0, 51.0, 43.0, 55.0, 65.0, 86.0, 82.0, 82.0, 53.0, 31.0, 14.0, 18.0, 21.0, 12.0, 63.0, 82.0, 91.0, 54.0, 30.0, 51.0, 73.0, 64.0, 23.0, 59.0, 78.0, 80.0, 87.0, 47.0, 105.0, 15.0, 75.0, 45.0, 69.0, 61.0, 70.0, 66.0, 58.0, 95.0, 83.0, 49.0, 76.0, 86.0, 103.0, 29.0, 61.0, 99.0, 8.0], [31.0, 31.0, 89.0, 22.0, 104.0, 85.0, 136.0, 72.0, 135.0, 104.0, 83.0, 94.0, 43.0, 127.0, 108.0, 56.0, 129.0, 18.0, 105.0, 102.0, 93.0, 72.0, 23.0, 77.0, 63.0, 40.0, 64.0, 38.0, 74.0, 126.0, 122.0, 47.0, 65.0, 109.0, 74.0, 125.0, 109.0, 134.0, 44.0, 0.0, 109.0, 64.0, 97.0, 64.0, 74.0, 89.0, 105.0, 96.0, 81.0, 107.0, 108.0, 112.0, 49.0, 99.0, 14.0, 66.0, 94.0, 4.0, 87.0, 65.0, 104.0, 103.0, 87.0, 86.0, 75.0, 31.0, 62.0, 26.0, 55.0, 104.0, 113.0, 107.0, 15.0, 45.0, 96.0, 117.0, 93.0, 63.0, 20.0, 55.0, 59.0, 124.0, 91.0, 96.0, 37.0, 61.0, 84.0, 80.0, 48.0, 113.0, 45.0, 99.0, 127.0, 89.0, 31.0, 57.0, 69.0, 138.0, 62.0, 17.0, 134.0, 38.0], [134.0, 134.0, 142.0, 115.0, 73.0, 56.0, 63.0, 98.0, 70.0, 20.0, 26.0, 105.0, 104.0, 39.0, 67.0, 110.0, 70.0, 93.0, 85.0, 70.0, 133.0, 120.0, 89.0, 117.0, 51.0, 97.0, 46.0, 119.0, 102.0, 69.0, 34.0, 78.0, 62.0, 57.0, 50.0, 34.0, 35.0, 76.0, 65.0, 109.0, 0.0, 95.0, 67.0, 47.0, 45.0, 93.0, 33.0, 144.0, 108.0, 58.0, 64.0, 41.0, 78.0, 11.0, 108.0, 131.0, 28.0, 108.0, 55.0, 104.0, 92.0, 84.0, 109.0, 53.0, 34.0, 78.0, 47.0, 84.0, 55.0, 27.0, 65.0, 99.0, 117.0, 78.0, 16.0, 11.0, 63.0, 53.0, 121.0, 130.0, 131.0, 51.0, 25.0, 141.0, 76.0, 122.0, 37.0, 93.0, 111.0, 24.0, 119.0, 30.0, 69.0, 108.0, 106.0, 126.0, 132.0, 70.0, 56.0, 125.0, 66.0, 71.0], [94.0, 94.0, 48.0, 49.0, 49.0, 43.0, 90.0, 8.0, 85.0, 102.0, 80.0, 30.0, 24.0, 91.0, 56.0, 18.0, 78.0, 50.0, 45.0, 49.0, 41.0, 25.0, 46.0, 23.0, 49.0, 25.0, 70.0, 41.0, 12.0, 75.0, 88.0, 27.0, 33.0, 62.0, 45.0, 91.0, 75.0, 80.0, 59.0, 64.0, 95.0, 0.0, 45.0, 55.0, 50.0, 25.0, 72.0, 51.0, 20.0, 60.0, 57.0, 74.0, 25.0, 90.0, 52.0, 38.0, 98.0, 67.0, 45.0, 9.0, 42.0, 43.0, 24.0, 45.0, 73.0, 56.0, 69.0, 49.0, 57.0, 75.0, 62.0, 43.0, 57.0, 29.0, 90.0, 98.0, 44.0, 80.0, 58.0, 42.0, 40.0, 82.0, 91.0, 48.0, 69.0, 29.0, 58.0, 17.0, 24.0, 112.0, 35.0, 69.0, 76.0, 26.0, 36.0, 35.0, 38.0, 88.0, 41.0, 70.0, 85.0, 54.0], [128.0, 128.0, 84.0, 89.0, 8.0, 17.0, 45.0, 43.0, 41.0, 82.0, 65.0, 40.0, 66.0, 50.0, 11.0, 63.0, 34.0, 79.0, 18.0, 6.0, 72.0, 65.0, 74.0, 60.0, 46.0, 63.0, 68.0, 84.0, 46.0, 30.0, 49.0, 50.0, 33.0, 18.0, 32.0, 52.0, 37.0, 37.0, 69.0, 97.0, 67.0, 45.0, 0.0, 50.0, 37.0, 29.0, 36.0, 84.0, 49.0, 16.0, 12.0, 33.0, 48.0, 68.0, 87.0, 81.0, 82.0, 98.0, 16.0, 52.0, 24.0, 17.0, 47.0, 18.0, 62.0, 75.0, 67.0, 73.0, 60.0, 41.0, 18.0, 32.0, 95.0, 52.0, 71.0, 66.0, 6.0, 80.0, 98.0, 86.0, 85.0, 38.0, 75.0, 80.0, 84.0, 73.0, 36.0, 34.0, 69.0, 90.0, 80.0, 37.0, 32.0, 45.0, 75.0, 80.0, 81.0, 44.0, 41.0, 108.0, 40.0, 69.0], [92.0, 92.0, 102.0, 68.0, 59.0, 34.0, 77.0, 60.0, 79.0, 48.0, 26.0, 74.0, 58.0, 64.0, 58.0, 66.0, 75.0, 47.0, 66.0, 55.0, 95.0, 79.0, 42.0, 78.0, 6.0, 51.0, 18.0, 73.0, 65.0, 72.0, 58.0, 32.0, 23.0, 54.0, 19.0, 61.0, 46.0, 80.0, 23.0, 64.0, 47.0, 55.0, 50.0, 0.0, 14.0, 63.0, 42.0, 105.0, 72.0, 53.0, 56.0, 50.0, 33.0, 39.0, 61.0, 87.0, 43.0, 64.0, 34.0, 63.0, 70.0, 65.0, 75.0, 33.0, 18.0, 35.0, 17.0, 38.0, 11.0, 40.0, 61.0, 76.0, 70.0, 32.0, 38.0, 54.0, 45.0, 30.0, 75.0, 85.0, 86.0, 64.0, 36.0, 103.0, 38.0, 78.0, 22.0, 60.0, 65.0, 59.0, 73.0, 35.0, 73.0, 75.0, 59.0, 81.0, 89.0, 81.0, 14.0, 80.0, 77.0, 27.0], [103.0, 103.0, 98.0, 75.0, 45.0, 20.0, 64.0, 55.0, 65.0, 52.0, 31.0, 65.0, 60.0, 53.0, 44.0, 65.0, 60.0, 56.0, 53.0, 42.0, 90.0, 75.0, 51.0, 73.0, 12.0, 53.0, 31.0, 76.0, 59.0, 57.0, 48.0, 34.0, 17.0, 40.0, 6.0, 51.0, 35.0, 66.0, 37.0, 74.0, 45.0, 50.0, 37.0, 14.0, 0.0, 53.0, 31.0, 101.0, 66.0, 39.0, 42.0, 38.0, 35.0, 40.0, 69.0, 86.0, 49.0, 74.0, 21.0, 59.0, 58.0, 52.0, 67.0, 19.0, 27.0, 46.0, 31.0, 48.0, 25.0, 30.0, 46.0, 65.0, 78.0, 35.0, 40.0, 49.0, 31.0, 44.0, 82.0, 86.0, 86.0, 51.0, 42.0, 97.0, 52.0, 77.0, 10.0, 52.0, 66.0, 62.0, 75.0, 24.0, 59.0, 67.0, 64.0, 81.0, 87.0, 67.0, 13.0, 89.0, 63.0, 39.0], [119.0, 119.0, 55.0, 75.0, 29.0, 37.0, 71.0, 19.0, 65.0, 104.0, 85.0, 12.0, 49.0, 79.0, 37.0, 41.0, 58.0, 73.0, 21.0, 31.0, 43.0, 39.0, 69.0, 32.0, 58.0, 49.0, 81.0, 65.0, 20.0, 55.0, 78.0, 46.0, 40.0, 46.0, 47.0, 80.0, 65.0, 59.0, 75.0, 89.0, 93.0, 25.0, 29.0, 63.0, 53.0, 0.0, 64.0, 55.0, 20.0, 44.0, 40.0, 62.0, 44.0, 91.0, 77.0, 56.0, 103.0, 91.0, 38.0, 29.0, 17.0, 20.0, 18.0, 39.0, 79.0, 76.0, 79.0, 70.0, 69.0, 68.0, 44.0, 18.0, 82.0, 48.0, 93.0, 93.0, 32.0, 92.0, 84.0, 63.0, 61.0, 66.0, 95.0, 51.0, 88.0, 49.0, 57.0, 9.0, 49.0, 114.0, 59.0, 63.0, 56.0, 16.0, 61.0, 56.0, 55.0, 68.0, 50.0, 96.0, 66.0, 72.0], [134.0, 134.0, 117.0, 104.0, 41.0, 29.0, 37.0, 73.0, 41.0, 50.0, 41.0, 75.0, 87.0, 22.0, 34.0, 89.0, 39.0, 87.0, 53.0, 38.0, 106.0, 96.0, 82.0, 92.0, 42.0, 81.0, 53.0, 105.0, 77.0, 37.0, 17.0, 63.0, 44.0, 24.0, 32.0, 21.0, 4.0, 46.0, 65.0, 105.0, 33.0, 72.0, 36.0, 42.0, 31.0, 64.0, 0.0, 118.0, 82.0, 25.0, 31.0, 10.0, 63.0, 37.0, 99.0, 110.0, 54.0, 105.0, 27.0, 81.0, 60.0, 53.0, 81.0, 27.0, 42.0, 76.0, 54.0, 79.0, 53.0, 6.0, 32.0, 67.0, 108.0, 64.0, 41.0, 30.0, 32.0, 65.0, 112.0, 112.0, 111.0, 23.0, 48.0, 114.0, 80.0, 101.0, 21.0, 66.0, 92.0, 57.0, 102.0, 7.0, 38.0, 80.0, 93.0, 106.0, 110.0, 42.0, 43.0, 119.0, 38.0, 69.0], [118.0, 118.0, 7.0, 74.0, 83.0, 89.0, 125.0, 46.0, 118.0, 152.0, 130.0, 45.0, 56.0, 134.0, 92.0, 43.0, 110.0, 89.0, 73.0, 85.0, 12.0, 27.0, 87.0, 28.0, 100.0, 63.0, 120.0, 58.0, 42.0, 108.0, 132.0, 76.0, 84.0, 101.0, 94.0, 135.0, 119.0, 110.0, 107.0, 96.0, 144.0, 51.0, 84.0, 105.0, 101.0, 55.0, 118.0, 0.0, 36.0, 99.0, 94.0, 117.0, 74.0, 140.0, 82.0, 30.0, 148.0, 99.0, 91.0, 43.0, 66.0, 72.0, 37.0, 92.0, 124.0, 101.0, 119.0, 92.0, 107.0, 122.0, 98.0, 61.0, 82.0, 77.0, 141.0, 146.0, 86.0, 129.0, 80.0, 43.0, 39.0, 121.0, 141.0, 5.0, 114.0, 35.0, 108.0, 51.0, 49.0, 162.0, 51.0, 116.0, 109.0, 39.0, 66.0, 39.0, 27.0, 121.0, 92.0, 93.0, 119.0, 101.0], [109.0, 109.0, 35.0, 63.0, 49.0, 53.0, 92.0, 12.0, 85.0, 118.0, 96.0, 16.0, 39.0, 98.0, 57.0, 27.0, 78.0, 69.0, 41.0, 51.0, 24.0, 19.0, 65.0, 12.0, 67.0, 42.0, 89.0, 51.0, 8.0, 75.0, 97.0, 47.0, 49.0, 66.0, 59.0, 99.0, 83.0, 79.0, 79.0, 81.0, 108.0, 20.0, 49.0, 72.0, 66.0, 20.0, 82.0, 36.0, 0.0, 64.0, 60.0, 81.0, 44.0, 105.0, 68.0, 36.0, 114.0, 84.0, 55.0, 16.0, 35.0, 40.0, 6.0, 56.0, 90.0, 76.0, 87.0, 68.0, 75.0, 86.0, 64.0, 33.0, 72.0, 48.0, 106.0, 110.0, 50.0, 99.0, 72.0, 46.0, 42.0, 86.0, 107.0, 32.0, 89.0, 31.0, 72.0, 15.0, 35.0, 127.0, 44.0, 80.0, 77.0, 9.0, 51.0, 38.0, 35.0, 89.0, 58.0, 85.0, 86.0, 74.0], [138.0, 138.0, 99.0, 101.0, 17.0, 23.0, 30.0, 58.0, 28.0, 75.0, 62.0, 54.0, 80.0, 35.0, 9.0, 78.0, 22.0, 89.0, 29.0, 14.0, 87.0, 81.0, 84.0, 76.0, 51.0, 76.0, 69.0, 98.0, 61.0, 19.0, 34.0, 61.0, 42.0, 2.0, 36.0, 37.0, 24.0, 28.0, 75.0, 107.0, 58.0, 60.0, 16.0, 53.0, 39.0, 44.0, 25.0, 99.0, 64.0, 0.0, 6.0, 19.0, 60.0, 61.0, 99.0, 97.0, 77.0, 108.0, 21.0, 68.0, 36.0, 29.0, 62.0, 22.0, 61.0, 83.0, 69.0, 82.0, 64.0, 31.0, 8.0, 44.0, 107.0, 62.0, 64.0, 54.0, 16.0, 81.0, 110.0, 101.0, 100.0, 22.0, 70.0, 95.0, 90.0, 89.0, 34.0, 49.0, 83.0, 82.0, 94.0, 29.0, 20.0, 60.0, 88.0, 95.0, 96.0, 30.0, 47.0, 119.0, 27.0, 76.0], [138.0, 138.0, 95.0, 100.0, 12.0, 24.0, 33.0, 55.0, 28.0, 80.0, 67.0, 49.0, 78.0, 40.0, 3.0, 76.0, 22.0, 90.0, 23.0, 9.0, 82.0, 77.0, 84.0, 72.0, 53.0, 75.0, 72.0, 96.0, 58.0, 18.0, 40.0, 61.0, 43.0, 7.0, 38.0, 42.0, 30.0, 26.0, 77.0, 108.0, 64.0, 57.0, 12.0, 56.0, 42.0, 40.0, 31.0, 94.0, 60.0, 6.0, 0.0, 25.0, 60.0, 66.0, 99.0, 93.0, 82.0, 109.0, 22.0, 65.0, 31.0, 23.0, 58.0, 24.0, 65.0, 84.0, 72.0, 83.0, 67.0, 37.0, 6.0, 38.0, 107.0, 62.0, 70.0, 60.0, 14.0, 85.0, 110.0, 99.0, 97.0, 26.0, 75.0, 90.0, 92.0, 86.0, 38.0, 45.0, 81.0, 88.0, 92.0, 34.0, 20.0, 55.0, 87.0, 92.0, 93.0, 31.0, 49.0, 119.0, 28.0, 78.0], [141.0, 141.0, 116.0, 110.0, 37.0, 31.0, 27.0, 74.0, 31.0, 59.0, 51.0, 73.0, 91.0, 17.0, 29.0, 92.0, 30.0, 94.0, 48.0, 33.0, 105.0, 97.0, 88.0, 92.0, 50.0, 85.0, 63.0, 109.0, 77.0, 28.0, 15.0, 68.0, 48.0, 18.0, 38.0, 18.0, 6.0, 36.0, 74.0, 112.0, 41.0, 74.0, 33.0, 50.0, 38.0, 62.0, 10.0, 117.0, 81.0, 19.0, 25.0, 0.0, 68.0, 46.0, 106.0, 111.0, 63.0, 112.0, 29.0, 82.0, 56.0, 48.0, 80.0, 29.0, 52.0, 84.0, 63.0, 86.0, 62.0, 16.0, 25.0, 63.0, 114.0, 69.0, 50.0, 35.0, 31.0, 74.0, 118.0, 114.0, 114.0, 14.0, 57.0, 113.0, 88.0, 103.0, 29.0, 66.0, 95.0, 65.0, 106.0, 16.0, 29.0, 78.0, 97.0, 109.0, 112.0, 32.0, 49.0, 126.0, 28.0, 77.0], [79.0, 79.0, 70.0, 42.0, 55.0, 38.0, 90.0, 33.0, 88.0, 82.0, 59.0, 52.0, 26.0, 84.0, 59.0, 33.0, 81.0, 31.0, 57.0, 54.0, 65.0, 47.0, 26.0, 47.0, 28.0, 18.0, 47.0, 42.0, 36.0, 78.0, 80.0, 3.0, 19.0, 62.0, 31.0, 83.0, 66.0, 86.0, 34.0, 49.0, 78.0, 25.0, 48.0, 33.0, 35.0, 44.0, 63.0, 74.0, 44.0, 60.0, 60.0, 68.0, 0.0, 71.0, 39.0, 54.0, 76.0, 50.0, 40.0, 31.0, 57.0, 55.0, 48.0, 39.0, 51.0, 32.0, 45.0, 27.0, 33.0, 64.0, 65.0, 61.0, 47.0, 4.0, 71.0, 83.0, 45.0, 56.0, 51.0, 52.0, 52.0, 79.0, 70.0, 72.0, 45.0, 45.0, 45.0, 37.0, 32.0, 92.0, 41.0, 58.0, 80.0, 49.0, 30.0, 48.0, 55.0, 90.0, 22.0, 60.0, 87.0, 29.0], [123.0, 123.0, 137.0, 106.0, 75.0, 54.0, 70.0, 94.0, 76.0, 14.0, 15.0, 103.0, 97.0, 48.0, 69.0, 104.0, 76.0, 83.0, 86.0, 71.0, 129.0, 115.0, 79.0, 113.0, 43.0, 89.0, 35.0, 111.0, 98.0, 74.0, 42.0, 70.0, 57.0, 60.0, 46.0, 43.0, 39.0, 82.0, 54.0, 99.0, 11.0, 90.0, 68.0, 39.0, 40.0, 91.0, 37.0, 140.0, 105.0, 61.0, 66.0, 46.0, 71.0, 0.0, 98.0, 125.0, 18.0, 97.0, 54.0, 99.0, 92.0, 85.0, 106.0, 52.0, 23.0, 68.0, 37.0, 74.0, 45.0, 30.0, 68.0, 99.0, 107.0, 70.0, 5.0, 22.0, 63.0, 41.0, 112.0, 123.0, 124.0, 58.0, 13.0, 137.0, 65.0, 116.0, 33.0, 90.0, 104.0, 23.0, 112.0, 32.0, 75.0, 105.0, 98.0, 119.0, 126.0, 77.0, 50.0, 115.0, 73.0, 61.0], [42.0, 42.0, 76.0, 10.0, 94.0, 77.0, 129.0, 60.0, 127.0, 105.0, 83.0, 81.0, 29.0, 121.0, 98.0, 43.0, 121.0, 15.0, 94.0, 93.0, 79.0, 58.0, 19.0, 63.0, 59.0, 27.0, 65.0, 25.0, 61.0, 117.0, 117.0, 38.0, 58.0, 101.0, 67.0, 120.0, 103.0, 125.0, 45.0, 14.0, 108.0, 52.0, 87.0, 61.0, 69.0, 77.0, 99.0, 82.0, 68.0, 99.0, 99.0, 106.0, 39.0, 98.0, 0.0, 53.0, 96.0, 17.0, 79.0, 52.0, 92.0, 92.0, 73.0, 78.0, 75.0, 32.0, 63.0, 24.0, 53.0, 99.0, 104.0, 95.0, 9.0, 37.0, 96.0, 115.0, 84.0, 67.0, 14.0, 42.0, 46.0, 117.0, 92.0, 82.0, 42.0, 47.0, 79.0, 68.0, 35.0, 114.0, 32.0, 94.0, 119.0, 76.0, 17.0, 44.0, 56.0, 129.0, 56.0, 20.0, 126.0, 37.0], [88.0, 88.0, 24.0, 44.0, 84.0, 81.0, 126.0, 39.0, 120.0, 136.0, 113.0, 52.0, 31.0, 129.0, 91.0, 21.0, 113.0, 61.0, 77.0, 85.0, 31.0, 17.0, 61.0, 24.0, 82.0, 39.0, 100.0, 28.0, 36.0, 110.0, 126.0, 55.0, 69.0, 99.0, 81.0, 129.0, 112.0, 115.0, 84.0, 66.0, 131.0, 38.0, 81.0, 87.0, 86.0, 56.0, 110.0, 30.0, 36.0, 97.0, 93.0, 111.0, 54.0, 125.0, 53.0, 0.0, 130.0, 69.0, 83.0, 29.0, 72.0, 75.0, 41.0, 83.0, 105.0, 75.0, 98.0, 66.0, 86.0, 112.0, 98.0, 70.0, 52.0, 56.0, 124.0, 135.0, 82.0, 107.0, 50.0, 13.0, 8.0, 119.0, 124.0, 32.0, 88.0, 9.0, 95.0, 48.0, 23.0, 146.0, 21.0, 106.0, 111.0, 44.0, 38.0, 9.0, 3.0, 124.0, 75.0, 62.0, 121.0, 77.0], [115.0, 115.0, 145.0, 105.0, 90.0, 67.0, 89.0, 103.0, 94.0, 11.0, 18.0, 115.0, 100.0, 66.0, 85.0, 109.0, 93.0, 81.0, 100.0, 86.0, 138.0, 122.0, 78.0, 121.0, 49.0, 92.0, 32.0, 113.0, 107.0, 91.0, 60.0, 74.0, 65.0, 77.0, 56.0, 61.0, 57.0, 100.0, 51.0, 94.0, 28.0, 98.0, 82.0, 43.0, 49.0, 103.0, 54.0, 148.0, 114.0, 77.0, 82.0, 63.0, 76.0, 18.0, 96.0, 130.0, 0.0, 92.0, 67.0, 106.0, 106.0, 99.0, 116.0, 65.0, 25.0, 64.0, 33.0, 72.0, 45.0, 48.0, 85.0, 113.0, 105.0, 74.0, 13.0, 38.0, 77.0, 32.0, 110.0, 126.0, 128.0, 76.0, 7.0, 145.0, 58.0, 121.0, 46.0, 101.0, 108.0, 19.0, 114.0, 49.0, 92.0, 116.0, 99.0, 123.0, 131.0, 95.0, 56.0, 111.0, 91.0, 59.0], [30.0, 30.0, 93.0, 26.0, 105.0, 86.0, 137.0, 75.0, 136.0, 102.0, 82.0, 97.0, 46.0, 127.0, 109.0, 59.0, 130.0, 19.0, 106.0, 104.0, 96.0, 75.0, 24.0, 80.0, 63.0, 42.0, 63.0, 41.0, 77.0, 127.0, 122.0, 48.0, 66.0, 110.0, 74.0, 125.0, 109.0, 135.0, 43.0, 4.0, 108.0, 67.0, 98.0, 64.0, 74.0, 91.0, 105.0, 99.0, 84.0, 108.0, 109.0, 112.0, 50.0, 97.0, 17.0, 69.0, 92.0, 0.0, 87.0, 68.0, 106.0, 105.0, 89.0, 86.0, 74.0, 30.0, 61.0, 26.0, 54.0, 103.0, 114.0, 109.0, 19.0, 47.0, 94.0, 116.0, 94.0, 61.0, 24.0, 58.0, 62.0, 125.0, 89.0, 99.0, 34.0, 64.0, 84.0, 83.0, 51.0, 111.0, 48.0, 98.0, 128.0, 92.0, 34.0, 61.0, 72.0, 138.0, 63.0, 19.0, 135.0, 37.0], [117.0, 117.0, 89.0, 82.0, 24.0, 2.0, 50.0, 46.0, 49.0, 67.0, 50.0, 50.0, 62.0, 47.0, 24.0, 62.0, 43.0, 68.0, 33.0, 21.0, 79.0, 69.0, 63.0, 65.0, 31.0, 57.0, 52.0, 80.0, 50.0, 40.0, 44.0, 41.0, 21.0, 22.0, 16.0, 47.0, 30.0, 48.0, 55.0, 87.0, 55.0, 45.0, 16.0, 34.0, 21.0, 38.0, 27.0, 91.0, 55.0, 21.0, 22.0, 29.0, 40.0, 54.0, 79.0, 83.0, 67.0, 87.0, 0.0, 54.0, 39.0, 32.0, 55.0, 2.0, 46.0, 62.0, 51.0, 62.0, 45.0, 31.0, 28.0, 46.0, 87.0, 42.0, 56.0, 55.0, 11.0, 64.0, 90.0, 85.0, 84.0, 39.0, 60.0, 87.0, 70.0, 74.0, 21.0, 39.0, 66.0, 76.0, 77.0, 26.0, 41.0, 53.0, 69.0, 80.0, 83.0, 51.0, 26.0, 99.0, 47.0, 56.0], [93.0, 93.0, 39.0, 47.0, 55.0, 52.0, 97.0, 11.0, 92.0, 110.0, 88.0, 31.0, 22.0, 100.0, 63.0, 12.0, 85.0, 53.0, 50.0, 56.0, 34.0, 16.0, 49.0, 15.0, 57.0, 26.0, 78.0, 36.0, 10.0, 82.0, 97.0, 34.0, 42.0, 70.0, 54.0, 100.0, 83.0, 87.0, 65.0, 65.0, 104.0, 9.0, 52.0, 63.0, 59.0, 29.0, 81.0, 43.0, 16.0, 68.0, 65.0, 82.0, 31.0, 99.0, 52.0, 29.0, 106.0, 68.0, 54.0, 0.0, 46.0, 49.0, 22.0, 54.0, 81.0, 61.0, 76.0, 53.0, 64.0, 84.0, 70.0, 46.0, 56.0, 35.0, 99.0, 106.0, 52.0, 87.0, 56.0, 34.0, 32.0, 90.0, 99.0, 40.0, 74.0, 21.0, 67.0, 21.0, 20.0, 121.0, 30.0, 78.0, 83.0, 24.0, 35.0, 28.0, 29.0, 95.0, 50.0, 69.0, 93.0, 60.0], [134.0, 134.0, 67.0, 91.0, 19.0, 39.0, 59.0, 36.0, 52.0, 106.0, 88.0, 21.0, 66.0, 71.0, 28.0, 58.0, 44.0, 88.0, 8.0, 23.0, 54.0, 54.0, 83.0, 47.0, 65.0, 65.0, 88.0, 82.0, 37.0, 42.0, 71.0, 60.0, 49.0, 38.0, 52.0, 73.0, 60.0, 44.0, 86.0, 104.0, 92.0, 42.0, 24.0, 70.0, 58.0, 17.0, 60.0, 66.0, 35.0, 36.0, 31.0, 56.0, 57.0, 92.0, 92.0, 72.0, 106.0, 106.0, 39.0, 46.0, 0.0, 8.0, 31.0, 41.0, 84.0, 89.0, 87.0, 84.0, 78.0, 65.0, 33.0, 7.0, 99.0, 61.0, 94.0, 90.0, 29.0, 100.0, 100.0, 80.0, 77.0, 56.0, 98.0, 62.0, 99.0, 65.0, 59.0, 25.0, 66.0, 114.0, 76.0, 61.0, 43.0, 28.0, 77.0, 73.0, 70.0, 55.0, 58.0, 112.0, 53.0, 84.0], [134.0, 134.0, 73.0, 91.0, 12.0, 32.0, 53.0, 38.0, 46.0, 99.0, 82.0, 27.0, 67.0, 64.0, 20.0, 61.0, 38.0, 86.0, 2.0, 15.0, 60.0, 59.0, 81.0, 52.0, 60.0, 66.0, 83.0, 84.0, 40.0, 36.0, 63.0, 57.0, 45.0, 31.0, 46.0, 66.0, 53.0, 39.0, 82.0, 103.0, 84.0, 43.0, 17.0, 65.0, 52.0, 20.0, 53.0, 72.0, 40.0, 29.0, 23.0, 48.0, 55.0, 85.0, 92.0, 75.0, 99.0, 105.0, 32.0, 49.0, 8.0, 0.0, 37.0, 34.0, 78.0, 86.0, 82.0, 82.0, 73.0, 58.0, 26.0, 15.0, 99.0, 59.0, 88.0, 82.0, 22.0, 95.0, 101.0, 83.0, 80.0, 49.0, 92.0, 68.0, 96.0, 69.0, 53.0, 28.0, 68.0, 107.0, 78.0, 54.0, 37.0, 34.0, 78.0, 76.0, 75.0, 49.0, 53.0, 112.0, 47.0, 80.0], [115.0, 115.0, 37.0, 69.0, 47.0, 53.0, 89.0, 16.0, 82.0, 119.0, 98.0, 11.0, 44.0, 97.0, 55.0, 32.0, 75.0, 74.0, 38.0, 49.0, 25.0, 24.0, 70.0, 16.0, 69.0, 47.0, 92.0, 57.0, 12.0, 72.0, 96.0, 51.0, 52.0, 64.0, 61.0, 98.0, 83.0, 76.0, 82.0, 87.0, 109.0, 24.0, 47.0, 75.0, 67.0, 18.0, 81.0, 37.0, 6.0, 62.0, 58.0, 80.0, 48.0, 106.0, 73.0, 41.0, 116.0, 89.0, 55.0, 22.0, 31.0, 37.0, 0.0, 56.0, 92.0, 80.0, 90.0, 73.0, 79.0, 85.0, 62.0, 29.0, 77.0, 52.0, 107.0, 110.0, 49.0, 102.0, 78.0, 51.0, 47.0, 84.0, 109.0, 33.0, 93.0, 36.0, 73.0, 16.0, 41.0, 129.0, 50.0, 80.0, 74.0, 3.0, 56.0, 44.0, 39.0, 86.0, 61.0, 90.0, 84.0, 78.0], [116.0, 116.0, 90.0, 81.0, 26.0, 2.0, 51.0, 46.0, 50.0, 66.0, 48.0, 51.0, 62.0, 47.0, 25.0, 63.0, 44.0, 67.0, 35.0, 23.0, 80.0, 69.0, 62.0, 65.0, 29.0, 56.0, 50.0, 79.0, 50.0, 41.0, 43.0, 40.0, 20.0, 24.0, 14.0, 47.0, 29.0, 50.0, 53.0, 86.0, 53.0, 45.0, 18.0, 33.0, 19.0, 39.0, 27.0, 92.0, 56.0, 22.0, 24.0, 29.0, 39.0, 52.0, 78.0, 83.0, 65.0, 86.0, 2.0, 54.0, 41.0, 34.0, 56.0, 0.0, 44.0, 61.0, 49.0, 60.0, 43.0, 30.0, 29.0, 48.0, 86.0, 41.0, 54.0, 54.0, 12.0, 63.0, 90.0, 85.0, 85.0, 40.0, 58.0, 88.0, 68.0, 74.0, 19.0, 40.0, 66.0, 75.0, 77.0, 25.0, 43.0, 54.0, 69.0, 80.0, 83.0, 52.0, 25.0, 98.0, 48.0, 54.0], [100.0, 100.0, 120.0, 83.0, 70.0, 46.0, 79.0, 78.0, 83.0, 31.0, 8.0, 91.0, 76.0, 61.0, 67.0, 84.0, 80.0, 60.0, 79.0, 67.0, 114.0, 97.0, 56.0, 96.0, 24.0, 68.0, 12.0, 90.0, 83.0, 78.0, 55.0, 50.0, 41.0, 61.0, 33.0, 57.0, 47.0, 87.0, 31.0, 75.0, 34.0, 73.0, 62.0, 18.0, 27.0, 79.0, 42.0, 124.0, 90.0, 61.0, 65.0, 52.0, 51.0, 23.0, 75.0, 105.0, 25.0, 74.0, 46.0, 81.0, 84.0, 78.0, 92.0, 44.0, 0.0, 45.0, 14.0, 51.0, 22.0, 38.0, 69.0, 91.0, 84.0, 49.0, 21.0, 43.0, 57.0, 22.0, 89.0, 102.0, 103.0, 66.0, 18.0, 121.0, 43.0, 96.0, 27.0, 77.0, 83.0, 41.0, 91.0, 36.0, 79.0, 92.0, 76.0, 99.0, 107.0, 84.0, 32.0, 92.0, 80.0, 38.0], [58.0, 58.0, 96.0, 41.0, 83.0, 61.0, 110.0, 64.0, 110.0, 73.0, 53.0, 85.0, 45.0, 98.0, 85.0, 58.0, 105.0, 17.0, 87.0, 81.0, 94.0, 74.0, 15.0, 76.0, 34.0, 37.0, 34.0, 52.0, 68.0, 102.0, 93.0, 30.0, 42.0, 84.0, 47.0, 96.0, 81.0, 110.0, 14.0, 31.0, 78.0, 56.0, 75.0, 35.0, 46.0, 76.0, 76.0, 101.0, 76.0, 83.0, 84.0, 84.0, 32.0, 68.0, 32.0, 75.0, 64.0, 30.0, 62.0, 61.0, 89.0, 86.0, 80.0, 61.0, 45.0, 0.0, 32.0, 9.0, 24.0, 74.0, 90.0, 93.0, 40.0, 28.0, 65.0, 86.0, 71.0, 35.0, 45.0, 68.0, 70.0, 97.0, 60.0, 100.0, 13.0, 67.0, 56.0, 69.0, 53.0, 83.0, 56.0, 70.0, 103.0, 82.0, 39.0, 67.0, 77.0, 112.0, 36.0, 47.0, 109.0, 7.0], [87.0, 87.0, 115.0, 72.0, 75.0, 50.0, 90.0, 75.0, 93.0, 42.0, 21.0, 91.0, 68.0, 73.0, 74.0, 78.0, 89.0, 48.0, 83.0, 72.0, 110.0, 92.0, 44.0, 91.0, 22.0, 59.0, 2.0, 79.0, 79.0, 86.0, 68.0, 43.0, 39.0, 69.0, 36.0, 70.0, 58.0, 95.0, 18.0, 62.0, 47.0, 69.0, 67.0, 17.0, 31.0, 79.0, 54.0, 119.0, 87.0, 69.0, 72.0, 63.0, 45.0, 37.0, 63.0, 98.0, 33.0, 61.0, 51.0, 76.0, 87.0, 82.0, 90.0, 49.0, 14.0, 32.0, 0.0, 39.0, 12.0, 50.0, 76.0, 93.0, 72.0, 42.0, 33.0, 57.0, 62.0, 13.0, 77.0, 93.0, 95.0, 77.0, 29.0, 116.0, 29.0, 89.0, 35.0, 76.0, 75.0, 52.0, 81.0, 47.0, 88.0, 90.0, 65.0, 91.0, 100.0, 94.0, 30.0, 79.0, 90.0, 25.0], [56.0, 56.0, 86.0, 33.0, 81.0, 60.0, 111.0, 57.0, 110.0, 81.0, 59.0, 78.0, 36.0, 101.0, 84.0, 49.0, 105.0, 9.0, 83.0, 79.0, 85.0, 65.0, 6.0, 68.0, 37.0, 28.0, 41.0, 42.0, 60.0, 101.0, 96.0, 24.0, 40.0, 84.0, 48.0, 99.0, 83.0, 109.0, 21.0, 26.0, 84.0, 49.0, 73.0, 38.0, 48.0, 70.0, 79.0, 92.0, 68.0, 82.0, 83.0, 86.0, 27.0, 74.0, 24.0, 66.0, 72.0, 26.0, 62.0, 53.0, 84.0, 82.0, 73.0, 60.0, 51.0, 9.0, 39.0, 0.0, 30.0, 77.0, 89.0, 88.0, 33.0, 23.0, 72.0, 92.0, 69.0, 44.0, 38.0, 58.0, 61.0, 99.0, 68.0, 91.0, 23.0, 58.0, 58.0, 63.0, 43.0, 91.0, 46.0, 72.0, 103.0, 75.0, 29.0, 58.0, 68.0, 112.0, 36.0, 42.0, 109.0, 14.0], [81.0, 81.0, 102.0, 61.0, 68.0, 44.0, 89.0, 63.0, 90.0, 52.0, 30.0, 80.0, 55.0, 75.0, 68.0, 65.0, 86.0, 39.0, 75.0, 65.0, 98.0, 79.0, 34.0, 79.0, 14.0, 47.0, 14.0, 68.0, 68.0, 83.0, 69.0, 31.0, 29.0, 65.0, 29.0, 72.0, 58.0, 91.0, 12.0, 55.0, 55.0, 57.0, 60.0, 11.0, 25.0, 69.0, 53.0, 107.0, 75.0, 64.0, 67.0, 62.0, 33.0, 45.0, 53.0, 86.0, 45.0, 54.0, 45.0, 64.0, 78.0, 73.0, 79.0, 43.0, 22.0, 24.0, 12.0, 30.0, 0.0, 51.0, 72.0, 84.0, 62.0, 30.0, 43.0, 62.0, 55.0, 24.0, 67.0, 81.0, 83.0, 76.0, 39.0, 104.0, 27.0, 77.0, 33.0, 65.0, 63.0, 62.0, 70.0, 47.0, 84.0, 79.0, 54.0, 79.0, 87.0, 92.0, 20.0, 71.0, 88.0, 17.0], [132.0, 132.0, 120.0, 104.0, 47.0, 32.0, 42.0, 76.0, 47.0, 44.0, 36.0, 80.0, 88.0, 24.0, 40.0, 92.0, 45.0, 86.0, 58.0, 43.0, 110.0, 99.0, 81.0, 95.0, 41.0, 82.0, 49.0, 105.0, 80.0, 43.0, 18.0, 64.0, 45.0, 31.0, 33.0, 21.0, 9.0, 52.0, 63.0, 104.0, 27.0, 75.0, 41.0, 40.0, 30.0, 68.0, 6.0, 122.0, 86.0, 31.0, 37.0, 16.0, 64.0, 30.0, 99.0, 112.0, 48.0, 103.0, 31.0, 84.0, 65.0, 58.0, 85.0, 30.0, 38.0, 74.0, 50.0, 77.0, 51.0, 0.0, 38.0, 73.0, 108.0, 64.0, 35.0, 24.0, 37.0, 60.0, 112.0, 113.0, 113.0, 29.0, 42.0, 118.0, 77.0, 103.0, 20.0, 70.0, 94.0, 51.0, 104.0, 6.0, 44.0, 84.0, 93.0, 108.0, 113.0, 47.0, 43.0, 119.0, 44.0, 67.0], [144.0, 144.0, 99.0, 106.0, 15.0, 29.0, 28.0, 60.0, 23.0, 82.0, 70.0, 53.0, 84.0, 38.0, 7.0, 81.0, 16.0, 95.0, 26.0, 14.0, 86.0, 82.0, 90.0, 76.0, 58.0, 80.0, 77.0, 102.0, 62.0, 13.0, 39.0, 67.0, 48.0, 8.0, 43.0, 41.0, 31.0, 21.0, 82.0, 113.0, 65.0, 62.0, 18.0, 61.0, 46.0, 44.0, 32.0, 98.0, 64.0, 8.0, 6.0, 25.0, 65.0, 68.0, 104.0, 98.0, 85.0, 114.0, 28.0, 70.0, 33.0, 26.0, 62.0, 29.0, 69.0, 90.0, 76.0, 89.0, 72.0, 38.0, 0.0, 40.0, 112.0, 68.0, 72.0, 60.0, 20.0, 89.0, 115.0, 104.0, 102.0, 23.0, 78.0, 94.0, 97.0, 91.0, 42.0, 50.0, 86.0, 89.0, 97.0, 36.0, 14.0, 59.0, 93.0, 97.0, 98.0, 26.0, 54.0, 125.0, 23.0, 83.0], [137.0, 137.0, 63.0, 93.0, 27.0, 46.0, 65.0, 36.0, 57.0, 113.0, 95.0, 18.0, 67.0, 78.0, 35.0, 58.0, 50.0, 91.0, 15.0, 30.0, 49.0, 52.0, 87.0, 45.0, 71.0, 68.0, 94.0, 83.0, 36.0, 48.0, 78.0, 64.0, 55.0, 45.0, 59.0, 80.0, 67.0, 49.0, 91.0, 107.0, 99.0, 43.0, 32.0, 76.0, 65.0, 18.0, 67.0, 61.0, 33.0, 44.0, 38.0, 63.0, 61.0, 99.0, 95.0, 70.0, 113.0, 109.0, 46.0, 46.0, 7.0, 15.0, 29.0, 48.0, 91.0, 93.0, 93.0, 88.0, 84.0, 73.0, 40.0, 0.0, 101.0, 65.0, 102.0, 97.0, 37.0, 107.0, 102.0, 79.0, 76.0, 63.0, 106.0, 57.0, 105.0, 64.0, 67.0, 27.0, 66.0, 122.0, 76.0, 69.0, 49.0, 25.0, 79.0, 72.0, 68.0, 60.0, 64.0, 114.0, 59.0, 89.0], [37.0, 37.0, 76.0, 9.0, 101.0, 85.0, 137.0, 65.0, 135.0, 114.0, 92.0, 86.0, 34.0, 130.0, 106.0, 46.0, 129.0, 24.0, 100.0, 100.0, 80.0, 60.0, 28.0, 66.0, 68.0, 33.0, 74.0, 24.0, 66.0, 125.0, 126.0, 46.0, 66.0, 109.0, 76.0, 129.0, 112.0, 132.0, 54.0, 15.0, 117.0, 57.0, 95.0, 70.0, 78.0, 82.0, 108.0, 82.0, 72.0, 107.0, 107.0, 114.0, 47.0, 107.0, 9.0, 52.0, 105.0, 19.0, 87.0, 56.0, 99.0, 99.0, 77.0, 86.0, 84.0, 40.0, 72.0, 33.0, 62.0, 108.0, 112.0, 101.0, 0.0, 45.0, 105.0, 124.0, 92.0, 75.0, 5.0, 40.0, 44.0, 126.0, 100.0, 83.0, 49.0, 48.0, 88.0, 74.0, 37.0, 123.0, 31.0, 103.0, 127.0, 80.0, 22.0, 44.0, 55.0, 138.0, 65.0, 13.0, 134.0, 46.0], [76.0, 76.0, 73.0, 40.0, 59.0, 40.0, 92.0, 37.0, 90.0, 80.0, 57.0, 56.0, 27.0, 86.0, 62.0, 36.0, 84.0, 28.0, 61.0, 57.0, 69.0, 50.0, 23.0, 50.0, 27.0, 19.0, 44.0, 42.0, 40.0, 81.0, 81.0, 2.0, 21.0, 64.0, 32.0, 84.0, 68.0, 88.0, 30.0, 45.0, 78.0, 29.0, 52.0, 32.0, 35.0, 48.0, 64.0, 77.0, 48.0, 62.0, 62.0, 69.0, 4.0, 70.0, 37.0, 56.0, 74.0, 47.0, 42.0, 35.0, 61.0, 59.0, 52.0, 41.0, 49.0, 28.0, 42.0, 23.0, 30.0, 64.0, 68.0, 65.0, 45.0, 0.0, 69.0, 83.0, 48.0, 52.0, 49.0, 53.0, 54.0, 81.0, 68.0, 75.0, 41.0, 47.0, 45.0, 41.0, 34.0, 90.0, 42.0, 58.0, 82.0, 54.0, 29.0, 50.0, 58.0, 93.0, 22.0, 57.0, 89.0, 25.0], [119.0, 119.0, 138.0, 104.0, 78.0, 56.0, 75.0, 95.0, 81.0, 12.0, 13.0, 105.0, 96.0, 53.0, 73.0, 103.0, 80.0, 81.0, 88.0, 74.0, 130.0, 115.0, 77.0, 113.0, 42.0, 88.0, 32.0, 110.0, 99.0, 78.0, 47.0, 70.0, 57.0, 64.0, 47.0, 48.0, 44.0, 87.0, 51.0, 96.0, 16.0, 90.0, 71.0, 38.0, 40.0, 93.0, 41.0, 141.0, 106.0, 64.0, 70.0, 50.0, 71.0, 5.0, 96.0, 124.0, 13.0, 94.0, 56.0, 99.0, 94.0, 88.0, 107.0, 54.0, 21.0, 65.0, 33.0, 72.0, 43.0, 35.0, 72.0, 102.0, 105.0, 69.0, 0.0, 27.0, 65.0, 37.0, 110.0, 122.0, 123.0, 62.0, 8.0, 138.0, 61.0, 115.0, 35.0, 92.0, 103.0, 22.0, 111.0, 36.0, 79.0, 107.0, 96.0, 119.0, 126.0, 81.0, 49.0, 112.0, 78.0, 58.0], [143.0, 143.0, 144.0, 122.0, 71.0, 56.0, 54.0, 100.0, 62.0, 30.0, 36.0, 104.0, 109.0, 30.0, 63.0, 113.0, 63.0, 101.0, 82.0, 67.0, 134.0, 122.0, 96.0, 119.0, 57.0, 102.0, 55.0, 125.0, 104.0, 62.0, 25.0, 83.0, 66.0, 53.0, 54.0, 25.0, 30.0, 69.0, 73.0, 117.0, 11.0, 98.0, 66.0, 54.0, 49.0, 93.0, 30.0, 146.0, 110.0, 54.0, 60.0, 35.0, 83.0, 22.0, 115.0, 135.0, 38.0, 116.0, 55.0, 106.0, 90.0, 82.0, 110.0, 54.0, 43.0, 86.0, 57.0, 92.0, 62.0, 24.0, 60.0, 97.0, 124.0, 83.0, 27.0, 0.0, 61.0, 63.0, 129.0, 135.0, 135.0, 44.0, 35.0, 142.0, 85.0, 126.0, 39.0, 94.0, 115.0, 33.0, 124.0, 29.0, 63.0, 108.0, 112.0, 130.0, 135.0, 61.0, 61.0, 133.0, 58.0, 79.0], [124.0, 124.0, 85.0, 86.0, 14.0, 11.0, 46.0, 43.0, 43.0, 77.0, 60.0, 43.0, 64.0, 48.0, 15.0, 63.0, 36.0, 75.0, 23.0, 11.0, 74.0, 66.0, 70.0, 61.0, 41.0, 60.0, 62.0, 82.0, 47.0, 33.0, 46.0, 47.0, 29.0, 18.0, 26.0, 49.0, 33.0, 40.0, 64.0, 93.0, 63.0, 44.0, 6.0, 45.0, 31.0, 32.0, 32.0, 86.0, 50.0, 16.0, 14.0, 31.0, 45.0, 63.0, 84.0, 82.0, 77.0, 94.0, 11.0, 52.0, 29.0, 22.0, 49.0, 12.0, 57.0, 71.0, 62.0, 69.0, 55.0, 37.0, 20.0, 37.0, 92.0, 48.0, 65.0, 61.0, 0.0, 75.0, 95.0, 86.0, 84.0, 37.0, 70.0, 82.0, 79.0, 73.0, 31.0, 35.0, 68.0, 85.0, 78.0, 32.0, 34.0, 47.0, 73.0, 80.0, 81.0, 45.0, 36.0, 105.0, 42.0, 65.0], [84.0, 84.0, 125.0, 76.0, 89.0, 64.0, 102.0, 87.0, 105.0, 42.0, 27.0, 104.0, 76.0, 83.0, 87.0, 87.0, 102.0, 52.0, 97.0, 86.0, 121.0, 102.0, 50.0, 103.0, 35.0, 68.0, 13.0, 86.0, 91.0, 99.0, 77.0, 54.0, 53.0, 82.0, 49.0, 79.0, 69.0, 108.0, 23.0, 63.0, 53.0, 80.0, 80.0, 30.0, 44.0, 92.0, 65.0, 129.0, 99.0, 81.0, 85.0, 74.0, 56.0, 41.0, 67.0, 107.0, 32.0, 61.0, 64.0, 87.0, 100.0, 95.0, 102.0, 63.0, 22.0, 35.0, 13.0, 44.0, 24.0, 60.0, 89.0, 107.0, 75.0, 52.0, 37.0, 63.0, 75.0, 0.0, 80.0, 101.0, 103.0, 88.0, 30.0, 127.0, 27.0, 98.0, 48.0, 88.0, 84.0, 50.0, 89.0, 58.0, 100.0, 103.0, 72.0, 100.0, 109.0, 106.0, 43.0, 80.0, 102.0, 31.0], [38.0, 38.0, 74.0, 9.0, 104.0, 89.0, 140.0, 66.0, 138.0, 119.0, 97.0, 87.0, 35.0, 134.0, 109.0, 46.0, 131.0, 29.0, 102.0, 103.0, 79.0, 59.0, 33.0, 65.0, 72.0, 35.0, 79.0, 22.0, 67.0, 128.0, 130.0, 50.0, 70.0, 112.0, 80.0, 133.0, 116.0, 135.0, 59.0, 20.0, 121.0, 58.0, 98.0, 75.0, 82.0, 84.0, 112.0, 80.0, 72.0, 110.0, 110.0, 118.0, 51.0, 112.0, 14.0, 50.0, 110.0, 24.0, 90.0, 56.0, 100.0, 101.0, 78.0, 90.0, 89.0, 45.0, 77.0, 38.0, 67.0, 112.0, 115.0, 102.0, 5.0, 49.0, 110.0, 129.0, 95.0, 80.0, 0.0, 37.0, 42.0, 130.0, 105.0, 81.0, 55.0, 47.0, 93.0, 75.0, 37.0, 128.0, 30.0, 107.0, 130.0, 81.0, 23.0, 42.0, 53.0, 141.0, 70.0, 13.0, 137.0, 51.0], [75.0, 75.0, 37.0, 32.0, 90.0, 83.0, 131.0, 45.0, 126.0, 133.0, 110.0, 62.0, 26.0, 132.0, 97.0, 23.0, 119.0, 52.0, 84.0, 90.0, 44.0, 27.0, 53.0, 35.0, 80.0, 34.0, 95.0, 17.0, 43.0, 116.0, 129.0, 53.0, 69.0, 103.0, 81.0, 132.0, 115.0, 121.0, 78.0, 55.0, 130.0, 42.0, 86.0, 85.0, 86.0, 63.0, 112.0, 43.0, 46.0, 101.0, 99.0, 114.0, 52.0, 123.0, 42.0, 13.0, 126.0, 58.0, 85.0, 34.0, 80.0, 83.0, 51.0, 85.0, 102.0, 68.0, 93.0, 58.0, 81.0, 113.0, 104.0, 79.0, 40.0, 53.0, 122.0, 135.0, 86.0, 101.0, 37.0, 0.0, 5.0, 123.0, 120.0, 45.0, 80.0, 14.0, 95.0, 55.0, 20.0, 143.0, 12.0, 108.0, 118.0, 54.0, 29.0, 7.0, 16.0, 130.0, 74.0, 49.0, 127.0, 70.0], [79.0, 79.0, 32.0, 36.0, 88.0, 83.0, 130.0, 43.0, 125.0, 134.0, 111.0, 58.0, 28.0, 131.0, 95.0, 22.0, 117.0, 56.0, 82.0, 88.0, 39.0, 24.0, 56.0, 31.0, 81.0, 36.0, 97.0, 21.0, 41.0, 114.0, 128.0, 54.0, 69.0, 102.0, 81.0, 131.0, 114.0, 119.0, 80.0, 59.0, 131.0, 40.0, 85.0, 86.0, 86.0, 61.0, 111.0, 39.0, 42.0, 100.0, 97.0, 114.0, 52.0, 124.0, 46.0, 8.0, 128.0, 62.0, 84.0, 32.0, 77.0, 80.0, 47.0, 85.0, 103.0, 70.0, 95.0, 61.0, 83.0, 113.0, 102.0, 76.0, 44.0, 54.0, 123.0, 135.0, 84.0, 103.0, 42.0, 5.0, 0.0, 122.0, 122.0, 40.0, 83.0, 11.0, 95.0, 53.0, 20.0, 144.0, 15.0, 107.0, 116.0, 51.0, 32.0, 5.0, 11.0, 128.0, 74.0, 54.0, 125.0, 73.0], [154.0, 154.0, 121.0, 121.0, 38.0, 41.0, 14.0, 80.0, 19.0, 70.0, 64.0, 76.0, 101.0, 16.0, 29.0, 100.0, 20.0, 106.0, 49.0, 36.0, 109.0, 103.0, 101.0, 98.0, 63.0, 96.0, 76.0, 119.0, 83.0, 19.0, 19.0, 80.0, 60.0, 20.0, 51.0, 20.0, 19.0, 26.0, 87.0, 124.0, 51.0, 82.0, 38.0, 64.0, 51.0, 66.0, 23.0, 121.0, 86.0, 22.0, 26.0, 14.0, 79.0, 58.0, 117.0, 119.0, 76.0, 125.0, 39.0, 90.0, 56.0, 49.0, 84.0, 40.0, 66.0, 97.0, 77.0, 99.0, 76.0, 29.0, 23.0, 63.0, 126.0, 81.0, 62.0, 44.0, 37.0, 88.0, 130.0, 123.0, 122.0, 0.0, 70.0, 117.0, 102.0, 111.0, 43.0, 71.0, 104.0, 75.0, 115.0, 30.0, 19.0, 82.0, 108.0, 117.0, 119.0, 19.0, 62.0, 138.0, 15.0, 90.0], [113.0, 113.0, 138.0, 100.0, 83.0, 60.0, 83.0, 96.0, 88.0, 13.0, 11.0, 107.0, 94.0, 61.0, 78.0, 103.0, 87.0, 77.0, 93.0, 79.0, 131.0, 115.0, 73.0, 114.0, 42.0, 86.0, 27.0, 107.0, 100.0, 85.0, 55.0, 68.0, 58.0, 70.0, 49.0, 56.0, 51.0, 93.0, 47.0, 91.0, 25.0, 91.0, 75.0, 36.0, 42.0, 95.0, 48.0, 141.0, 107.0, 70.0, 75.0, 57.0, 70.0, 13.0, 92.0, 124.0, 7.0, 89.0, 60.0, 99.0, 98.0, 92.0, 109.0, 58.0, 18.0, 60.0, 29.0, 68.0, 39.0, 42.0, 78.0, 106.0, 100.0, 68.0, 8.0, 35.0, 70.0, 30.0, 105.0, 120.0, 122.0, 70.0, 0.0, 139.0, 55.0, 115.0, 39.0, 94.0, 101.0, 23.0, 109.0, 42.0, 86.0, 109.0, 93.0, 117.0, 125.0, 89.0, 49.0, 107.0, 85.0, 54.0], [119.0, 119.0, 10.0, 74.0, 79.0, 86.0, 121.0, 43.0, 113.0, 149.0, 128.0, 41.0, 56.0, 130.0, 87.0, 42.0, 106.0, 88.0, 69.0, 81.0, 8.0, 26.0, 86.0, 25.0, 97.0, 62.0, 118.0, 59.0, 38.0, 103.0, 128.0, 74.0, 81.0, 97.0, 91.0, 131.0, 115.0, 106.0, 105.0, 96.0, 141.0, 48.0, 80.0, 103.0, 97.0, 51.0, 114.0, 5.0, 32.0, 95.0, 90.0, 113.0, 72.0, 137.0, 82.0, 32.0, 145.0, 99.0, 87.0, 40.0, 62.0, 68.0, 33.0, 88.0, 121.0, 100.0, 116.0, 91.0, 104.0, 118.0, 94.0, 57.0, 83.0, 75.0, 138.0, 142.0, 82.0, 127.0, 81.0, 45.0, 40.0, 117.0, 139.0, 0.0, 113.0, 35.0, 104.0, 48.0, 49.0, 159.0, 52.0, 112.0, 105.0, 35.0, 66.0, 40.0, 29.0, 116.0, 89.0, 94.0, 115.0, 99.0], [58.0, 58.0, 109.0, 52.0, 92.0, 69.0, 115.0, 77.0, 116.0, 68.0, 50.0, 97.0, 58.0, 101.0, 93.0, 71.0, 112.0, 28.0, 97.0, 90.0, 107.0, 87.0, 28.0, 89.0, 40.0, 51.0, 30.0, 64.0, 81.0, 109.0, 95.0, 42.0, 51.0, 91.0, 54.0, 98.0, 84.0, 118.0, 15.0, 37.0, 76.0, 69.0, 84.0, 38.0, 52.0, 88.0, 80.0, 114.0, 89.0, 90.0, 92.0, 88.0, 45.0, 65.0, 42.0, 88.0, 58.0, 34.0, 70.0, 74.0, 99.0, 96.0, 93.0, 68.0, 43.0, 13.0, 29.0, 23.0, 27.0, 77.0, 97.0, 105.0, 49.0, 41.0, 61.0, 85.0, 79.0, 27.0, 55.0, 80.0, 83.0, 102.0, 55.0, 113.0, 0.0, 80.0, 60.0, 81.0, 66.0, 77.0, 68.0, 73.0, 110.0, 94.0, 51.0, 80.0, 91.0, 118.0, 44.0, 54.0, 114.0, 16.0], [85.0, 85.0, 29.0, 39.0, 76.0, 72.0, 118.0, 31.0, 113.0, 127.0, 104.0, 47.0, 22.0, 120.0, 84.0, 12.0, 106.0, 54.0, 70.0, 77.0, 32.0, 13.0, 53.0, 20.0, 73.0, 30.0, 91.0, 24.0, 29.0, 103.0, 118.0, 46.0, 60.0, 91.0, 72.0, 121.0, 104.0, 108.0, 75.0, 61.0, 122.0, 29.0, 73.0, 78.0, 77.0, 49.0, 101.0, 35.0, 31.0, 89.0, 86.0, 103.0, 45.0, 116.0, 47.0, 9.0, 121.0, 64.0, 74.0, 21.0, 65.0, 69.0, 36.0, 74.0, 96.0, 67.0, 89.0, 58.0, 77.0, 103.0, 91.0, 64.0, 48.0, 47.0, 115.0, 126.0, 73.0, 98.0, 47.0, 14.0, 11.0, 111.0, 115.0, 35.0, 80.0, 0.0, 86.0, 41.0, 15.0, 137.0, 17.0, 98.0, 104.0, 39.0, 31.0, 7.0, 11.0, 116.0, 66.0, 59.0, 113.0, 68.0], [113.0, 113.0, 105.0, 85.0, 44.0, 21.0, 56.0, 62.0, 58.0, 47.0, 29.0, 70.0, 70.0, 43.0, 40.0, 74.0, 54.0, 66.0, 54.0, 40.0, 96.0, 83.0, 61.0, 80.0, 22.0, 63.0, 35.0, 86.0, 66.0, 51.0, 38.0, 44.0, 26.0, 34.0, 14.0, 41.0, 25.0, 60.0, 45.0, 84.0, 37.0, 58.0, 36.0, 22.0, 10.0, 57.0, 21.0, 108.0, 72.0, 34.0, 38.0, 29.0, 45.0, 33.0, 79.0, 95.0, 46.0, 84.0, 21.0, 67.0, 59.0, 53.0, 73.0, 19.0, 27.0, 56.0, 35.0, 58.0, 33.0, 20.0, 42.0, 67.0, 88.0, 45.0, 35.0, 39.0, 31.0, 48.0, 93.0, 95.0, 95.0, 43.0, 39.0, 104.0, 60.0, 86.0, 0.0, 57.0, 76.0, 56.0, 85.0, 14.0, 53.0, 72.0, 74.0, 91.0, 96.0, 59.0, 23.0, 99.0, 55.0, 48.0], [110.0, 110.0, 50.0, 66.0, 35.0, 38.0, 78.0, 10.0, 72.0, 103.0, 83.0, 16.0, 41.0, 83.0, 43.0, 33.0, 65.0, 65.0, 29.0, 36.0, 40.0, 32.0, 61.0, 26.0, 54.0, 41.0, 77.0, 57.0, 12.0, 62.0, 81.0, 39.0, 36.0, 51.0, 45.0, 84.0, 68.0, 66.0, 69.0, 80.0, 93.0, 17.0, 34.0, 60.0, 52.0, 9.0, 66.0, 51.0, 15.0, 49.0, 45.0, 66.0, 37.0, 90.0, 68.0, 48.0, 101.0, 83.0, 39.0, 21.0, 25.0, 28.0, 16.0, 40.0, 77.0, 69.0, 76.0, 63.0, 65.0, 70.0, 50.0, 27.0, 74.0, 41.0, 92.0, 94.0, 35.0, 88.0, 75.0, 55.0, 53.0, 71.0, 94.0, 48.0, 81.0, 41.0, 57.0, 0.0, 40.0, 113.0, 51.0, 65.0, 63.0, 15.0, 52.0, 48.0, 48.0, 75.0, 46.0, 87.0, 73.0, 66.0], [75.0, 75.0, 43.0, 28.0, 73.0, 64.0, 113.0, 30.0, 109.0, 114.0, 91.0, 50.0, 8.0, 113.0, 80.0, 9.0, 102.0, 40.0, 69.0, 73.0, 44.0, 24.0, 39.0, 29.0, 61.0, 16.0, 77.0, 17.0, 30.0, 99.0, 109.0, 33.0, 49.0, 85.0, 62.0, 112.0, 95.0, 105.0, 61.0, 48.0, 111.0, 24.0, 69.0, 65.0, 66.0, 49.0, 92.0, 49.0, 35.0, 83.0, 81.0, 95.0, 32.0, 104.0, 35.0, 23.0, 108.0, 51.0, 66.0, 20.0, 66.0, 68.0, 41.0, 66.0, 83.0, 53.0, 75.0, 43.0, 63.0, 94.0, 86.0, 66.0, 37.0, 34.0, 103.0, 115.0, 68.0, 84.0, 37.0, 20.0, 20.0, 104.0, 101.0, 49.0, 66.0, 15.0, 76.0, 40.0, 0.0, 124.0, 11.0, 88.0, 100.0, 44.0, 17.0, 16.0, 25.0, 112.0, 54.0, 50.0, 109.0, 54.0], [134.0, 134.0, 159.0, 123.0, 97.0, 77.0, 87.0, 116.0, 94.0, 10.0, 33.0, 126.0, 117.0, 62.0, 91.0, 125.0, 95.0, 99.0, 108.0, 93.0, 152.0, 137.0, 96.0, 135.0, 64.0, 109.0, 50.0, 130.0, 121.0, 93.0, 57.0, 91.0, 79.0, 81.0, 68.0, 58.0, 59.0, 101.0, 70.0, 113.0, 24.0, 112.0, 90.0, 59.0, 62.0, 114.0, 57.0, 162.0, 127.0, 82.0, 88.0, 65.0, 92.0, 23.0, 114.0, 146.0, 19.0, 111.0, 76.0, 121.0, 114.0, 107.0, 129.0, 75.0, 41.0, 83.0, 52.0, 91.0, 62.0, 51.0, 89.0, 122.0, 123.0, 90.0, 22.0, 33.0, 85.0, 50.0, 128.0, 143.0, 144.0, 75.0, 23.0, 159.0, 77.0, 137.0, 56.0, 113.0, 124.0, 0.0, 131.0, 54.0, 94.0, 128.0, 116.0, 140.0, 147.0, 94.0, 71.0, 130.0, 90.0, 77.0], [68.0, 68.0, 45.0, 23.0, 84.0, 75.0, 124.0, 41.0, 120.0, 121.0, 99.0, 60.0, 15.0, 123.0, 91.0, 18.0, 113.0, 41.0, 80.0, 84.0, 49.0, 29.0, 41.0, 36.0, 69.0, 23.0, 83.0, 8.0, 40.0, 110.0, 120.0, 42.0, 59.0, 96.0, 71.0, 123.0, 106.0, 116.0, 66.0, 45.0, 119.0, 35.0, 80.0, 73.0, 75.0, 59.0, 102.0, 51.0, 44.0, 94.0, 92.0, 106.0, 41.0, 112.0, 32.0, 21.0, 114.0, 48.0, 77.0, 30.0, 76.0, 78.0, 50.0, 77.0, 91.0, 56.0, 81.0, 46.0, 70.0, 104.0, 97.0, 76.0, 31.0, 42.0, 111.0, 124.0, 78.0, 89.0, 30.0, 12.0, 15.0, 115.0, 109.0, 52.0, 68.0, 17.0, 85.0, 51.0, 11.0, 131.0, 0.0, 98.0, 111.0, 53.0, 17.0, 13.0, 24.0, 123.0, 63.0, 43.0, 120.0, 58.0], [127.0, 127.0, 115.0, 99.0, 43.0, 27.0, 44.0, 71.0, 47.0, 46.0, 35.0, 75.0, 83.0, 28.0, 37.0, 86.0, 45.0, 81.0, 55.0, 40.0, 105.0, 93.0, 76.0, 90.0, 36.0, 76.0, 46.0, 100.0, 75.0, 43.0, 23.0, 58.0, 39.0, 28.0, 27.0, 26.0, 11.0, 52.0, 58.0, 99.0, 30.0, 69.0, 37.0, 35.0, 24.0, 63.0, 7.0, 116.0, 80.0, 29.0, 34.0, 16.0, 58.0, 32.0, 94.0, 106.0, 49.0, 98.0, 26.0, 78.0, 61.0, 54.0, 80.0, 25.0, 36.0, 70.0, 47.0, 72.0, 47.0, 6.0, 36.0, 69.0, 103.0, 58.0, 36.0, 29.0, 32.0, 58.0, 107.0, 108.0, 107.0, 30.0, 42.0, 112.0, 73.0, 98.0, 14.0, 65.0, 88.0, 54.0, 98.0, 0.0, 44.0, 79.0, 88.0, 103.0, 107.0, 49.0, 37.0, 113.0, 45.0, 62.0], [158.0, 158.0, 110.0, 121.0, 28.0, 43.0, 16.0, 73.0, 9.0, 88.0, 79.0, 64.0, 98.0, 35.0, 21.0, 95.0, 2.0, 109.0, 36.0, 27.0, 97.0, 95.0, 104.0, 89.0, 71.0, 95.0, 88.0, 116.0, 75.0, 2.0, 38.0, 81.0, 62.0, 19.0, 56.0, 39.0, 35.0, 8.0, 95.0, 127.0, 69.0, 76.0, 32.0, 73.0, 59.0, 56.0, 38.0, 109.0, 77.0, 20.0, 20.0, 29.0, 80.0, 75.0, 119.0, 111.0, 92.0, 128.0, 41.0, 83.0, 43.0, 37.0, 74.0, 43.0, 79.0, 103.0, 88.0, 103.0, 84.0, 44.0, 14.0, 49.0, 127.0, 82.0, 79.0, 63.0, 34.0, 100.0, 130.0, 118.0, 116.0, 19.0, 86.0, 105.0, 110.0, 104.0, 53.0, 63.0, 100.0, 94.0, 111.0, 44.0, 0.0, 71.0, 107.0, 111.0, 111.0, 12.0, 67.0, 139.0, 10.0, 97.0], [117.0, 117.0, 40.0, 72.0, 44.0, 52.0, 86.0, 17.0, 80.0, 118.0, 98.0, 8.0, 47.0, 95.0, 53.0, 35.0, 72.0, 76.0, 35.0, 46.0, 27.0, 27.0, 72.0, 20.0, 69.0, 49.0, 92.0, 60.0, 15.0, 69.0, 93.0, 52.0, 51.0, 62.0, 60.0, 96.0, 81.0, 73.0, 83.0, 89.0, 108.0, 26.0, 45.0, 75.0, 67.0, 16.0, 80.0, 39.0, 9.0, 60.0, 55.0, 78.0, 49.0, 105.0, 76.0, 44.0, 116.0, 92.0, 53.0, 24.0, 28.0, 34.0, 3.0, 54.0, 92.0, 82.0, 90.0, 75.0, 79.0, 84.0, 59.0, 25.0, 80.0, 54.0, 107.0, 108.0, 47.0, 103.0, 81.0, 54.0, 51.0, 82.0, 109.0, 35.0, 94.0, 39.0, 72.0, 15.0, 44.0, 128.0, 53.0, 79.0, 71.0, 0.0, 59.0, 47.0, 43.0, 83.0, 61.0, 93.0, 81.0, 79.0], [58.0, 58.0, 60.0, 14.0, 81.0, 67.0, 119.0, 43.0, 116.0, 106.0, 84.0, 65.0, 12.0, 114.0, 86.0, 25.0, 109.0, 24.0, 79.0, 80.0, 62.0, 41.0, 24.0, 46.0, 55.0, 13.0, 67.0, 14.0, 45.0, 106.0, 110.0, 29.0, 49.0, 90.0, 61.0, 113.0, 96.0, 113.0, 49.0, 31.0, 106.0, 36.0, 75.0, 59.0, 64.0, 61.0, 93.0, 66.0, 51.0, 88.0, 87.0, 97.0, 30.0, 98.0, 17.0, 38.0, 99.0, 34.0, 69.0, 35.0, 77.0, 78.0, 56.0, 69.0, 76.0, 39.0, 65.0, 29.0, 54.0, 93.0, 93.0, 79.0, 22.0, 29.0, 96.0, 112.0, 73.0, 72.0, 23.0, 29.0, 32.0, 108.0, 93.0, 66.0, 51.0, 31.0, 74.0, 52.0, 17.0, 116.0, 17.0, 88.0, 107.0, 59.0, 0.0, 29.0, 40.0, 118.0, 51.0, 35.0, 115.0, 42.0], [80.0, 80.0, 32.0, 35.0, 83.0, 78.0, 125.0, 38.0, 120.0, 130.0, 107.0, 54.0, 23.0, 126.0, 91.0, 17.0, 113.0, 53.0, 77.0, 84.0, 38.0, 20.0, 52.0, 28.0, 76.0, 32.0, 93.0, 20.0, 36.0, 109.0, 123.0, 49.0, 64.0, 97.0, 77.0, 126.0, 109.0, 115.0, 76.0, 57.0, 126.0, 35.0, 80.0, 81.0, 81.0, 56.0, 106.0, 39.0, 38.0, 95.0, 92.0, 109.0, 48.0, 119.0, 44.0, 9.0, 123.0, 61.0, 80.0, 28.0, 73.0, 76.0, 44.0, 80.0, 99.0, 67.0, 91.0, 58.0, 79.0, 108.0, 97.0, 72.0, 44.0, 50.0, 119.0, 130.0, 80.0, 100.0, 42.0, 7.0, 5.0, 117.0, 117.0, 40.0, 80.0, 7.0, 91.0, 48.0, 16.0, 140.0, 13.0, 103.0, 111.0, 47.0, 29.0, 0.0, 12.0, 123.0, 70.0, 54.0, 120.0, 69.0], [91.0, 91.0, 21.0, 47.0, 83.0, 81.0, 125.0, 38.0, 120.0, 137.0, 114.0, 51.0, 33.0, 129.0, 91.0, 22.0, 112.0, 64.0, 76.0, 84.0, 28.0, 16.0, 63.0, 23.0, 83.0, 41.0, 102.0, 31.0, 35.0, 109.0, 126.0, 57.0, 70.0, 98.0, 82.0, 130.0, 113.0, 114.0, 86.0, 69.0, 132.0, 38.0, 81.0, 89.0, 87.0, 55.0, 110.0, 27.0, 35.0, 96.0, 93.0, 112.0, 55.0, 126.0, 56.0, 3.0, 131.0, 72.0, 83.0, 29.0, 70.0, 75.0, 39.0, 83.0, 107.0, 77.0, 100.0, 68.0, 87.0, 113.0, 98.0, 68.0, 55.0, 58.0, 126.0, 135.0, 81.0, 109.0, 53.0, 16.0, 11.0, 119.0, 125.0, 29.0, 91.0, 11.0, 96.0, 48.0, 25.0, 147.0, 24.0, 107.0, 111.0, 43.0, 40.0, 12.0, 0.0, 123.0, 76.0, 65.0, 120.0, 79.0], [168.0, 168.0, 122.0, 132.0, 40.0, 53.0, 8.0, 85.0, 3.0, 89.0, 83.0, 76.0, 110.0, 32.0, 33.0, 107.0, 11.0, 120.0, 48.0, 39.0, 109.0, 107.0, 114.0, 101.0, 79.0, 106.0, 94.0, 127.0, 88.0, 14.0, 36.0, 92.0, 72.0, 29.0, 65.0, 37.0, 38.0, 12.0, 103.0, 138.0, 70.0, 88.0, 44.0, 81.0, 67.0, 68.0, 42.0, 121.0, 89.0, 30.0, 31.0, 32.0, 90.0, 77.0, 129.0, 124.0, 95.0, 138.0, 51.0, 95.0, 55.0, 49.0, 86.0, 52.0, 84.0, 112.0, 94.0, 112.0, 92.0, 47.0, 26.0, 60.0, 138.0, 93.0, 81.0, 61.0, 45.0, 106.0, 141.0, 130.0, 128.0, 19.0, 89.0, 116.0, 118.0, 116.0, 59.0, 75.0, 112.0, 94.0, 123.0, 49.0, 12.0, 83.0, 118.0, 123.0, 123.0, 0.0, 76.0, 150.0, 4.0, 105.0], [92.0, 92.0, 89.0, 62.0, 49.0, 25.0, 74.0, 47.0, 74.0, 61.0, 39.0, 61.0, 48.0, 65.0, 50.0, 54.0, 69.0, 44.0, 55.0, 46.0, 82.0, 66.0, 39.0, 64.0, 8.0, 41.0, 31.0, 64.0, 51.0, 66.0, 60.0, 22.0, 10.0, 48.0, 12.0, 63.0, 47.0, 74.0, 29.0, 62.0, 56.0, 41.0, 41.0, 14.0, 13.0, 50.0, 43.0, 92.0, 58.0, 47.0, 49.0, 49.0, 22.0, 50.0, 56.0, 75.0, 56.0, 63.0, 26.0, 50.0, 58.0, 53.0, 61.0, 25.0, 32.0, 36.0, 30.0, 36.0, 20.0, 43.0, 54.0, 64.0, 65.0, 22.0, 49.0, 61.0, 36.0, 43.0, 70.0, 74.0, 74.0, 62.0, 49.0, 89.0, 44.0, 66.0, 23.0, 46.0, 54.0, 71.0, 63.0, 37.0, 67.0, 61.0, 51.0, 70.0, 76.0, 76.0, 0.0, 76.0, 73.0, 29.0], [26.0, 26.0, 86.0, 21.0, 114.0, 97.0, 149.0, 78.0, 147.0, 120.0, 100.0, 99.0, 47.0, 141.0, 119.0, 58.0, 141.0, 33.0, 113.0, 113.0, 92.0, 72.0, 38.0, 78.0, 78.0, 46.0, 81.0, 35.0, 79.0, 138.0, 137.0, 58.0, 78.0, 121.0, 88.0, 140.0, 123.0, 145.0, 61.0, 17.0, 125.0, 70.0, 108.0, 80.0, 89.0, 96.0, 119.0, 93.0, 85.0, 119.0, 119.0, 126.0, 60.0, 115.0, 20.0, 62.0, 111.0, 19.0, 99.0, 69.0, 112.0, 112.0, 90.0, 98.0, 92.0, 47.0, 79.0, 42.0, 71.0, 119.0, 125.0, 114.0, 13.0, 57.0, 112.0, 133.0, 105.0, 80.0, 13.0, 49.0, 54.0, 138.0, 107.0, 94.0, 54.0, 59.0, 99.0, 87.0, 50.0, 130.0, 43.0, 113.0, 139.0, 93.0, 35.0, 54.0, 65.0, 150.0, 76.0, 0.0, 146.0, 54.0], [164.0, 164.0, 120.0, 128.0, 37.0, 49.0, 6.0, 82.0, 4.0, 86.0, 79.0, 74.0, 106.0, 29.0, 30.0, 104.0, 9.0, 116.0, 46.0, 36.0, 107.0, 105.0, 110.0, 98.0, 75.0, 102.0, 90.0, 124.0, 85.0, 11.0, 33.0, 88.0, 69.0, 25.0, 61.0, 34.0, 34.0, 13.0, 99.0, 134.0, 66.0, 85.0, 40.0, 77.0, 63.0, 66.0, 38.0, 119.0, 86.0, 27.0, 28.0, 28.0, 87.0, 73.0, 126.0, 121.0, 91.0, 135.0, 47.0, 93.0, 53.0, 47.0, 84.0, 48.0, 80.0, 109.0, 90.0, 109.0, 88.0, 44.0, 23.0, 59.0, 134.0, 89.0, 78.0, 58.0, 42.0, 102.0, 137.0, 127.0, 125.0, 15.0, 85.0, 115.0, 114.0, 113.0, 55.0, 73.0, 109.0, 90.0, 120.0, 45.0, 10.0, 81.0, 115.0, 120.0, 120.0, 4.0, 73.0, 146.0, 0.0, 102.0], [65.0, 65.0, 96.0, 46.0, 77.0, 54.0, 103.0, 62.0, 103.0, 67.0, 46.0, 81.0, 46.0, 91.0, 79.0, 58.0, 98.0, 22.0, 82.0, 75.0, 93.0, 73.0, 19.0, 75.0, 27.0, 38.0, 27.0, 55.0, 66.0, 95.0, 85.0, 27.0, 36.0, 77.0, 40.0, 88.0, 73.0, 104.0, 8.0, 38.0, 71.0, 54.0, 69.0, 27.0, 39.0, 72.0, 69.0, 101.0, 74.0, 76.0, 78.0, 77.0, 29.0, 61.0, 37.0, 77.0, 59.0, 37.0, 56.0, 60.0, 84.0, 80.0, 78.0, 54.0, 38.0, 7.0, 25.0, 14.0, 17.0, 67.0, 83.0, 89.0, 46.0, 25.0, 58.0, 79.0, 65.0, 31.0, 51.0, 70.0, 73.0, 90.0, 54.0, 99.0, 16.0, 68.0, 48.0, 66.0, 54.0, 77.0, 58.0, 62.0, 97.0, 79.0, 42.0, 69.0, 79.0, 105.0, 29.0, 54.0, 102.0, 0.0]]
