70 3718.34 0 1680 28 60
[3538.64, 2092.61, 9302.66, 6535.81, 7961.5, 4956.6, 6480.37, 8004.07, 9777.61, 1850.95, 1858.35, 7618.76, 9590.72, 3219.95, 5352.67, 1639.21, 626.74, 7375.86, 7580.05, 7399.05, 3776.24, 9878.63, 1711.51, 4908.47, 9267.89, 7195.6, 438.24, 566.34, 3621.09, 6956.16, 4678.36, 9405.55, 7448.64, 6493.44, 8675.07, 4103.96, 2999.3, 9585.52, 3528.97, 7541.41, 1367.51, 6525.75, 3659.16, 5127.78, 121.87, 2686.07, 6338.19, 9133.59, 1349.98, 5976.0, 9625.24, 3989.12, 1492.78, 2971.56, 3677.06, 2824.92, 2754.34, 502.83, 111.38, 5729.27, 2930.62, 7447.4, 2573.98, 5182.18, 8032.51, 5683.5, 6225.33, 9421.87, 4177.47, 2946.27]
[7379.99, 1160.95, 8107.27, 6096.1, 3529.69, 2657.56, 8932.09, 3767.97, 6661.15, 2636.85, 8116.32, 2255.26, 2808.31, 3145.72, 5405.89, 8984.25, 8305.17, 8308.49, 5055.42, 8010.55, 3626.19, 4427.64, 5869.74, 7218.69, 8279.85, 8186.49, 8101.62, 8092.12, 2560.37, 4680.41, 1258.23, 7606.89, 4059.54, 4264.31, 1744.41, 6056.39, 7312.9, 5270.48, 1279.41, 1756.01, 6151.88, 2023.83, 7653.23, 4381.07, 8111.85, 3518.02, 6813.97, 3520.59, 4212.33, 4153.2, 1210.09, 3131.92, 4696.16, 1657.78, 7840.69, 6007.4, 5872.17, 8523.08, 1755.46, 4295.37, 1564.99, 1321.92, 7518.93, 1469.02, 4878.02, 6307.16, 8687.75, 5376.92, 8860.82, 2331.71]
[4, 2, 9, 6, 8, 5, 6, 8, 9, 2, 2, 7, 9, 3, 5, 2, 1, 7, 7, 7, 4, 9, 2, 5, 9, 7, 1, 1, 4, 7, 5, 9, 7, 6, 8, 4, 3, 9, 4, 7, 2, 6, 4, 5, 1, 3, 6, 9, 2, 6, 9, 4, 2, 3, 4, 3, 3, 1, 1, 6, 3, 7, 3, 5, 8, 6, 6, 9, 4, 3]
[1, 2, 3, 4, 5, 6, 7, 8, 9, 10, 11, 12, 13, 14, 15, 16, 17, 18, 19, 20, 21, 22, 23, 24, 25, 26, 27, 28, 29, 30, 31, 32, 33, 34, 35, 36, 37, 38, 39, 40, 41, 42, 43, 44, 45, 46, 47, 48, 49, 50, 51, 52, 53, 54, 55, 56, 57, 58, 59, 60, 61, 62, 63, 64, 65, 66, 67, 68, 69, 70]
[1, 3, 2, 3, 3, 2, 3, 3, 2, 3, 3, 1, 2, 3, 2, 3, 2, 1, 1, 1, 1, 2, 3, 2, 2, 1, 2, 2, 1, 1, 2, 2, 1, 3, 3, 1, 3, 2, 1, 1, 3, 3, 1, 2, 2, 3, 3, 2, 3, 3, 2, 1, 3, 3, 1, 3, 3, 2, 2, 3, 3, 1, 3, 2, 3, 3, 3, 2, 1, 3]
[2, 1, 1, 2, 3, 3, 2, 3, 1, 1, 1, 1, 1, 2, 3, 1, 3, 1, 1, 1, 2, 1, 1, 3, 1, 1, 3, 3, 2, 1, 3, 1, 1, 2, 3, 2, 2, 1, 2, 1, 1, 2, 2, 3, 3, 2, 2, 1, 1, 2, 1, 2, 1, 2, 2, 2, 2, 3, 3, 2, 2, 1, 2, 3, 3, 2, 2, 1, 2, 2]
[5, 3, 3, 5, 3, 6, 9, 4, 8, 1, 4, 3, 7, 3, 7, 6, 4, 8, 4, 8, 2, 8, 3, 7, 6, 10, 10, 4, 1, 6, 4, 9, 6, 6, 9, 10, 1, 8, 2, 8, 10, 7, 5, 10, 6, 1, 6, 1, 8, 5, 7, 3, 9, 10, 9, 2, 8, 1, 8, 7, 10, 4, 8, 1, 9, 3, 5, 8, 9, 6]
[4224.66, 4230.67, 4102.27, 3890.48, 4031.5, 4618.48, 4389.05, 4304.43, 4360.2, 4399.28, 4111.76, 4254.37, 3264.61, 4379.37, 3742.7, 4860.44, 4138.05, 3972.79, 3641.8, 4754.98, 4270.4, 3647.87, 4100.95, 3595.17, 4702.33, 3657.73, 3868.05, 4177.91, 4451.17, 4739.23, 3395.25, 4390.77, 4678.53, 4731.56, 4385.41, 3596.42, 4543.28, 3791.0, 3996.97, 4206.14, 3591.12, 4202.85, 4649.37, 3870.77, 4633.53, 4433.8, 4927.71, 4535.34, 3674.98, 4634.02, 3680.15, 4059.66, 4390.58, 3618.45, 4384.5, 3629.31, 4754.06, 4519.39, 3878.62, 3177.6, 3639.68, 3294.93, 4576.42, 4418.2, 4387.99, 4385.25, 4632.2, 4196.03, 4384.38, 4627.89]
[0.25, 0.65, 0.66, 0.22, 0.65, 0.29, 0.78, 0.59, 0.41, 0.56, 0.24, 0.69, 0.13, 0.67, 0.35, 0.37, 0.65, 0.39, 0.41, 0.42, 0.28, 0.62, 0.69, 0.06, 0.34, 0.64, 0.67, 0.54, 0.59, 0.23, 0.72, 0.86, 0.5, 0.51, 0.71, 0.53, 0.64, 0.39, 0.82, 0.63, 0.39, 0.17, 0.31, 0.39, 0.35, 0.59, 0.24, 0.54, 0.38, 0.25, 0.3, 0.75, 0.72, 0.42, 0.85, 0.25, 0.39, 0.57, 0.46, 0.19, 0.41, 0.52, 0.51, 0.58, 0.77, 0.61, 0.28, 0.64, 0.69, 0.4]
[0.76, 1.1, 0.56, 0.6, 0.59, 0.75, 0.72, 0.76, 0.67, 0.9, 0.51, 0.55, 1.05, 1.09, 0.69, 0.55, 0.75, 0.7, 0.93, 0.96, 0.64, 0.9, 0.79, 0.79, 0.88, 0.72, 0.85, 0.75, 1.03, 0.68, 0.93, 1.06, 0.53, 1.08, 1.08, 1.09, 0.52, 0.88, 0.5, 0.76, 0.85, 1.03, 0.77, 1.03, 0.73, 0.67, 0.54, 0.51, 1.0, 1.09, 0.72, 0.61, 0.69, 0.78, 0.9, 0.85, 0.88, 0.57, 0.74, 0.69, 0.66, 0.85, 1.02, 0.79, 0.57, 1.02, 0.82, 1.1, 0.51, 0.56]
[0.67, 0.91, 0.88, 1.05, 1.08, 0.91, 0.95, 0.75, 0.7, 0.8, 0.94, 0.67, 0.78, 0.76, 0.68, 0.89, 0.88, 0.84, 0.91, 0.83, 0.89, 0.75, 0.52, 1.05, 0.66, 0.8, 0.94, 0.89, 0.94, 0.84, 0.5, 0.95, 0.53, 0.88, 1.08, 0.58, 0.75, 0.64, 1.04, 0.6, 1.08, 0.73, 0.7, 0.83, 0.54, 0.57, 0.79, 0.98, 0.87, 0.52, 0.75, 0.93, 0.64, 0.98, 0.85, 0.58, 0.74, 0.58, 0.51, 0.99, 1.05, 1.04, 1.01, 1.03, 0.52, 0.65, 0.57, 0.83, 0.63, 0.65]
[0.72, 0.68, 0.93, 1.09, 0.88, 0.54, 0.99, 0.93, 0.85, 0.94, 1.06, 0.6, 0.55, 0.59, 0.87, 1.07, 0.81, 1.09, 0.94, 0.53, 0.77, 0.87, 0.81, 0.53, 0.52, 0.98, 0.81, 0.83, 0.5, 0.74, 1.0, 1.05, 0.87, 0.68, 0.85, 0.69, 0.71, 0.94, 0.96, 0.64, 0.76, 0.72, 0.64, 0.71, 0.54, 0.69, 1.0, 0.68, 0.74, 1.04, 0.69, 0.63, 0.92, 0.6, 0.66, 1.04, 0.8, 0.68, 1.08, 1.08, 0.54, 0.61, 1.03, 0.68, 0.91, 0.67, 1.04, 0.94, 1.01, 0.68]
[1.08, 1.01, 1.01, 1.0, 0.52, 1.04, 0.95, 0.61, 0.65, 1.05, 0.58, 0.73, 0.86, 0.79, 0.95, 0.89, 0.5, 0.61, 0.83, 0.51, 1.0, 1.08, 0.76, 1.04, 0.83, 0.88, 1.01, 0.75, 1.03, 0.89, 0.86, 0.98, 0.57, 0.5, 0.99, 1.04, 0.94, 0.88, 0.9, 0.63, 0.7, 1.07, 0.78, 0.85, 0.87, 0.74, 0.54, 0.96, 1.07, 0.9, 0.92, 0.92, 0.66, 1.01, 0.61, 0.93, 0.7, 0.55, 0.99, 0.85, 0.57, 0.89, 0.79, 0.82, 0.67, 0.59, 1.06, 0.75, 0.86, 0.65]
[0.76, 1.08, 0.72, 0.58, 0.85, 0.98, 0.63, 0.63, 0.54, 0.58, 0.78, 0.82, 0.83, 0.96, 0.7, 0.54, 1.06, 0.71, 0.74, 0.72, 0.55, 1.05, 0.85, 0.51, 0.53, 0.68, 0.68, 0.93, 0.97, 1.03, 0.8, 1.06, 1.09, 0.66, 0.81, 0.84, 1.08, 0.51, 0.84, 1.02, 1.05, 0.69, 0.78, 0.81, 0.71, 0.52, 0.83, 0.95, 0.81, 1.01, 0.53, 1.08, 0.95, 1.03, 1.08, 0.95, 0.53, 1.02, 0.78, 1.1, 0.5, 0.71, 0.77, 1.07, 0.54, 1.02, 0.7, 0.89, 0.57, 0.67]
[0.3, 0.74, 0.33, 0.4, 0.25, 0.38, 0.4, 0.2, 0.14, 0.41, 0.23, 0.13, 0.32, 0.37, 0.27, 0.25, 0.29, 0.28, 0.5, 0.15, 0.24, 0.66, 0.22, 0.23, 0.13, 0.34, 0.44, 0.39, 0.49, 0.39, 0.32, 1.1, 0.15, 0.21, 0.8, 0.38, 0.28, 0.24, 0.38, 0.19, 0.52, 0.4, 0.21, 0.41, 0.13, 0.1, 0.19, 0.31, 0.55, 0.53, 0.18, 0.36, 0.26, 0.47, 0.33, 0.45, 0.19, 0.13, 0.31, 0.68, 0.11, 0.34, 0.65, 0.49, 0.1, 0.26, 0.36, 0.58, 0.16, 0.11]
[904.6, 1877.41, 1575.71, 977.71, 1510.24, 1371.86, 977.37, 824.76, 913.15, 1127.68, 718.96, 1578.52, 603.82, 1413.65, 551.67, 1360.37, 924.33, 1034.6, 747.33, 996.0, 861.18, 1276.04, 1620.27, 689.1, 1133.05, 1299.0, 1425.9, 831.37, 1221.62, 1036.19, 892.39, 1092.66, 1237.68, 1279.58, 1088.06, 1481.31, 1087.84, 1037.61, 1329.36, 1060.7, 1100.05, 650.22, 957.92, 1203.55, 1232.0, 1755.51, 1291.92, 1237.58, 918.16, 1313.93, 627.71, 1249.54, 924.47, 1245.52, 1208.17, 876.02, 907.54, 1055.97, 960.95, 658.51, 1142.88, 875.63, 1054.78, 1463.46, 937.04, 1184.84, 1044.91, 1198.88, 895.53, 1311.43]
[262.71, 1409.18, 521.34, 434.56, 350.07, 540.95, 431.8, 192.69, 118.97, 429.23, 169.13, 195.22, 201.03, 505.87, 141.32, 375.12, 276.74, 275.82, 363.8, 143.11, 208.54, 858.48, 368.31, 155.58, 157.63, 478.44, 646.79, 308.9, 591.88, 424.15, 269.33, 1092.66, 169.19, 290.27, 852.42, 587.76, 299.48, 254.3, 498.76, 180.44, 562.15, 260.14, 195.03, 466.66, 154.63, 158.91, 224.27, 365.55, 493.12, 678.11, 131.43, 480.85, 238.85, 576.14, 410.32, 377.74, 183.97, 139.6, 291.79, 448.27, 147.17, 290.38, 706.8, 701.98, 86.61, 309.85, 380.67, 708.14, 130.85, 147.76]
[4022.98, 8887.06, 7378.56, 4388.55, 7051.19, 6359.3, 4386.86, 3623.81, 4065.75, 5138.41, 3094.81, 7392.58, 2519.08, 6568.27, 2258.36, 6301.84, 4121.64, 4672.98, 3236.67, 4480.0, 3805.91, 5880.2, 7601.36, 2945.48, 5165.24, 5994.99, 6629.51, 3656.87, 5608.08, 4680.93, 3961.94, 4963.32, 5688.39, 5897.89, 4940.32, 6906.57, 4939.19, 4688.04, 6146.82, 4803.49, 5000.24, 2751.12, 4289.62, 5517.77, 5659.98, 8277.54, 5959.62, 5687.89, 4090.79, 6069.65, 2638.57, 5747.68, 4122.34, 5727.58, 5540.87, 3880.1, 4037.71, 4779.84, 4304.73, 2792.57, 5214.41, 3878.13, 4773.92, 6817.28, 4185.19, 5424.21, 4724.56, 5494.41, 3977.63, 6057.14]
[813.57, 6545.88, 2106.7, 1672.81, 1250.33, 2204.73, 1659.02, 463.43, 94.86, 1646.17, 345.66, 476.08, 505.13, 2029.36, 206.6, 1375.58, 883.7, 879.09, 1318.98, 215.53, 542.69, 3792.39, 1341.53, 277.92, 288.13, 1892.22, 2733.94, 1044.48, 2459.42, 1620.75, 846.66, 4963.32, 345.94, 951.35, 3762.12, 2438.79, 997.41, 771.49, 1993.8, 402.19, 2310.75, 800.71, 475.15, 1833.32, 273.14, 294.55, 621.37, 1327.76, 1965.61, 2890.57, 157.17, 1904.25, 694.23, 2380.7, 1551.59, 1388.71, 419.83, 197.98, 958.97, 1741.33, 235.86, 951.89, 3034.02, 3009.88, -66.95, 1049.23, 1403.33, 3040.68, 154.24, 238.78]
[84.49, 169.23, 123.07, 155.62, 161.26, 138.55, 175.56, 172.18, 130.81, 175.97, 164.47, 85.09, 97.94, 175.17, 112.28, 194.42, 124.14, 79.46, 72.84, 95.1, 85.41, 109.44, 164.04, 107.86, 141.07, 73.15, 116.04, 125.34, 89.02, 94.78, 101.86, 131.72, 93.57, 189.26, 175.42, 71.93, 181.73, 113.73, 79.94, 84.12, 143.64, 168.11, 92.99, 116.12, 139.01, 177.35, 197.11, 136.06, 147.0, 185.36, 110.4, 81.19, 175.62, 144.74, 87.69, 145.17, 190.16, 135.58, 116.36, 127.1, 145.59, 65.9, 183.06, 132.55, 175.52, 175.41, 185.29, 125.88, 87.69, 185.12]
[3, 9, 5, 8, 8, 6, 9, 9, 6, 9, 8, 3, 4, 9, 5, 10, 5, 2, 2, 3, 3, 5, 8, 5, 6, 2, 5, 5, 3, 3, 4, 6, 3, 10, 9, 2, 9, 5, 2, 3, 7, 9, 3, 5, 6, 9, 10, 6, 7, 9, 5, 2, 9, 7, 3, 7, 10, 6, 5, 6, 7, 2, 9, 6, 9, 9, 9, 5, 3, 9]
[12, 24, 9, 58, 45, 29, 36, 55, 32, 46, 32, 47, 25, 48, 42, 13, 35, 29, 6, 20, 46, 13, 56, 26, 10, 24, 41, 27, 31, 13, 21, 56, 1, 33, 57, 50, 11, 0, 49, 45, 47, 8, 7, 22, 12, 13, 47, 48, 13, 34, 8, 8, 48, 3, 53, 37, 3, 21, 26, 29, 41, 6, 3, 12, 11, 49, 23, 22, 11, 36]
[33, 46, 60, 60, 56, 60, 60, 60, 42, 60, 54, 60, 60, 60, 60, 47, 60, 35, 41, 31, 60, 60, 60, 60, 16, 60, 60, 56, 60, 30, 50, 60, 32, 60, 60, 60, 50, 20, 60, 58, 60, 50, 13, 56, 35, 49, 60, 60, 38, 60, 16, 46, 60, 25, 60, 60, 37, 36, 44, 58, 60, 16, 32, 19, 18, 60, 37, 38, 28, 60]
2
[0.0, 0.0]
[0.0, 0.0]
[[0.0, 0.0, 4.0, 1.0, 6.0, 4.0, 4.0, 3.0, 5.0, 4.0, 6.0, 2.0, 4.0, 4.0, 5.0, 2.0, 4.0, 4.0, 4.0, 5.0, 4.0, 5.0, 3.0, 5.0, 3.0, 4.0, 6.0, 5.0, 4.0, 4.0, 2.0, 4.0, 2.0, 6.0, 4.0, 4.0, 4.0, 4.0, 4.0, 5.0, 2.0, 4.0, 3.0, 3.0, 4.0, 3.0, 4.0, 2.0, 4.0, 5.0, 2.0, 4.0, 5.0, 2.0, 2.0, 2.0, 4.0, 3.0, 3.0, 4.0, 1.0, 3.0, 2.0, 4.0, 4.0, 3.0, 5.0, 4.0, 5.0, 5.0, 5.0, 2.0], [0.0, 0.0, 4.0, 1.0, 6.0, 4.0, 4.0, 3.0, 5.0, 4.0, 6.0, 2.0, 4.0, 4.0, 5.0, 2.0, 4.0, 4.0, 4.0, 5.0, 4.0, 5.0, 3.0, 5.0, 3.0, 4.0, 6.0, 5.0, 4.0, 4.0, 2.0, 4.0, 2.0, 6.0, 4.0, 4.0, 4.0, 4.0, 4.0, 5.0, 2.0, 4.0, 3.0, 3.0, 4.0, 3.0, 4.0, 2.0, 4.0, 5.0, 2.0, 4.0, 5.0, 2.0, 2.0, 2.0, 4.0, 3.0, 3.0, 4.0, 1.0, 3.0, 2.0, 4.0, 4.0, 3.0, 5.0, 4.0, 5.0, 5.0, 5.0, 2.0], [4.0, 4.0, 0.0, 3.0, 3.0, 2.0, 3.0, 2.0, 2.0, 3.0, 3.0, 2.0, 1.0, 3.0, 4.0, 2.0, 1.0, 1.0, 1.0, 2.0, 2.0, 2.0, 2.0, 3.0, 1.0, 1.0, 3.0, 2.0, 2.0, 1.0, 2.0, 2.0, 3.0, 3.0, 2.0, 2.0, 4.0, 1.0, 0.0, 3.0, 3.0, 3.0, 1.0, 3.0, 0.0, 2.0, 2.0, 2.0, 1.0, 3.0, 2.0, 2.0, 4.0, 2.0, 2.0, 3.0, 0.0, 1.0, 1.0, 2.0, 3.0, 2.0, 3.0, 3.0, 0.0, 3.0, 2.0, 1.0, 1.0, 3.0, 1.0, 2.0], [1.0, 1.0, 3.0, 0.0, 5.0, 3.0, 3.0, 2.0, 4.0, 3.0, 5.0, 1.0, 3.0, 3.0, 4.0, 1.0, 3.0, 4.0, 4.0, 4.0, 3.0, 4.0, 1.0, 4.0, 2.0, 3.0, 5.0, 4.0, 3.0, 3.0, 1.0, 3.0, 1.0, 5.0, 3.0, 3.0, 3.0, 3.0, 3.0, 4.0, 1.0, 3.0, 2.0, 2.0, 3.0, 2.0, 3.0, 1.0, 3.0, 4.0, 2.0, 2.0, 4.0, 1.0, 2.0, 0.0, 3.0, 2.0, 2.0, 4.0, 1.0, 2.0, 0.0, 3.0, 3.0, 1.0, 3.0, 3.0, 4.0, 4.0, 4.0, 1.0], [6.0, 6.0, 3.0, 5.0, 0.0, 2.0, 2.0, 3.0, 1.0, 2.0, 1.0, 4.0, 4.0, 3.0, 3.0, 4.0, 2.0, 4.0, 4.0, 1.0, 2.0, 1.0, 3.0, 2.0, 4.0, 2.0, 0.0, 1.0, 4.0, 4.0, 4.0, 2.0, 4.0, 0.0, 2.0, 2.0, 3.0, 3.0, 3.0, 1.0, 4.0, 3.0, 4.0, 3.0, 3.0, 3.0, 4.0, 4.0, 2.0, 2.0, 4.0, 2.0, 3.0, 4.0, 4.0, 4.0, 3.0, 3.0, 3.0, 4.0, 5.0, 3.0, 4.0, 3.0, 3.0, 4.0, 2.0, 2.0, 2.0, 1.0, 3.0, 4.0], [4.0, 4.0, 2.0, 3.0, 2.0, 0.0, 1.0, 2.0, 1.0, 1.0, 2.0, 3.0, 2.0, 2.0, 2.0, 2.0, 1.0, 3.0, 3.0, 1.0, 1.0, 1.0, 2.0, 2.0, 2.0, 1.0, 2.0, 1.0, 3.0, 3.0, 2.0, 1.0, 3.0, 2.0, 1.0, 1.0, 2.0, 1.0, 2.0, 2.0, 3.0, 2.0, 2.0, 2.0, 2.0, 1.0, 3.0, 2.0, 0.0, 2.0, 3.0, 1.0, 3.0, 2.0, 3.0, 3.0, 2.0, 2.0, 2.0, 3.0, 4.0, 1.0, 3.0, 2.0, 2.0, 2.0, 1.0, 0.0, 1.0, 1.0, 2.0, 3.0], [4.0, 4.0, 3.0, 3.0, 2.0, 1.0, 0.0, 2.0, 3.0, 0.0, 2.0, 3.0, 4.0, 1.0, 1.0, 2.0, 2.0, 4.0, 4.0, 2.0, 1.0, 2.0, 2.0, 1.0, 3.0, 2.0, 2.0, 2.0, 4.0, 4.0, 2.0, 1.0, 2.0, 2.0, 0.0, 1.0, 1.0, 2.0, 3.0, 1.0, 2.0, 1.0, 3.0, 1.0, 3.0, 1.0, 4.0, 3.0, 2.0, 1.0, 3.0, 1.0, 1.0, 2.0, 3.0, 3.0, 3.0, 3.0, 3.0, 4.0, 4.0, 1.0, 3.0, 1.0, 3.0, 2.0, 1.0, 2.0, 3.0, 1.0, 3.0, 2.0], [3.0, 3.0, 2.0, 2.0, 3.0, 2.0, 2.0, 0.0, 3.0, 2.0, 3.0, 1.0, 3.0, 1.0, 2.0, 1.0, 1.0, 3.0, 3.0, 3.0, 2.0, 3.0, 1.0, 3.0, 2.0, 2.0, 3.0, 3.0, 3.0, 3.0, 1.0, 1.0, 1.0, 3.0, 1.0, 1.0, 2.0, 2.0, 2.0, 3.0, 1.0, 1.0, 2.0, 1.0, 2.0, 1.0, 4.0, 1.0, 2.0, 2.0, 2.0, 1.0, 2.0, 1.0, 2.0, 1.0, 3.0, 2.0, 2.0, 4.0, 2.0, 1.0, 1.0, 1.0, 3.0, 1.0, 2.0, 2.0, 3.0, 3.0, 3.0, 1.0], [5.0, 5.0, 2.0, 4.0, 1.0, 1.0, 3.0, 3.0, 0.0, 3.0, 2.0, 4.0, 2.0, 3.0, 3.0, 3.0, 2.0, 2.0, 3.0, 1.0, 2.0, 1.0, 3.0, 3.0, 3.0, 1.0, 1.0, 0.0, 3.0, 3.0, 3.0, 2.0, 4.0, 2.0, 2.0, 2.0, 4.0, 2.0, 2.0, 2.0, 4.0, 4.0, 3.0, 3.0, 1.0, 2.0, 3.0, 3.0, 1.0, 3.0, 3.0, 2.0, 4.0, 3.0, 3.0, 4.0, 1.0, 2.0, 2.0, 3.0, 5.0, 2.0, 4.0, 4.0, 2.0, 4.0, 2.0, 1.0, 0.0, 2.0, 1.0, 4.0], [4.0, 4.0, 3.0, 3.0, 2.0, 1.0, 0.0, 2.0, 3.0, 0.0, 2.0, 3.0, 4.0, 1.0, 1.0, 2.0, 2.0, 4.0, 4.0, 2.0, 1.0, 2.0, 2.0, 1.0, 3.0, 2.0, 2.0, 2.0, 4.0, 4.0, 2.0, 1.0, 2.0, 2.0, 0.0, 1.0, 1.0, 2.0, 3.0, 1.0, 2.0, 1.0, 3.0, 1.0, 3.0, 1.0, 4.0, 3.0, 2.0, 1.0, 3.0, 1.0, 1.0, 2.0, 3.0, 3.0, 3.0, 3.0, 3.0, 4.0, 4.0, 1.0, 3.0, 1.0, 3.0, 2.0, 1.0, 2.0, 3.0, 1.0, 3.0, 3.0], [6.0, 6.0, 3.0, 5.0, 1.0, 2.0, 2.0, 3.0, 2.0, 2.0, 0.0, 4.0, 4.0, 2.0, 2.0, 4.0, 2.0, 4.0, 4.0, 1.0, 1.0, 1.0, 3.0, 1.0, 4.0, 2.0, 1.0, 1.0, 5.0, 4.0, 4.0, 2.0, 4.0, 0.0, 2.0, 2.0, 2.0, 3.0, 3.0, 1.0, 4.0, 3.0, 4.0, 3.0, 3.0, 2.0, 5.0, 4.0, 2.0, 2.0, 4.0, 2.0, 3.0, 3.0, 4.0, 4.0, 3.0, 3.0, 3.0, 5.0, 5.0, 2.0, 4.0, 3.0, 4.0, 3.0, 1.0, 2.0, 2.0, 1.0, 3.0, 4.0], [2.0, 2.0, 2.0, 1.0, 4.0, 3.0, 3.0, 1.0, 4.0, 3.0, 4.0, 0.0, 3.0, 3.0, 4.0, 1.0, 2.0, 3.0, 3.0, 4.0, 3.0, 4.0, 1.0, 4.0, 2.0, 3.0, 4.0, 4.0, 3.0, 3.0, 1.0, 3.0, 2.0, 4.0, 3.0, 2.0, 3.0, 2.0, 2.0, 4.0, 1.0, 3.0, 2.0, 2.0, 3.0, 2.0, 3.0, 1.0, 3.0, 4.0, 1.0, 2.0, 4.0, 1.0, 1.0, 1.0, 3.0, 2.0, 2.0, 3.0, 1.0, 2.0, 1.0, 3.0, 2.0, 2.0, 3.0, 3.0, 4.0, 4.0, 3.0, 1.0], [4.0, 4.0, 1.0, 3.0, 4.0, 2.0, 4.0, 3.0, 2.0, 4.0, 4.0, 3.0, 0.0, 4.0, 5.0, 2.0, 2.0, 0.0, 1.0, 3.0, 3.0, 3.0, 2.0, 4.0, 1.0, 2.0, 4.0, 3.0, 1.0, 1.0, 3.0, 3.0, 4.0, 4.0, 3.0, 3.0, 5.0, 1.0, 1.0, 4.0, 3.0, 4.0, 1.0, 4.0, 1.0, 2.0, 1.0, 2.0, 2.0, 4.0, 2.0, 3.0, 5.0, 3.0, 2.0, 3.0, 1.0, 1.0, 1.0, 1.0, 3.0, 3.0, 3.0, 4.0, 0.0, 4.0, 3.0, 2.0, 2.0, 4.0, 1.0, 3.0], [4.0, 4.0, 3.0, 3.0, 3.0, 2.0, 1.0, 1.0, 3.0, 1.0, 2.0, 3.0, 4.0, 0.0, 1.0, 2.0, 2.0, 4.0, 4.0, 3.0, 1.0, 3.0, 2.0, 2.0, 3.0, 3.0, 3.0, 3.0, 4.0, 4.0, 2.0, 1.0, 1.0, 3.0, 1.0, 1.0, 1.0, 2.0, 3.0, 2.0, 2.0, 0.0, 4.0, 1.0, 3.0, 2.0, 5.0, 2.0, 2.0, 1.0, 3.0, 1.0, 1.0, 2.0, 3.0, 2.0, 3.0, 3.0, 3.0, 5.0, 4.0, 1.0, 2.0, 0.0, 4.0, 1.0, 1.0, 2.0, 3.0, 2.0, 4.0, 2.0], [5.0, 5.0, 4.0, 4.0, 3.0, 2.0, 1.0, 2.0, 3.0, 1.0, 2.0, 4.0, 5.0, 1.0, 0.0, 3.0, 2.0, 5.0, 5.0, 3.0, 1.0, 3.0, 3.0, 1.0, 4.0, 3.0, 3.0, 3.0, 5.0, 5.0, 3.0, 2.0, 2.0, 2.0, 1.0, 2.0, 1.0, 3.0, 4.0, 1.0, 3.0, 1.0, 4.0, 2.0, 4.0, 2.0, 5.0, 3.0, 2.0, 0.0, 4.0, 2.0, 1.0, 3.0, 4.0, 3.0, 4.0, 4.0, 4.0, 5.0, 5.0, 2.0, 3.0, 1.0, 4.0, 2.0, 1.0, 3.0, 3.0, 1.0, 4.0, 3.0], [2.0, 2.0, 2.0, 1.0, 4.0, 2.0, 2.0, 1.0, 3.0, 2.0, 4.0, 1.0, 2.0, 2.0, 3.0, 0.0, 1.0, 3.0, 3.0, 3.0, 2.0, 3.0, 0.0, 3.0, 2.0, 2.0, 4.0, 3.0, 3.0, 3.0, 0.0, 2.0, 1.0, 4.0, 2.0, 2.0, 3.0, 1.0, 2.0, 3.0, 1.0, 2.0, 2.0, 2.0, 2.0, 1.0, 3.0, 0.0, 2.0, 3.0, 1.0, 1.0, 3.0, 0.0, 1.0, 1.0, 2.0, 1.0, 1.0, 3.0, 2.0, 1.0, 1.0, 2.0, 2.0, 1.0, 2.0, 2.0, 3.0, 3.0, 3.0, 0.0], [4.0, 4.0, 1.0, 3.0, 2.0, 1.0, 2.0, 1.0, 2.0, 2.0, 2.0, 2.0, 2.0, 2.0, 2.0, 1.0, 0.0, 2.0, 3.0, 2.0, 1.0, 2.0, 1.0, 2.0, 2.0, 1.0, 2.0, 2.0, 3.0, 3.0, 2.0, 1.0, 2.0, 2.0, 1.0, 1.0, 2.0, 1.0, 1.0, 2.0, 2.0, 2.0, 2.0, 2.0, 1.0, 1.0, 3.0, 2.0, 1.0, 2.0, 2.0, 1.0, 3.0, 1.0, 2.0, 2.0, 1.0, 1.0, 1.0, 3.0, 3.0, 1.0, 2.0, 2.0, 2.0, 2.0, 1.0, 0.0, 2.0, 2.0, 2.0, 2.0], [4.0, 4.0, 1.0, 4.0, 4.0, 3.0, 4.0, 3.0, 2.0, 4.0, 4.0, 3.0, 0.0, 4.0, 5.0, 3.0, 2.0, 0.0, 1.0, 3.0, 3.0, 3.0, 3.0, 5.0, 2.0, 2.0, 4.0, 3.0, 1.0, 1.0, 3.0, 3.0, 4.0, 4.0, 4.0, 3.0, 5.0, 2.0, 1.0, 4.0, 4.0, 5.0, 1.0, 4.0, 1.0, 3.0, 1.0, 3.0, 2.0, 4.0, 2.0, 3.0, 5.0, 3.0, 2.0, 4.0, 1.0, 2.0, 2.0, 1.0, 4.0, 3.0, 4.0, 5.0, 1.0, 4.0, 4.0, 2.0, 2.0, 4.0, 1.0, 3.0], [4.0, 4.0, 1.0, 4.0, 4.0, 3.0, 4.0, 3.0, 3.0, 4.0, 4.0, 3.0, 1.0, 4.0, 5.0, 3.0, 3.0, 1.0, 0.0, 3.0, 4.0, 3.0, 3.0, 5.0, 1.0, 2.0, 4.0, 3.0, 0.0, 0.0, 3.0, 4.0, 4.0, 4.0, 4.0, 3.0, 5.0, 2.0, 1.0, 5.0, 4.0, 5.0, 1.0, 4.0, 1.0, 3.0, 0.0, 3.0, 3.0, 5.0, 2.0, 3.0, 6.0, 3.0, 2.0, 3.0, 1.0, 2.0, 2.0, 0.0, 3.0, 3.0, 3.0, 5.0, 1.0, 4.0, 4.0, 3.0, 3.0, 4.0, 2.0, 3.0], [5.0, 5.0, 2.0, 4.0, 1.0, 1.0, 2.0, 3.0, 1.0, 2.0, 1.0, 4.0, 3.0, 3.0, 3.0, 3.0, 2.0, 3.0, 3.0, 0.0, 2.0, 0.0, 3.0, 2.0, 3.0, 1.0, 1.0, 0.0, 3.0, 3.0, 3.0, 2.0, 4.0, 1.0, 2.0, 2.0, 3.0, 2.0, 2.0, 2.0, 4.0, 3.0, 3.0, 3.0, 2.0, 2.0, 4.0, 3.0, 1.0, 2.0, 4.0, 2.0, 4.0, 3.0, 3.0, 4.0, 2.0, 2.0, 3.0, 3.0, 5.0, 2.0, 4.0, 3.0, 2.0, 3.0, 2.0, 1.0, 1.0, 2.0, 2.0, 4.0], [4.0, 4.0, 2.0, 3.0, 2.0, 1.0, 1.0, 2.0, 2.0, 1.0, 1.0, 3.0, 3.0, 1.0, 1.0, 2.0, 1.0, 3.0, 4.0, 2.0, 0.0, 1.0, 2.0, 1.0, 3.0, 2.0, 2.0, 2.0, 4.0, 4.0, 2.0, 0.0, 2.0, 2.0, 0.0, 1.0, 2.0, 2.0, 2.0, 1.0, 3.0, 2.0, 3.0, 2.0, 2.0, 1.0, 4.0, 2.0, 1.0, 1.0, 3.0, 1.0, 2.0, 2.0, 3.0, 3.0, 2.0, 2.0, 2.0, 4.0, 4.0, 1.0, 3.0, 2.0, 3.0, 2.0, 0.0, 1.0, 2.0, 1.0, 2.0, 3.0], [5.0, 5.0, 2.0, 4.0, 1.0, 1.0, 2.0, 3.0, 1.0, 2.0, 1.0, 4.0, 3.0, 3.0, 3.0, 3.0, 2.0, 3.0, 3.0, 0.0, 1.0, 0.0, 3.0, 2.0, 3.0, 1.0, 1.0, 0.0, 3.0, 3.0, 3.0, 2.0, 4.0, 1.0, 2.0, 2.0, 3.0, 2.0, 2.0, 2.0, 4.0, 3.0, 3.0, 3.0, 2.0, 2.0, 4.0, 3.0, 1.0, 2.0, 3.0, 2.0, 3.0, 3.0, 3.0, 4.0, 2.0, 2.0, 2.0, 3.0, 5.0, 2.0, 4.0, 3.0, 2.0, 3.0, 2.0, 1.0, 1.0, 2.0, 2.0, 3.0], [3.0, 3.0, 2.0, 1.0, 3.0, 2.0, 2.0, 1.0, 3.0, 2.0, 3.0, 1.0, 2.0, 2.0, 3.0, 0.0, 1.0, 3.0, 3.0, 3.0, 2.0, 3.0, 0.0, 3.0, 1.0, 2.0, 3.0, 3.0, 3.0, 3.0, 1.0, 2.0, 1.0, 3.0, 2.0, 1.0, 3.0, 1.0, 2.0, 3.0, 1.0, 2.0, 2.0, 2.0, 2.0, 1.0, 3.0, 1.0, 2.0, 3.0, 1.0, 1.0, 3.0, 0.0, 1.0, 1.0, 2.0, 1.0, 1.0, 3.0, 2.0, 1.0, 1.0, 2.0, 2.0, 1.0, 2.0, 2.0, 3.0, 3.0, 3.0, 1.0], [5.0, 5.0, 3.0, 4.0, 2.0, 2.0, 1.0, 3.0, 3.0, 1.0, 1.0, 4.0, 4.0, 2.0, 1.0, 3.0, 2.0, 5.0, 5.0, 2.0, 1.0, 2.0, 3.0, 0.0, 4.0, 3.0, 2.0, 2.0, 5.0, 5.0, 3.0, 1.0, 3.0, 2.0, 1.0, 2.0, 1.0, 3.0, 4.0, 0.0, 3.0, 2.0, 4.0, 2.0, 3.0, 2.0, 5.0, 3.0, 2.0, 1.0, 4.0, 2.0, 2.0, 3.0, 4.0, 4.0, 3.0, 3.0, 4.0, 5.0, 5.0, 2.0, 4.0, 2.0, 4.0, 3.0, 1.0, 2.0, 3.0, 1.0, 3.0, 3.0], [3.0, 3.0, 1.0, 2.0, 4.0, 2.0, 3.0, 2.0, 3.0, 3.0, 4.0, 2.0, 1.0, 3.0, 4.0, 2.0, 2.0, 2.0, 1.0, 3.0, 3.0, 3.0, 1.0, 4.0, 0.0, 2.0, 4.0, 3.0, 1.0, 1.0, 2.0, 3.0, 3.0, 4.0, 3.0, 2.0, 4.0, 1.0, 1.0, 4.0, 2.0, 3.0, 0.0, 3.0, 1.0, 2.0, 1.0, 1.0, 2.0, 4.0, 1.0, 2.0, 4.0, 2.0, 1.0, 2.0, 1.0, 1.0, 1.0, 1.0, 2.0, 2.0, 2.0, 4.0, 1.0, 3.0, 3.0, 2.0, 3.0, 4.0, 2.0, 2.0], [4.0, 4.0, 1.0, 3.0, 2.0, 1.0, 2.0, 2.0, 1.0, 2.0, 2.0, 3.0, 2.0, 3.0, 3.0, 2.0, 1.0, 2.0, 2.0, 1.0, 2.0, 1.0, 2.0, 3.0, 2.0, 0.0, 2.0, 1.0, 2.0, 2.0, 2.0, 2.0, 3.0, 2.0, 2.0, 2.0, 3.0, 1.0, 1.0, 2.0, 3.0, 3.0, 2.0, 3.0, 1.0, 1.0, 2.0, 2.0, 1.0, 3.0, 2.0, 2.0, 4.0, 2.0, 2.0, 3.0, 1.0, 1.0, 1.0, 2.0, 4.0, 1.0, 3.0, 3.0, 1.0, 3.0, 2.0, 1.0, 1.0, 2.0, 1.0, 3.0], [6.0, 6.0, 3.0, 5.0, 0.0, 2.0, 2.0, 3.0, 1.0, 2.0, 1.0, 4.0, 4.0, 3.0, 3.0, 4.0, 2.0, 4.0, 4.0, 1.0, 2.0, 1.0, 3.0, 2.0, 4.0, 2.0, 0.0, 1.0, 4.0, 4.0, 4.0, 2.0, 4.0, 0.0, 2.0, 2.0, 3.0, 3.0, 3.0, 1.0, 4.0, 3.0, 4.0, 3.0, 3.0, 3.0, 4.0, 4.0, 2.0, 2.0, 4.0, 3.0, 3.0, 4.0, 4.0, 4.0, 3.0, 3.0, 3.0, 4.0, 5.0, 3.0, 4.0, 3.0, 3.0, 4.0, 2.0, 2.0, 1.0, 1.0, 2.0, 4.0], [5.0, 5.0, 2.0, 4.0, 1.0, 1.0, 2.0, 3.0, 0.0, 2.0, 1.0, 4.0, 3.0, 3.0, 3.0, 3.0, 2.0, 3.0, 3.0, 0.0, 2.0, 0.0, 3.0, 2.0, 3.0, 1.0, 1.0, 0.0, 3.0, 3.0, 3.0, 2.0, 4.0, 1.0, 2.0, 2.0, 3.0, 2.0, 2.0, 2.0, 4.0, 3.0, 3.0, 3.0, 2.0, 2.0, 3.0, 3.0, 1.0, 2.0, 3.0, 2.0, 4.0, 3.0, 3.0, 4.0, 2.0, 2.0, 2.0, 3.0, 5.0, 2.0, 4.0, 3.0, 2.0, 3.0, 2.0, 1.0, 1.0, 2.0, 1.0, 3.0], [4.0, 4.0, 2.0, 3.0, 4.0, 3.0, 4.0, 3.0, 3.0, 4.0, 5.0, 3.0, 1.0, 4.0, 5.0, 3.0, 3.0, 1.0, 0.0, 3.0, 4.0, 3.0, 3.0, 5.0, 1.0, 2.0, 4.0, 3.0, 0.0, 0.0, 3.0, 4.0, 4.0, 4.0, 4.0, 3.0, 5.0, 2.0, 1.0, 5.0, 4.0, 5.0, 1.0, 4.0, 2.0, 3.0, 0.0, 2.0, 3.0, 5.0, 2.0, 3.0, 6.0, 3.0, 2.0, 3.0, 2.0, 2.0, 2.0, 0.0, 3.0, 3.0, 3.0, 5.0, 1.0, 4.0, 4.0, 3.0, 3.0, 5.0, 2.0, 3.0], [4.0, 4.0, 1.0, 3.0, 4.0, 3.0, 4.0, 3.0, 3.0, 4.0, 4.0, 3.0, 1.0, 4.0, 5.0, 3.0, 3.0, 1.0, 0.0, 3.0, 4.0, 3.0, 3.0, 5.0, 1.0, 2.0, 4.0, 3.0, 0.0, 0.0, 3.0, 3.0, 4.0, 4.0, 4.0, 3.0, 5.0, 2.0, 1.0, 5.0, 4.0, 5.0, 1.0, 4.0, 2.0, 3.0, 0.0, 2.0, 3.0, 5.0, 2.0, 3.0, 5.0, 3.0, 2.0, 3.0, 2.0, 1.0, 2.0, 0.0, 3.0, 3.0, 3.0, 5.0, 1.0, 4.0, 4.0, 3.0, 3.0, 4.0, 2.0, 3.0], [2.0, 2.0, 2.0, 1.0, 4.0, 2.0, 2.0, 1.0, 3.0, 2.0, 4.0, 1.0, 3.0, 2.0, 3.0, 0.0, 2.0, 3.0, 3.0, 3.0, 2.0, 3.0, 1.0, 3.0, 2.0, 2.0, 4.0, 3.0, 3.0, 3.0, 0.0, 2.0, 1.0, 4.0, 2.0, 2.0, 2.0, 2.0, 2.0, 3.0, 1.0, 2.0, 2.0, 1.0, 2.0, 1.0, 3.0, 1.0, 2.0, 3.0, 1.0, 1.0, 3.0, 0.0, 1.0, 1.0, 3.0, 2.0, 2.0, 3.0, 2.0, 1.0, 1.0, 2.0, 2.0, 1.0, 2.0, 2.0, 3.0, 3.0, 3.0, 0.0], [4.0, 4.0, 2.0, 3.0, 2.0, 1.0, 1.0, 1.0, 2.0, 1.0, 2.0, 3.0, 3.0, 1.0, 2.0, 2.0, 1.0, 3.0, 4.0, 2.0, 0.0, 2.0, 2.0, 1.0, 3.0, 2.0, 2.0, 2.0, 4.0, 3.0, 2.0, 0.0, 2.0, 2.0, 0.0, 0.0, 2.0, 2.0, 2.0, 1.0, 2.0, 1.0, 3.0, 1.0, 2.0, 1.0, 4.0, 2.0, 1.0, 1.0, 3.0, 1.0, 2.0, 2.0, 3.0, 2.0, 2.0, 2.0, 2.0, 4.0, 4.0, 1.0, 2.0, 2.0, 3.0, 2.0, 1.0, 1.0, 2.0, 1.0, 2.0, 2.0], [2.0, 2.0, 3.0, 1.0, 4.0, 3.0, 2.0, 1.0, 4.0, 2.0, 4.0, 2.0, 4.0, 1.0, 2.0, 1.0, 2.0, 4.0, 4.0, 4.0, 2.0, 4.0, 1.0, 3.0, 3.0, 3.0, 4.0, 4.0, 4.0, 4.0, 1.0, 2.0, 0.0, 4.0, 2.0, 2.0, 2.0, 2.0, 3.0, 3.0, 1.0, 1.0, 3.0, 1.0, 3.0, 2.0, 4.0, 1.0, 3.0, 2.0, 2.0, 2.0, 2.0, 1.0, 2.0, 1.0, 3.0, 2.0, 2.0, 4.0, 2.0, 2.0, 1.0, 1.0, 3.0, 0.0, 2.0, 2.0, 4.0, 3.0, 4.0, 1.0], [6.0, 6.0, 3.0, 5.0, 0.0, 2.0, 2.0, 3.0, 2.0, 2.0, 0.0, 4.0, 4.0, 3.0, 2.0, 4.0, 2.0, 4.0, 4.0, 1.0, 2.0, 1.0, 3.0, 2.0, 4.0, 2.0, 0.0, 1.0, 4.0, 4.0, 4.0, 2.0, 4.0, 0.0, 2.0, 2.0, 3.0, 3.0, 3.0, 1.0, 4.0, 3.0, 4.0, 3.0, 3.0, 3.0, 4.0, 4.0, 2.0, 2.0, 4.0, 2.0, 3.0, 3.0, 4.0, 4.0, 3.0, 3.0, 3.0, 4.0, 5.0, 2.0, 4.0, 3.0, 3.0, 4.0, 1.0, 2.0, 2.0, 1.0, 3.0, 4.0], [4.0, 4.0, 2.0, 3.0, 2.0, 1.0, 0.0, 1.0, 2.0, 0.0, 2.0, 3.0, 3.0, 1.0, 1.0, 2.0, 1.0, 4.0, 4.0, 2.0, 0.0, 2.0, 2.0, 1.0, 3.0, 2.0, 2.0, 2.0, 4.0, 4.0, 2.0, 0.0, 2.0, 2.0, 0.0, 0.0, 1.0, 2.0, 3.0, 1.0, 2.0, 1.0, 3.0, 1.0, 3.0, 1.0, 4.0, 2.0, 1.0, 1.0, 3.0, 1.0, 2.0, 2.0, 3.0, 2.0, 3.0, 2.0, 2.0, 4.0, 4.0, 1.0, 2.0, 1.0, 3.0, 2.0, 0.0, 1.0, 2.0, 1.0, 3.0, 2.0], [4.0, 4.0, 2.0, 3.0, 2.0, 1.0, 1.0, 1.0, 2.0, 1.0, 2.0, 2.0, 3.0, 1.0, 2.0, 2.0, 1.0, 3.0, 3.0, 2.0, 1.0, 2.0, 1.0, 2.0, 2.0, 2.0, 2.0, 2.0, 3.0, 3.0, 2.0, 0.0, 2.0, 2.0, 0.0, 0.0, 2.0, 1.0, 2.0, 2.0, 2.0, 1.0, 3.0, 1.0, 2.0, 1.0, 4.0, 2.0, 1.0, 1.0, 2.0, 0.0, 2.0, 1.0, 2.0, 2.0, 2.0, 2.0, 2.0, 4.0, 3.0, 0.0, 2.0, 1.0, 2.0, 1.0, 1.0, 1.0, 2.0, 2.0, 2.0, 2.0], [4.0, 4.0, 4.0, 3.0, 3.0, 2.0, 1.0, 2.0, 4.0, 1.0, 2.0, 3.0, 5.0, 1.0, 1.0, 3.0, 2.0, 5.0, 5.0, 3.0, 2.0, 3.0, 3.0, 1.0, 4.0, 3.0, 3.0, 3.0, 5.0, 5.0, 2.0, 2.0, 2.0, 3.0, 1.0, 2.0, 0.0, 3.0, 4.0, 2.0, 2.0, 1.0, 4.0, 1.0, 4.0, 2.0, 5.0, 3.0, 3.0, 1.0, 4.0, 2.0, 1.0, 2.0, 4.0, 3.0, 4.0, 3.0, 3.0, 5.0, 4.0, 2.0, 3.0, 1.0, 4.0, 2.0, 2.0, 3.0, 4.0, 2.0, 4.0, 3.0], [4.0, 4.0, 1.0, 3.0, 3.0, 1.0, 2.0, 2.0, 2.0, 2.0, 3.0, 2.0, 1.0, 2.0, 3.0, 1.0, 1.0, 2.0, 2.0, 2.0, 2.0, 2.0, 1.0, 3.0, 1.0, 1.0, 3.0, 2.0, 2.0, 2.0, 2.0, 2.0, 2.0, 3.0, 2.0, 1.0, 3.0, 0.0, 1.0, 3.0, 2.0, 3.0, 1.0, 2.0, 1.0, 1.0, 2.0, 1.0, 1.0, 3.0, 2.0, 1.0, 4.0, 1.0, 1.0, 2.0, 1.0, 1.0, 1.0, 2.0, 3.0, 1.0, 2.0, 3.0, 1.0, 2.0, 2.0, 1.0, 2.0, 3.0, 1.0, 2.0], [4.0, 4.0, 0.0, 3.0, 3.0, 2.0, 3.0, 2.0, 2.0, 3.0, 3.0, 2.0, 1.0, 3.0, 4.0, 2.0, 1.0, 1.0, 1.0, 2.0, 2.0, 2.0, 2.0, 4.0, 1.0, 1.0, 3.0, 2.0, 1.0, 1.0, 2.0, 2.0, 3.0, 3.0, 3.0, 2.0, 4.0, 1.0, 0.0, 3.0, 3.0, 3.0, 1.0, 3.0, 0.0, 2.0, 1.0, 2.0, 2.0, 3.0, 2.0, 2.0, 4.0, 2.0, 1.0, 3.0, 0.0, 1.0, 1.0, 1.0, 3.0, 2.0, 3.0, 4.0, 0.0, 3.0, 3.0, 1.0, 2.0, 3.0, 1.0, 2.0], [5.0, 5.0, 3.0, 4.0, 1.0, 2.0, 1.0, 3.0, 2.0, 1.0, 1.0, 4.0, 4.0, 2.0, 1.0, 3.0, 2.0, 4.0, 5.0, 2.0, 1.0, 2.0, 3.0, 0.0, 4.0, 2.0, 1.0, 2.0, 5.0, 5.0, 3.0, 1.0, 3.0, 1.0, 1.0, 2.0, 2.0, 3.0, 3.0, 0.0, 4.0, 2.0, 4.0, 2.0, 3.0, 2.0, 5.0, 3.0, 2.0, 1.0, 4.0, 2.0, 2.0, 3.0, 4.0, 4.0, 3.0, 3.0, 3.0, 5.0, 5.0, 2.0, 4.0, 2.0, 4.0, 3.0, 1.0, 2.0, 2.0, 0.0, 3.0, 4.0], [2.0, 2.0, 3.0, 1.0, 4.0, 3.0, 2.0, 1.0, 4.0, 2.0, 4.0, 1.0, 3.0, 2.0, 3.0, 1.0, 2.0, 4.0, 4.0, 4.0, 3.0, 4.0, 1.0, 3.0, 2.0, 3.0, 4.0, 4.0, 4.0, 4.0, 1.0, 2.0, 1.0, 4.0, 2.0, 2.0, 2.0, 2.0, 3.0, 4.0, 0.0, 2.0, 3.0, 1.0, 3.0, 2.0, 4.0, 1.0, 3.0, 3.0, 2.0, 2.0, 3.0, 1.0, 2.0, 0.0, 3.0, 2.0, 2.0, 4.0, 2.0, 2.0, 0.0, 2.0, 3.0, 1.0, 3.0, 3.0, 4.0, 3.0, 4.0, 1.0], [4.0, 4.0, 3.0, 3.0, 3.0, 2.0, 1.0, 1.0, 4.0, 1.0, 3.0, 3.0, 4.0, 0.0, 1.0, 2.0, 2.0, 5.0, 5.0, 3.0, 2.0, 3.0, 2.0, 2.0, 3.0, 3.0, 3.0, 3.0, 5.0, 5.0, 2.0, 1.0, 1.0, 3.0, 1.0, 1.0, 1.0, 3.0, 3.0, 2.0, 2.0, 0.0, 4.0, 1.0, 3.0, 2.0, 5.0, 2.0, 3.0, 1.0, 3.0, 1.0, 1.0, 2.0, 3.0, 2.0, 3.0, 3.0, 3.0, 5.0, 4.0, 2.0, 2.0, 0.0, 4.0, 1.0, 2.0, 2.0, 3.0, 2.0, 4.0, 2.0], [3.0, 3.0, 1.0, 2.0, 4.0, 2.0, 3.0, 2.0, 3.0, 3.0, 4.0, 2.0, 1.0, 4.0, 4.0, 2.0, 2.0, 1.0, 1.0, 3.0, 3.0, 3.0, 2.0, 4.0, 0.0, 2.0, 4.0, 3.0, 1.0, 1.0, 2.0, 3.0, 3.0, 4.0, 3.0, 3.0, 4.0, 1.0, 1.0, 4.0, 3.0, 4.0, 0.0, 3.0, 1.0, 2.0, 1.0, 1.0, 2.0, 4.0, 1.0, 2.0, 5.0, 2.0, 1.0, 2.0, 1.0, 1.0, 1.0, 1.0, 2.0, 2.0, 2.0, 4.0, 1.0, 3.0, 3.0, 2.0, 3.0, 4.0, 2.0, 2.0], [3.0, 3.0, 3.0, 2.0, 3.0, 2.0, 1.0, 1.0, 3.0, 1.0, 3.0, 2.0, 4.0, 1.0, 2.0, 2.0, 2.0, 4.0, 4.0, 3.0, 2.0, 3.0, 2.0, 2.0, 3.0, 3.0, 3.0, 3.0, 4.0, 4.0, 1.0, 1.0, 1.0, 3.0, 1.0, 1.0, 1.0, 2.0, 3.0, 2.0, 1.0, 1.0, 3.0, 0.0, 3.0, 1.0, 4.0, 2.0, 2.0, 1.0, 3.0, 1.0, 2.0, 1.0, 3.0, 2.0, 3.0, 3.0, 3.0, 4.0, 3.0, 1.0, 2.0, 1.0, 3.0, 1.0, 2.0, 2.0, 3.0, 2.0, 3.0, 2.0], [4.0, 4.0, 0.0, 3.0, 3.0, 2.0, 3.0, 2.0, 1.0, 3.0, 3.0, 3.0, 1.0, 3.0, 4.0, 2.0, 1.0, 1.0, 1.0, 2.0, 2.0, 2.0, 2.0, 3.0, 1.0, 1.0, 3.0, 2.0, 2.0, 2.0, 2.0, 2.0, 3.0, 3.0, 3.0, 2.0, 4.0, 1.0, 0.0, 3.0, 3.0, 3.0, 1.0, 3.0, 0.0, 2.0, 2.0, 2.0, 1.0, 3.0, 2.0, 2.0, 4.0, 2.0, 2.0, 3.0, 0.0, 1.0, 1.0, 2.0, 3.0, 2.0, 3.0, 4.0, 1.0, 3.0, 2.0, 1.0, 1.0, 3.0, 1.0, 3.0], [3.0, 3.0, 2.0, 2.0, 3.0, 1.0, 1.0, 1.0, 2.0, 1.0, 2.0, 2.0, 2.0, 2.0, 2.0, 1.0, 1.0, 3.0, 3.0, 2.0, 1.0, 2.0, 1.0, 2.0, 2.0, 1.0, 3.0, 2.0, 3.0, 3.0, 1.0, 1.0, 2.0, 3.0, 1.0, 1.0, 2.0, 1.0, 2.0, 2.0, 2.0, 2.0, 2.0, 1.0, 2.0, 0.0, 3.0, 1.0, 1.0, 2.0, 2.0, 0.0, 3.0, 1.0, 2.0, 2.0, 2.0, 1.0, 1.0, 3.0, 3.0, 0.0, 2.0, 2.0, 2.0, 1.0, 1.0, 1.0, 2.0, 2.0, 2.0, 1.0], [4.0, 4.0, 2.0, 3.0, 4.0, 3.0, 4.0, 4.0, 3.0, 4.0, 5.0, 3.0, 1.0, 5.0, 5.0, 3.0, 3.0, 1.0, 0.0, 4.0, 4.0, 4.0, 3.0, 5.0, 1.0, 2.0, 4.0, 3.0, 0.0, 0.0, 3.0, 4.0, 4.0, 4.0, 4.0, 4.0, 5.0, 2.0, 1.0, 5.0, 4.0, 5.0, 1.0, 4.0, 2.0, 3.0, 0.0, 3.0, 3.0, 5.0, 2.0, 3.0, 6.0, 3.0, 2.0, 3.0, 2.0, 2.0, 2.0, 0.0, 3.0, 3.0, 3.0, 5.0, 1.0, 4.0, 4.0, 3.0, 3.0, 5.0, 2.0, 3.0], [2.0, 2.0, 2.0, 1.0, 4.0, 2.0, 3.0, 1.0, 3.0, 3.0, 4.0, 1.0, 2.0, 2.0, 3.0, 0.0, 2.0, 3.0, 3.0, 3.0, 2.0, 3.0, 1.0, 3.0, 1.0, 2.0, 4.0, 3.0, 2.0, 2.0, 1.0, 2.0, 1.0, 4.0, 2.0, 2.0, 3.0, 1.0, 2.0, 3.0, 1.0, 2.0, 1.0, 2.0, 2.0, 1.0, 3.0, 0.0, 2.0, 3.0, 1.0, 2.0, 4.0, 1.0, 1.0, 1.0, 2.0, 1.0, 1.0, 3.0, 2.0, 2.0, 1.0, 3.0, 2.0, 2.0, 3.0, 2.0, 3.0, 3.0, 3.0, 1.0], [4.0, 4.0, 1.0, 3.0, 2.0, 0.0, 2.0, 2.0, 1.0, 2.0, 2.0, 3.0, 2.0, 2.0, 2.0, 2.0, 1.0, 2.0, 3.0, 1.0, 1.0, 1.0, 2.0, 2.0, 2.0, 1.0, 2.0, 1.0, 3.0, 3.0, 2.0, 1.0, 3.0, 2.0, 1.0, 1.0, 3.0, 1.0, 2.0, 2.0, 3.0, 3.0, 2.0, 2.0, 1.0, 1.0, 3.0, 2.0, 0.0, 2.0, 3.0, 1.0, 3.0, 2.0, 3.0, 3.0, 1.0, 2.0, 2.0, 3.0, 4.0, 1.0, 3.0, 3.0, 2.0, 3.0, 1.0, 0.0, 1.0, 2.0, 1.0, 3.0], [5.0, 5.0, 3.0, 4.0, 2.0, 2.0, 1.0, 2.0, 3.0, 1.0, 2.0, 4.0, 4.0, 1.0, 0.0, 3.0, 2.0, 4.0, 5.0, 2.0, 1.0, 2.0, 3.0, 1.0, 4.0, 3.0, 2.0, 2.0, 5.0, 5.0, 3.0, 1.0, 2.0, 2.0, 1.0, 1.0, 1.0, 3.0, 3.0, 1.0, 3.0, 1.0, 4.0, 1.0, 3.0, 2.0, 5.0, 3.0, 2.0, 0.0, 4.0, 2.0, 1.0, 2.0, 4.0, 3.0, 3.0, 3.0, 3.0, 5.0, 4.0, 2.0, 3.0, 1.0, 4.0, 2.0, 1.0, 2.0, 3.0, 1.0, 4.0, 3.0], [2.0, 2.0, 2.0, 2.0, 4.0, 3.0, 3.0, 2.0, 3.0, 3.0, 4.0, 1.0, 2.0, 3.0, 4.0, 1.0, 2.0, 2.0, 2.0, 4.0, 3.0, 3.0, 1.0, 4.0, 1.0, 2.0, 4.0, 3.0, 2.0, 2.0, 1.0, 3.0, 2.0, 4.0, 3.0, 2.0, 4.0, 2.0, 2.0, 4.0, 2.0, 3.0, 1.0, 3.0, 2.0, 2.0, 2.0, 1.0, 3.0, 4.0, 0.0, 2.0, 4.0, 1.0, 0.0, 1.0, 2.0, 1.0, 1.0, 2.0, 1.0, 2.0, 1.0, 3.0, 2.0, 2.0, 3.0, 2.0, 3.0, 4.0, 3.0, 1.0], [4.0, 4.0, 2.0, 2.0, 2.0, 1.0, 1.0, 1.0, 2.0, 1.0, 2.0, 2.0, 3.0, 1.0, 2.0, 1.0, 1.0, 3.0, 3.0, 2.0, 1.0, 2.0, 1.0, 2.0, 2.0, 2.0, 3.0, 2.0, 3.0, 3.0, 1.0, 1.0, 2.0, 2.0, 1.0, 0.0, 2.0, 1.0, 2.0, 2.0, 2.0, 1.0, 2.0, 1.0, 2.0, 0.0, 3.0, 2.0, 1.0, 2.0, 2.0, 0.0, 2.0, 1.0, 2.0, 2.0, 2.0, 2.0, 2.0, 3.0, 3.0, 0.0, 2.0, 2.0, 2.0, 1.0, 1.0, 1.0, 2.0, 2.0, 2.0, 2.0], [5.0, 5.0, 4.0, 4.0, 3.0, 3.0, 1.0, 2.0, 4.0, 1.0, 3.0, 4.0, 5.0, 1.0, 1.0, 3.0, 3.0, 5.0, 6.0, 4.0, 2.0, 3.0, 3.0, 2.0, 4.0, 4.0, 3.0, 4.0, 6.0, 5.0, 3.0, 2.0, 2.0, 3.0, 2.0, 2.0, 1.0, 4.0, 4.0, 2.0, 3.0, 1.0, 5.0, 2.0, 4.0, 3.0, 6.0, 4.0, 3.0, 1.0, 4.0, 2.0, 0.0, 3.0, 4.0, 3.0, 4.0, 4.0, 4.0, 6.0, 5.0, 2.0, 3.0, 1.0, 5.0, 2.0, 2.0, 3.0, 4.0, 2.0, 5.0, 3.0], [2.0, 2.0, 2.0, 1.0, 4.0, 2.0, 2.0, 1.0, 3.0, 2.0, 3.0, 1.0, 3.0, 2.0, 3.0, 0.0, 1.0, 3.0, 3.0, 3.0, 2.0, 3.0, 0.0, 3.0, 2.0, 2.0, 4.0, 3.0, 3.0, 3.0, 0.0, 2.0, 1.0, 3.0, 2.0, 1.0, 2.0, 1.0, 2.0, 3.0, 1.0, 2.0, 2.0, 1.0, 2.0, 1.0, 3.0, 1.0, 2.0, 2.0, 1.0, 1.0, 3.0, 0.0, 1.0, 1.0, 2.0, 1.0, 1.0, 3.0, 2.0, 1.0, 1.0, 2.0, 2.0, 1.0, 2.0, 2.0, 3.0, 3.0, 3.0, 1.0], [2.0, 2.0, 2.0, 2.0, 4.0, 3.0, 3.0, 2.0, 3.0, 3.0, 4.0, 1.0, 2.0, 3.0, 4.0, 1.0, 2.0, 2.0, 2.0, 3.0, 3.0, 3.0, 1.0, 4.0, 1.0, 2.0, 4.0, 3.0, 2.0, 2.0, 1.0, 3.0, 2.0, 4.0, 3.0, 2.0, 4.0, 1.0, 1.0, 4.0, 2.0, 3.0, 1.0, 3.0, 2.0, 2.0, 2.0, 1.0, 3.0, 4.0, 0.0, 2.0, 4.0, 1.0, 0.0, 2.0, 2.0, 1.0, 1.0, 2.0, 2.0, 2.0, 2.0, 3.0, 1.0, 2.0, 3.0, 2.0, 3.0, 4.0, 2.0, 1.0], [2.0, 2.0, 3.0, 0.0, 4.0, 3.0, 3.0, 1.0, 4.0, 3.0, 4.0, 1.0, 3.0, 2.0, 3.0, 1.0, 2.0, 4.0, 3.0, 4.0, 3.0, 4.0, 1.0, 4.0, 2.0, 3.0, 4.0, 4.0, 3.0, 3.0, 1.0, 2.0, 1.0, 4.0, 2.0, 2.0, 3.0, 2.0, 3.0, 4.0, 0.0, 2.0, 2.0, 2.0, 3.0, 2.0, 3.0, 1.0, 3.0, 3.0, 1.0, 2.0, 3.0, 1.0, 2.0, 0.0, 3.0, 2.0, 2.0, 4.0, 1.0, 2.0, 0.0, 2.0, 3.0, 1.0, 3.0, 3.0, 4.0, 4.0, 4.0, 0.0], [4.0, 4.0, 0.0, 3.0, 3.0, 2.0, 3.0, 3.0, 1.0, 3.0, 3.0, 3.0, 1.0, 3.0, 4.0, 2.0, 1.0, 1.0, 1.0, 2.0, 2.0, 2.0, 2.0, 3.0, 1.0, 1.0, 3.0, 2.0, 2.0, 2.0, 3.0, 2.0, 3.0, 3.0, 3.0, 2.0, 4.0, 1.0, 0.0, 3.0, 3.0, 3.0, 1.0, 3.0, 0.0, 2.0, 2.0, 2.0, 1.0, 3.0, 2.0, 2.0, 4.0, 2.0, 2.0, 3.0, 0.0, 1.0, 1.0, 2.0, 3.0, 2.0, 3.0, 4.0, 1.0, 3.0, 3.0, 1.0, 1.0, 3.0, 1.0, 3.0], [3.0, 3.0, 1.0, 2.0, 3.0, 2.0, 3.0, 2.0, 2.0, 3.0, 3.0, 2.0, 1.0, 3.0, 4.0, 1.0, 1.0, 2.0, 2.0, 2.0, 2.0, 2.0, 1.0, 3.0, 1.0, 1.0, 3.0, 2.0, 2.0, 1.0, 2.0, 2.0, 2.0, 3.0, 2.0, 2.0, 3.0, 1.0, 1.0, 3.0, 2.0, 3.0, 1.0, 3.0, 1.0, 1.0, 2.0, 1.0, 2.0, 3.0, 1.0, 2.0, 4.0, 1.0, 1.0, 2.0, 1.0, 0.0, 0.0, 2.0, 2.0, 2.0, 2.0, 3.0, 1.0, 2.0, 3.0, 1.0, 2.0, 3.0, 2.0, 2.0], [3.0, 3.0, 1.0, 2.0, 3.0, 2.0, 3.0, 2.0, 2.0, 3.0, 3.0, 2.0, 1.0, 3.0, 4.0, 1.0, 1.0, 2.0, 2.0, 3.0, 2.0, 2.0, 1.0, 4.0, 1.0, 1.0, 3.0, 2.0, 2.0, 2.0, 2.0, 2.0, 2.0, 3.0, 2.0, 2.0, 3.0, 1.0, 1.0, 3.0, 2.0, 3.0, 1.0, 3.0, 1.0, 1.0, 2.0, 1.0, 2.0, 3.0, 1.0, 2.0, 4.0, 1.0, 1.0, 2.0, 1.0, 0.0, 0.0, 2.0, 2.0, 2.0, 2.0, 3.0, 1.0, 2.0, 3.0, 1.0, 2.0, 3.0, 2.0, 2.0], [4.0, 4.0, 2.0, 4.0, 4.0, 3.0, 4.0, 4.0, 3.0, 4.0, 5.0, 3.0, 1.0, 5.0, 5.0, 3.0, 3.0, 1.0, 0.0, 3.0, 4.0, 3.0, 3.0, 5.0, 1.0, 2.0, 4.0, 3.0, 0.0, 0.0, 3.0, 4.0, 4.0, 4.0, 4.0, 4.0, 5.0, 2.0, 1.0, 5.0, 4.0, 5.0, 1.0, 4.0, 2.0, 3.0, 0.0, 3.0, 3.0, 5.0, 2.0, 3.0, 6.0, 3.0, 2.0, 4.0, 2.0, 2.0, 2.0, 0.0, 3.0, 3.0, 4.0, 5.0, 1.0, 4.0, 4.0, 3.0, 3.0, 5.0, 2.0, 3.0], [1.0, 1.0, 3.0, 1.0, 5.0, 4.0, 4.0, 2.0, 5.0, 4.0, 5.0, 1.0, 3.0, 4.0, 5.0, 2.0, 3.0, 4.0, 3.0, 5.0, 4.0, 5.0, 2.0, 5.0, 2.0, 4.0, 5.0, 5.0, 3.0, 3.0, 2.0, 4.0, 2.0, 5.0, 4.0, 3.0, 4.0, 3.0, 3.0, 5.0, 2.0, 4.0, 2.0, 3.0, 3.0, 3.0, 3.0, 2.0, 4.0, 4.0, 1.0, 3.0, 5.0, 2.0, 2.0, 1.0, 3.0, 2.0, 2.0, 3.0, 0.0, 3.0, 1.0, 4.0, 3.0, 2.0, 4.0, 3.0, 4.0, 5.0, 4.0, 1.0], [3.0, 3.0, 2.0, 2.0, 3.0, 1.0, 1.0, 1.0, 2.0, 1.0, 2.0, 2.0, 3.0, 1.0, 2.0, 1.0, 1.0, 3.0, 3.0, 2.0, 1.0, 2.0, 1.0, 2.0, 2.0, 1.0, 3.0, 2.0, 3.0, 3.0, 1.0, 1.0, 2.0, 2.0, 1.0, 0.0, 2.0, 1.0, 2.0, 2.0, 2.0, 2.0, 2.0, 1.0, 2.0, 0.0, 3.0, 2.0, 1.0, 2.0, 2.0, 0.0, 2.0, 1.0, 2.0, 2.0, 2.0, 2.0, 2.0, 3.0, 3.0, 0.0, 2.0, 2.0, 2.0, 1.0, 1.0, 1.0, 2.0, 2.0, 2.0, 2.0], [2.0, 2.0, 3.0, 0.0, 4.0, 3.0, 3.0, 1.0, 4.0, 3.0, 4.0, 1.0, 3.0, 2.0, 3.0, 1.0, 2.0, 4.0, 3.0, 4.0, 3.0, 4.0, 1.0, 4.0, 2.0, 3.0, 4.0, 4.0, 3.0, 3.0, 1.0, 2.0, 1.0, 4.0, 2.0, 2.0, 3.0, 2.0, 3.0, 4.0, 0.0, 2.0, 2.0, 2.0, 3.0, 2.0, 3.0, 1.0, 3.0, 3.0, 1.0, 2.0, 3.0, 1.0, 2.0, 0.0, 3.0, 2.0, 2.0, 4.0, 1.0, 2.0, 0.0, 2.0, 3.0, 1.0, 3.0, 3.0, 4.0, 4.0, 4.0, 0.0], [4.0, 4.0, 3.0, 3.0, 3.0, 2.0, 1.0, 1.0, 4.0, 1.0, 3.0, 3.0, 4.0, 0.0, 1.0, 2.0, 2.0, 5.0, 5.0, 3.0, 2.0, 3.0, 2.0, 2.0, 4.0, 3.0, 3.0, 3.0, 5.0, 5.0, 2.0, 2.0, 1.0, 3.0, 1.0, 1.0, 1.0, 3.0, 4.0, 2.0, 2.0, 0.0, 4.0, 1.0, 4.0, 2.0, 5.0, 3.0, 3.0, 1.0, 3.0, 2.0, 1.0, 2.0, 3.0, 2.0, 4.0, 3.0, 3.0, 5.0, 4.0, 2.0, 2.0, 0.0, 4.0, 1.0, 2.0, 3.0, 4.0, 2.0, 4.0, 2.0], [4.0, 4.0, 0.0, 3.0, 3.0, 2.0, 3.0, 3.0, 2.0, 3.0, 4.0, 2.0, 0.0, 4.0, 4.0, 2.0, 2.0, 1.0, 1.0, 2.0, 3.0, 2.0, 2.0, 4.0, 1.0, 1.0, 3.0, 2.0, 1.0, 1.0, 2.0, 3.0, 3.0, 3.0, 3.0, 2.0, 4.0, 1.0, 0.0, 4.0, 3.0, 4.0, 1.0, 3.0, 1.0, 2.0, 1.0, 2.0, 2.0, 4.0, 2.0, 2.0, 5.0, 2.0, 1.0, 3.0, 1.0, 1.0, 1.0, 1.0, 3.0, 2.0, 3.0, 4.0, 0.0, 3.0, 3.0, 2.0, 2.0, 3.0, 1.0, 3.0], [3.0, 3.0, 3.0, 1.0, 4.0, 2.0, 2.0, 1.0, 4.0, 2.0, 3.0, 2.0, 4.0, 1.0, 2.0, 1.0, 2.0, 4.0, 4.0, 3.0, 2.0, 3.0, 1.0, 3.0, 3.0, 3.0, 4.0, 3.0, 4.0, 4.0, 1.0, 2.0, 0.0, 4.0, 2.0, 1.0, 2.0, 2.0, 3.0, 3.0, 1.0, 1.0, 3.0, 1.0, 3.0, 1.0, 4.0, 2.0, 3.0, 2.0, 2.0, 1.0, 2.0, 1.0, 2.0, 1.0, 3.0, 2.0, 2.0, 4.0, 2.0, 1.0, 1.0, 1.0, 3.0, 0.0, 2.0, 2.0, 4.0, 3.0, 4.0, 1.0], [5.0, 5.0, 2.0, 3.0, 2.0, 1.0, 1.0, 2.0, 2.0, 1.0, 1.0, 3.0, 3.0, 1.0, 1.0, 2.0, 1.0, 4.0, 4.0, 2.0, 0.0, 2.0, 2.0, 1.0, 3.0, 2.0, 2.0, 2.0, 4.0, 4.0, 2.0, 1.0, 2.0, 1.0, 0.0, 1.0, 2.0, 2.0, 3.0, 1.0, 3.0, 2.0, 3.0, 2.0, 2.0, 1.0, 4.0, 3.0, 1.0, 1.0, 3.0, 1.0, 2.0, 2.0, 3.0, 3.0, 3.0, 3.0, 3.0, 4.0, 4.0, 1.0, 3.0, 2.0, 3.0, 2.0, 0.0, 1.0, 2.0, 1.0, 3.0, 3.0], [4.0, 4.0, 1.0, 3.0, 2.0, 0.0, 2.0, 2.0, 1.0, 2.0, 2.0, 3.0, 2.0, 2.0, 3.0, 2.0, 0.0, 2.0, 3.0, 1.0, 1.0, 1.0, 2.0, 2.0, 2.0, 1.0, 2.0, 1.0, 3.0, 3.0, 2.0, 1.0, 2.0, 2.0, 1.0, 1.0, 3.0, 1.0, 1.0, 2.0, 3.0, 2.0, 2.0, 2.0, 1.0, 1.0, 3.0, 2.0, 0.0, 2.0, 2.0, 1.0, 3.0, 2.0, 2.0, 3.0, 1.0, 1.0, 1.0, 3.0, 3.0, 1.0, 3.0, 3.0, 2.0, 2.0, 1.0, 0.0, 1.0, 2.0, 1.0, 2.0], [5.0, 5.0, 1.0, 4.0, 2.0, 1.0, 3.0, 3.0, 0.0, 3.0, 2.0, 4.0, 2.0, 3.0, 3.0, 3.0, 2.0, 2.0, 3.0, 1.0, 2.0, 1.0, 3.0, 3.0, 3.0, 1.0, 1.0, 1.0, 3.0, 3.0, 3.0, 2.0, 4.0, 2.0, 2.0, 2.0, 4.0, 2.0, 2.0, 2.0, 4.0, 3.0, 3.0, 3.0, 1.0, 2.0, 3.0, 3.0, 1.0, 3.0, 3.0, 2.0, 4.0, 3.0, 3.0, 4.0, 1.0, 2.0, 2.0, 3.0, 4.0, 2.0, 4.0, 4.0, 2.0, 4.0, 2.0, 1.0, 0.0, 2.0, 1.0, 3.0], [5.0, 5.0, 3.0, 4.0, 1.0, 1.0, 1.0, 3.0, 2.0, 1.0, 1.0, 4.0, 4.0, 2.0, 1.0, 3.0, 2.0, 4.0, 4.0, 2.0, 1.0, 2.0, 3.0, 1.0, 4.0, 2.0, 1.0, 2.0, 5.0, 4.0, 3.0, 1.0, 3.0, 1.0, 1.0, 2.0, 2.0, 3.0, 3.0, 0.0, 3.0, 2.0, 4.0, 2.0, 3.0, 2.0, 5.0, 3.0, 2.0, 1.0, 4.0, 2.0, 2.0, 3.0, 4.0, 4.0, 3.0, 3.0, 3.0, 5.0, 5.0, 2.0, 4.0, 2.0, 3.0, 3.0, 1.0, 2.0, 2.0, 0.0, 3.0, 3.0], [5.0, 5.0, 1.0, 4.0, 3.0, 2.0, 3.0, 3.0, 1.0, 3.0, 3.0, 3.0, 1.0, 4.0, 4.0, 3.0, 2.0, 1.0, 2.0, 2.0, 2.0, 2.0, 3.0, 3.0, 2.0, 1.0, 2.0, 1.0, 2.0, 2.0, 3.0, 2.0, 4.0, 3.0, 3.0, 2.0, 4.0, 1.0, 1.0, 3.0, 4.0, 4.0, 2.0, 3.0, 1.0, 2.0, 2.0, 3.0, 1.0, 4.0, 3.0, 2.0, 5.0, 3.0, 2.0, 4.0, 1.0, 2.0, 2.0, 2.0, 4.0, 2.0, 4.0, 4.0, 1.0, 4.0, 3.0, 1.0, 1.0, 3.0, 0.0, 3.0], [2.0, 2.0, 2.0, 1.0, 4.0, 3.0, 2.0, 1.0, 4.0, 3.0, 4.0, 1.0, 3.0, 2.0, 3.0, 0.0, 2.0, 3.0, 3.0, 4.0, 3.0, 3.0, 1.0, 3.0, 2.0, 3.0, 4.0, 3.0, 3.0, 3.0, 0.0, 2.0, 1.0, 4.0, 2.0, 2.0, 3.0, 2.0, 2.0, 4.0, 1.0, 2.0, 2.0, 2.0, 3.0, 1.0, 3.0, 1.0, 3.0, 3.0, 1.0, 2.0, 3.0, 1.0, 1.0, 0.0, 3.0, 2.0, 2.0, 3.0, 1.0, 2.0, 0.0, 2.0, 3.0, 1.0, 3.0, 2.0, 3.0, 3.0, 3.0, 0.0]]
