40 2400.99 0 1680 1 1680
[8487.59, 5083.35, 1230.2, 7969.03, 9863.92, 8512.76, 2048.44, 7640.59, 8400.29, 7138.03, 7384.51, 2561.46, 3045.07, 8602.93, 9537.09, 7076.04, 9703.31, 392.59, 9418.89, 697.39, 288.11, 9887.04, 2076.49, 1966.82, 9713.14, 7663.52, 8734.49, 2952.59, 1882.01, 5108.01, 4179.9, 7019.9, 4160.37, 7396.77, 3471.6, 9286.43, 1249.99, 1246.39, 7005.0, 4733.37]
[4985.29, 6819.15, 6728.69, 2067.92, 3025.38, 8544.41, 7728.47, 7355.7, 5726.17, 1602.48, 6064.88, 8748.49, 6200.71, 2136.2, 2029.49, 3707.87, 3228.28, 7224.14, 5878.03, 1808.48, 7454.61, 5494.46, 7314.7, 7386.1, 2000.32, 4668.69, 8460.59, 8580.23, 7453.81, 2111.56, 7427.87, 2465.65, 7695.45, 3196.62, 4547.22, 4295.62, 6217.08, 7299.86, 7491.11, 3687.16]
[8, 5, 2, 8, 9, 8, 2, 7, 8, 7, 7, 3, 3, 8, 9, 7, 9, 1, 9, 1, 1, 9, 2, 2, 9, 7, 8, 3, 2, 5, 4, 7, 4, 7, 4, 9, 2, 2, 7, 5]
[1, 2, 3, 4, 5, 6, 7, 8, 9, 10, 11, 12, 13, 14, 15, 16, 17, 18, 19, 20, 21, 22, 23, 24, 25, 26, 27, 28, 29, 30, 31, 32, 33, 34, 35, 36, 37, 38, 39, 40]
[2, 3, 2, 2, 1, 2, 2, 3, 2, 3, 3, 2, 2, 2, 1, 3, 1, 1, 1, 1, 1, 1, 2, 2, 1, 3, 2, 2, 2, 3, 3, 3, 3, 3, 3, 1, 2, 2, 3, 3]
[2, 3, 2, 2, 2, 2, 2, 3, 2, 3, 3, 2, 2, 2, 2, 3, 2, 2, 2, 2, 2, 2, 2, 2, 2, 3, 2, 2, 2, 3, 2, 3, 2, 3, 2, 2, 2, 2, 3, 3]
[5, 7, 8, 3, 8, 2, 7, 3, 8, 10, 6, 10, 10, 7, 3, 6, 10, 3, 2, 2, 3, 1, 9, 6, 2, 4, 2, 1, 9, 5, 7, 3, 1, 8, 4, 6, 7, 8, 5, 5]
[3330.64, 4437.76, 3679.05, 3521.14, 3579.88, 4713.66, 4630.33, 3307.59, 3404.88, 4311.2, 3806.44, 4210.56, 4467.88, 4439.67, 3175.72, 3733.15, 4479.33, 3445.56, 3516.21, 4631.49, 3352.49, 4146.05, 4897.28, 3724.02, 3972.71, 3026.75, 4114.42, 3743.85, 4808.69, 3397.88, 4610.28, 3458.71, 3916.46, 3591.39, 3382.89, 3681.8, 4697.54, 3410.85, 3399.76, 3331.96]
[0.18, 0.51, 0.32, 0.7, 0.42, 0.66, 0.55, 0.55, 0.43, 0.53, 0.31, 0.54, 0.53, 0.5, 0.61, 0.4, 0.54, 0.69, 0.92, 0.73, 0.7, 0.02, 0.64, 0.13, 0.64, 0.72, 0.8, 0.03, 0.59, 0.23, 0.51, 0.62, 0.02, 0.32, 0.88, 0.33, 0.49, 0.36, 0.24, 0.17]
[1.01, 0.72, 0.8, 1.01, 0.97, 0.55, 0.7, 0.59, 0.88, 0.57, 0.74, 1.07, 0.9, 0.95, 0.62, 0.87, 0.58, 1.09, 0.67, 1.07, 0.9, 0.76, 0.93, 0.51, 0.56, 0.77, 0.9, 0.62, 0.69, 0.71, 0.66, 1.09, 0.7, 0.54, 0.57, 1.07, 1.02, 0.87, 0.71, 0.96]
[0.79, 0.81, 0.67, 0.54, 0.86, 0.97, 1.05, 0.74, 0.95, 0.67, 0.89, 0.55, 0.98, 0.58, 0.52, 0.67, 0.9, 0.76, 0.55, 0.94, 0.57, 0.75, 0.68, 0.7, 0.87, 0.52, 0.67, 1.1, 0.98, 0.58, 0.65, 0.72, 0.61, 0.73, 1.0, 0.82, 0.83, 0.81, 0.79, 0.67]
[0.97, 1.01, 0.59, 0.99, 0.71, 0.59, 0.58, 0.9, 0.95, 1.09, 0.54, 0.98, 0.74, 0.5, 1.02, 0.86, 0.92, 0.89, 0.7, 0.81, 0.98, 0.56, 0.82, 0.86, 1.08, 0.92, 0.82, 0.72, 0.53, 0.6, 1.07, 1.05, 0.58, 0.53, 0.95, 0.7, 0.85, 1.09, 1.03, 0.65]
[0.61, 0.88, 0.82, 1.05, 0.65, 1.03, 0.75, 1.06, 0.65, 0.67, 0.73, 0.69, 0.76, 0.52, 0.9, 1.07, 0.62, 0.93, 0.59, 0.89, 1.03, 0.88, 0.52, 0.99, 0.67, 0.91, 0.71, 0.93, 0.77, 0.72, 0.68, 0.67, 0.92, 1.0, 0.93, 1.06, 0.87, 0.75, 0.78, 0.57]
[0.53, 0.55, 1.04, 0.69, 0.59, 1.05, 0.99, 0.95, 0.78, 0.62, 0.74, 0.77, 0.77, 0.53, 1.01, 0.99, 0.92, 0.69, 0.57, 0.92, 0.74, 1.03, 0.93, 0.68, 0.83, 0.78, 0.64, 0.94, 0.87, 0.58, 0.89, 0.81, 0.87, 0.75, 0.66, 0.69, 0.51, 0.61, 1.08, 0.57]
[0.25, 0.28, 0.27, 0.39, 0.23, 0.34, 0.31, 0.4, 0.4, 0.17, 0.19, 0.31, 0.39, 0.08, 0.3, 0.53, 0.28, 0.47, 0.09, 0.67, 0.39, 0.29, 0.25, 0.21, 0.29, 0.26, 0.22, 0.43, 0.24, 0.1, 0.27, 0.44, 0.2, 0.16, 0.33, 0.45, 0.32, 0.35, 0.48, 0.13]
[1336.67, 2092.81, 1143.14, 2057.01, 884.25, 1413.1, 1722.77, 1956.75, 997.38, 1243.25, 1027.95, 1536.56, 1370.66, 1871.89, 1772.11, 821.54, 1415.24, 1551.35, 2411.98, 1769.11, 1851.58, 378.93, 911.78, 778.46, 1181.29, 1092.49, 1489.13, 411.14, 977.93, 1235.02, 2141.88, 1580.17, 403.42, 887.41, 1391.98, 911.75, 1948.21, 714.1, 1702.13, 1199.21]
[332.37, 580.51, 319.04, 820.8, 203.13, 466.44, 587.2, 771.1, 376.49, 202.09, 187.23, 420.83, 534.23, 157.87, 505.4, 434.65, 383.13, 678.55, 197.79, 1190.32, 691.52, 93.81, 224.84, 152.63, 344.61, 295.67, 352.76, 177.72, 248.84, 107.04, 572.47, 689.82, 77.28, 138.43, 458.82, 416.83, 609.82, 240.61, 834.41, 162.87]
[6183.35, 9964.06, 5215.69, 9785.06, 3921.26, 6565.49, 8113.83, 9283.75, 4486.92, 5716.26, 4639.75, 7182.81, 6353.31, 8859.45, 8360.54, 3607.69, 6576.19, 7256.75, 11559.91, 8345.57, 8757.9, 1394.66, 4058.91, 3392.29, 5406.43, 4962.43, 6945.67, 1555.69, 4389.67, 5675.12, 10209.42, 7400.85, 1517.11, 3937.05, 6459.88, 4058.73, 9241.07, 3070.5, 8010.64, 5496.04]
[1161.84, 2402.54, 1095.21, 3603.98, 515.65, 1832.19, 2435.99, 3355.52, 1382.47, 510.43, 436.13, 1604.15, 2171.13, 289.34, 2026.99, 1673.25, 1415.64, 2892.74, 488.96, 5451.59, 2957.58, -30.95, 624.2, 263.14, 1223.04, 978.35, 1263.79, 388.61, 744.22, 35.22, 2362.34, 2949.09, -113.6, 192.13, 1794.1, 1584.14, 2549.11, 703.04, 3672.05, 314.33]
[99.92, 177.51, 110.37, 105.63, 71.6, 141.41, 138.91, 132.3, 102.15, 172.45, 152.26, 126.32, 134.04, 133.19, 63.51, 149.33, 89.59, 68.91, 70.32, 92.63, 67.05, 82.92, 146.92, 111.72, 79.45, 121.07, 123.43, 112.32, 144.26, 135.92, 184.41, 138.35, 156.66, 143.66, 135.32, 73.64, 140.93, 102.33, 135.99, 133.28]
[133, 266, 147, 140, 71, 188, 185, 198, 136, 258, 228, 168, 178, 177, 63, 223, 89, 68, 70, 92, 67, 82, 195, 148, 79, 181, 164, 149, 192, 203, 276, 207, 234, 215, 202, 73, 187, 136, 203, 199]
[203, 822, 1351, 931, 239, 1494, 248, 1024, 633, 1589, 25, 1464, 1213, 862, 1554, 1143, 337, 749, 1529, 1633, 893, 839, 1168, 1280, 1052, 1227, 500, 1384, 349, 1041, 538, 1019, 553, 210, 964, 886, 1044, 1009, 905, 537]
[450, 1626, 1680, 1417, 804, 1680, 1291, 1680, 801, 1680, 750, 1680, 1680, 1680, 1680, 1680, 1680, 1235, 1680, 1680, 1140, 1680, 1654, 1680, 1538, 1680, 1225, 1680, 1680, 1680, 1422, 1680, 1437, 855, 1680, 1054, 1680, 1177, 1680, 864]
10
[0.0, 0.0, 0.0, 0.0, 0.0, 0.0, 0.0, 0.0, 0.0, 0.0]
[10000.0, 10000.0, 0.0, 10000.0, 0.0, 0.0, 0.0, 0.0, 10000.0, 0.0]
[[0.0, 0.0, 134.0, 0.0, 134.0, 134.0, 134.0, 134.0, 0.0, 134.0, 132.0, 80.0, 47.0, 150.0, 161.0, 115.0, 41.0, 108.0, 126.0, 147.0, 112.0, 38.0, 65.0, 156.0, 166.0, 126.0, 158.0, 37.0, 137.0, 110.0, 34.0, 145.0, 45.0, 44.0, 168.0, 125.0, 118.0, 44.0, 42.0, 125.0, 66.0, 137.0, 63.0, 134.0, 86.0, 146.0, 53.0, 40.0, 99.0, 105.0], [0.0, 0.0, 134.0, 0.0, 134.0, 134.0, 134.0, 134.0, 0.0, 134.0, 132.0, 80.0, 47.0, 150.0, 161.0, 115.0, 41.0, 108.0, 126.0, 147.0, 112.0, 38.0, 65.0, 156.0, 166.0, 126.0, 158.0, 37.0, 137.0, 110.0, 34.0, 145.0, 45.0, 44.0, 168.0, 125.0, 118.0, 44.0, 42.0, 125.0, 66.0, 137.0, 63.0, 134.0, 86.0, 146.0, 53.0, 40.0, 99.0, 105.0], [134.0, 134.0, 0.0, 134.0, 0.0, 0.0, 0.0, 0.0, 134.0, 0.0, 131.0, 114.0, 91.0, 110.0, 138.0, 161.0, 107.0, 142.0, 136.0, 98.0, 128.0, 122.0, 92.0, 118.0, 130.0, 107.0, 137.0, 97.0, 148.0, 26.0, 100.0, 151.0, 102.0, 102.0, 132.0, 120.0, 162.0, 121.0, 103.0, 74.0, 114.0, 99.0, 117.0, 108.0, 76.0, 137.0, 85.0, 99.0, 137.0, 80.0], [0.0, 0.0, 134.0, 0.0, 134.0, 134.0, 134.0, 134.0, 0.0, 134.0, 132.0, 80.0, 47.0, 150.0, 161.0, 115.0, 41.0, 108.0, 126.0, 147.0, 112.0, 38.0, 65.0, 156.0, 166.0, 126.0, 158.0, 37.0, 137.0, 110.0, 34.0, 145.0, 45.0, 44.0, 168.0, 125.0, 118.0, 44.0, 42.0, 125.0, 66.0, 137.0, 63.0, 134.0, 86.0, 146.0, 53.0, 40.0, 99.0, 105.0], [134.0, 134.0, 0.0, 134.0, 0.0, 0.0, 0.0, 0.0, 134.0, 0.0, 131.0, 114.0, 91.0, 110.0, 138.0, 161.0, 107.0, 142.0, 136.0, 98.0, 128.0, 122.0, 92.0, 118.0, 130.0, 107.0, 137.0, 97.0, 148.0, 26.0, 100.0, 151.0, 102.0, 102.0, 132.0, 120.0, 162.0, 121.0, 103.0, 74.0, 114.0, 99.0, 117.0, 108.0, 76.0, 137.0, 85.0, 99.0, 137.0, 80.0], [134.0, 134.0, 0.0, 134.0, 0.0, 0.0, 0.0, 0.0, 134.0, 0.0, 131.0, 114.0, 91.0, 110.0, 138.0, 161.0, 107.0, 142.0, 136.0, 98.0, 128.0, 122.0, 92.0, 118.0, 130.0, 107.0, 137.0, 97.0, 148.0, 26.0, 100.0, 151.0, 102.0, 102.0, 132.0, 120.0, 162.0, 121.0, 103.0, 74.0, 114.0, 99.0, 117.0, 108.0, 76.0, 137.0, 85.0, 99.0, 137.0, 80.0], [134.0, 134.0, 0.0, 134.0, 0.0, 0.0, 0.0, 0.0, 134.0, 0.0, 131.0, 114.0, 91.0, 110.0, 138.0, 161.0, 107.0, 142.0, 136.0, 98.0, 128.0, 122.0, 92.0, 118.0, 130.0, 107.0, 137.0, 97.0, 148.0, 26.0, 100.0, 151.0, 102.0, 102.0, 132.0, 120.0, 162.0, 121.0, 103.0, 74.0, 114.0, 99.0, 117.0, 108.0, 76.0, 137.0, 85.0, 99.0, 137.0, 80.0], [134.0, 134.0, 0.0, 134.0, 0.0, 0.0, 0.0, 0.0, 134.0, 0.0, 131.0, 114.0, 91.0, 110.0, 138.0, 161.0, 107.0, 142.0, 136.0, 98.0, 128.0, 122.0, 92.0, 118.0, 130.0, 107.0, 137.0, 97.0, 148.0, 26.0, 100.0, 151.0, 102.0, 102.0, 132.0, 120.0, 162.0, 121.0, 103.0, 74.0, 114.0, 99.0, 117.0, 108.0, 76.0, 137.0, 85.0, 99.0, 137.0, 80.0], [0.0, 0.0, 134.0, 0.0, 134.0, 134.0, 134.0, 134.0, 0.0, 134.0, 132.0, 80.0, 47.0, 150.0, 161.0, 115.0, 41.0, 108.0, 126.0, 147.0, 112.0, 38.0, 65.0, 156.0, 166.0, 126.0, 158.0, 37.0, 137.0, 110.0, 34.0, 145.0, 45.0, 44.0, 168.0, 125.0, 118.0, 44.0, 42.0, 125.0, 66.0, 137.0, 63.0, 134.0, 86.0, 146.0, 53.0, 40.0, 99.0, 105.0], [134.0, 134.0, 0.0, 134.0, 0.0, 0.0, 0.0, 0.0, 134.0, 0.0, 131.0, 114.0, 91.0, 110.0, 138.0, 161.0, 107.0, 142.0, 136.0, 98.0, 128.0, 122.0, 92.0, 118.0, 130.0, 107.0, 137.0, 97.0, 148.0, 26.0, 100.0, 151.0, 102.0, 102.0, 132.0, 120.0, 162.0, 121.0, 103.0, 74.0, 114.0, 99.0, 117.0, 108.0, 76.0, 137.0, 85.0, 99.0, 137.0, 80.0], [132.0, 132.0, 131.0, 132.0, 131.0, 131.0, 131.0, 131.0, 132.0, 131.0, 0.0, 52.0, 100.0, 40.0, 32.0, 48.0, 93.0, 34.0, 10.0, 49.0, 21.0, 94.0, 74.0, 38.0, 42.0, 25.0, 29.0, 112.0, 17.0, 112.0, 114.0, 20.0, 91.0, 93.0, 43.0, 12.0, 47.0, 88.0, 94.0, 59.0, 66.0, 39.0, 68.0, 28.0, 67.0, 14.0, 98.0, 101.0, 39.0, 53.0], [80.0, 80.0, 114.0, 80.0, 114.0, 114.0, 114.0, 114.0, 80.0, 114.0, 52.0, 0.0, 51.0, 74.0, 81.0, 51.0, 42.0, 35.0, 47.0, 75.0, 32.0, 42.0, 28.0, 78.0, 87.0, 49.0, 78.0, 63.0, 59.0, 89.0, 65.0, 67.0, 41.0, 42.0, 89.0, 45.0, 53.0, 37.0, 44.0, 63.0, 15.0, 64.0, 17.0, 57.0, 37.0, 65.0, 52.0, 52.0, 27.0, 42.0], [47.0, 47.0, 91.0, 47.0, 91.0, 91.0, 91.0, 91.0, 47.0, 91.0, 100.0, 51.0, 0.0, 109.0, 125.0, 100.0, 17.0, 86.0, 97.0, 104.0, 83.0, 32.0, 25.0, 116.0, 127.0, 88.0, 122.0, 13.0, 110.0, 66.0, 16.0, 117.0, 14.0, 13.0, 130.0, 90.0, 103.0, 34.0, 13.0, 80.0, 40.0, 96.0, 41.0, 95.0, 42.0, 112.0, 7.0, 8.0, 78.0, 62.0], [150.0, 150.0, 110.0, 150.0, 110.0, 110.0, 110.0, 110.0, 150.0, 110.0, 40.0, 74.0, 109.0, 0.0, 28.0, 87.0, 109.0, 71.0, 49.0, 13.0, 54.0, 115.0, 86.0, 9.0, 21.0, 25.0, 28.0, 122.0, 54.0, 97.0, 125.0, 52.0, 105.0, 107.0, 23.0, 35.0, 86.0, 110.0, 109.0, 38.0, 88.0, 14.0, 91.0, 17.0, 69.0, 35.0, 105.0, 114.0, 74.0, 48.0], [161.0, 161.0, 138.0, 161.0, 138.0, 138.0, 138.0, 138.0, 161.0, 138.0, 32.0, 81.0, 125.0, 28.0, 0.0, 76.0, 122.0, 65.0, 41.0, 41.0, 52.0, 124.0, 100.0, 21.0, 14.0, 38.0, 3.0, 138.0, 39.0, 123.0, 141.0, 33.0, 119.0, 120.0, 14.0, 37.0, 74.0, 118.0, 122.0, 65.0, 96.0, 39.0, 98.0, 33.0, 88.0, 19.0, 123.0, 128.0, 71.0, 69.0], [115.0, 115.0, 161.0, 115.0, 161.0, 161.0, 161.0, 161.0, 115.0, 161.0, 48.0, 51.0, 100.0, 87.0, 76.0, 0.0, 87.0, 20.0, 38.0, 94.0, 36.0, 79.0, 79.0, 86.0, 88.0, 67.0, 73.0, 110.0, 38.0, 138.0, 111.0, 45.0, 87.0, 89.0, 89.0, 53.0, 3.0, 74.0, 90.0, 97.0, 60.0, 84.0, 59.0, 73.0, 86.0, 58.0, 102.0, 98.0, 25.0, 82.0], [41.0, 41.0, 107.0, 41.0, 107.0, 107.0, 107.0, 107.0, 41.0, 107.0, 93.0, 42.0, 17.0, 109.0, 122.0, 87.0, 0.0, 75.0, 89.0, 106.0, 75.0, 15.0, 24.0, 115.0, 126.0, 86.0, 119.0, 23.0, 101.0, 81.0, 24.0, 109.0, 6.0, 5.0, 128.0, 85.0, 90.0, 17.0, 4.0, 85.0, 29.0, 97.0, 28.0, 94.0, 47.0, 107.0, 23.0, 12.0, 66.0, 65.0], [108.0, 108.0, 142.0, 108.0, 142.0, 142.0, 142.0, 142.0, 108.0, 142.0, 34.0, 35.0, 86.0, 71.0, 65.0, 20.0, 75.0, 0.0, 24.0, 77.0, 18.0, 70.0, 63.0, 71.0, 75.0, 49.0, 62.0, 97.0, 31.0, 119.0, 98.0, 39.0, 74.0, 76.0, 77.0, 36.0, 21.0, 65.0, 77.0, 78.0, 46.0, 66.0, 47.0, 56.0, 67.0, 46.0, 87.0, 85.0, 9.0, 62.0], [126.0, 126.0, 136.0, 126.0, 136.0, 136.0, 136.0, 136.0, 126.0, 136.0, 10.0, 47.0, 97.0, 49.0, 41.0, 38.0, 89.0, 24.0, 0.0, 58.0, 14.0, 88.0, 72.0, 48.0, 52.0, 32.0, 38.0, 109.0, 14.0, 115.0, 111.0, 20.0, 87.0, 89.0, 53.0, 17.0, 37.0, 82.0, 90.0, 65.0, 61.0, 47.0, 62.0, 36.0, 68.0, 22.0, 96.0, 98.0, 30.0, 56.0], [147.0, 147.0, 98.0, 147.0, 98.0, 98.0, 98.0, 98.0, 147.0, 98.0, 49.0, 75.0, 104.0, 13.0, 41.0, 94.0, 106.0, 77.0, 58.0, 0.0, 60.0, 113.0, 82.0, 21.0, 33.0, 28.0, 41.0, 117.0, 65.0, 86.0, 120.0, 64.0, 102.0, 104.0, 35.0, 42.0, 94.0, 109.0, 105.0, 28.0, 87.0, 12.0, 91.0, 22.0, 63.0, 46.0, 100.0, 109.0, 79.0, 42.0], [112.0, 112.0, 128.0, 112.0, 128.0, 128.0, 128.0, 128.0, 112.0, 128.0, 21.0, 32.0, 83.0, 54.0, 52.0, 36.0, 75.0, 18.0, 14.0, 60.0, 0.0, 74.0, 58.0, 55.0, 61.0, 32.0, 49.0, 95.0, 27.0, 106.0, 97.0, 34.0, 73.0, 74.0, 63.0, 19.0, 37.0, 68.0, 76.0, 61.0, 46.0, 48.0, 48.0, 38.0, 56.0, 35.0, 82.0, 84.0, 20.0, 48.0], [38.0, 38.0, 122.0, 38.0, 122.0, 122.0, 122.0, 122.0, 38.0, 122.0, 94.0, 42.0, 32.0, 115.0, 124.0, 79.0, 15.0, 70.0, 88.0, 113.0, 74.0, 0.0, 35.0, 120.0, 129.0, 90.0, 121.0, 35.0, 99.0, 96.0, 35.0, 107.0, 20.0, 20.0, 131.0, 87.0, 82.0, 6.0, 20.0, 95.0, 28.0, 103.0, 26.0, 98.0, 57.0, 108.0, 38.0, 26.0, 62.0, 74.0], [65.0, 65.0, 92.0, 65.0, 92.0, 92.0, 92.0, 92.0, 65.0, 92.0, 74.0, 28.0, 25.0, 86.0, 100.0, 79.0, 24.0, 63.0, 72.0, 82.0, 58.0, 35.0, 0.0, 92.0, 103.0, 63.0, 97.0, 38.0, 85.0, 66.0, 40.0, 92.0, 20.0, 21.0, 105.0, 65.0, 82.0, 32.0, 23.0, 61.0, 22.0, 73.0, 25.0, 71.0, 23.0, 87.0, 24.0, 28.0, 56.0, 40.0], [156.0, 156.0, 118.0, 156.0, 118.0, 118.0, 118.0, 118.0, 156.0, 118.0, 38.0, 78.0, 116.0, 9.0, 21.0, 86.0, 115.0, 71.0, 48.0, 21.0, 55.0, 120.0, 92.0, 0.0, 13.0, 29.0, 21.0, 129.0, 51.0, 106.0, 132.0, 48.0, 111.0, 113.0, 15.0, 36.0, 84.0, 114.0, 114.0, 47.0, 92.0, 22.0, 95.0, 21.0, 76.0, 30.0, 112.0, 120.0, 75.0, 56.0], [166.0, 166.0, 130.0, 166.0, 130.0, 130.0, 130.0, 130.0, 166.0, 130.0, 42.0, 87.0, 127.0, 21.0, 14.0, 88.0, 126.0, 75.0, 52.0, 33.0, 61.0, 129.0, 103.0, 13.0, 0.0, 40.0, 16.0, 140.0, 51.0, 118.0, 143.0, 46.0, 122.0, 124.0, 2.0, 43.0, 87.0, 124.0, 125.0, 59.0, 102.0, 34.0, 104.0, 33.0, 88.0, 30.0, 124.0, 131.0, 80.0, 68.0], [126.0, 126.0, 107.0, 126.0, 107.0, 107.0, 107.0, 107.0, 126.0, 107.0, 25.0, 49.0, 88.0, 25.0, 38.0, 67.0, 86.0, 49.0, 32.0, 28.0, 32.0, 90.0, 63.0, 29.0, 40.0, 0.0, 36.0, 101.0, 43.0, 89.0, 104.0, 44.0, 82.0, 84.0, 42.0, 15.0, 67.0, 85.0, 85.0, 34.0, 63.0, 17.0, 66.0, 8.0, 49.0, 31.0, 85.0, 91.0, 51.0, 31.0], [158.0, 158.0, 137.0, 158.0, 137.0, 137.0, 137.0, 137.0, 158.0, 137.0, 29.0, 78.0, 122.0, 28.0, 3.0, 73.0, 119.0, 62.0, 38.0, 41.0, 49.0, 121.0, 97.0, 21.0, 16.0, 36.0, 0.0, 135.0, 36.0, 122.0, 138.0, 30.0, 116.0, 117.0, 16.0, 33.0, 71.0, 115.0, 119.0, 63.0, 93.0, 37.0, 95.0, 31.0, 85.0, 15.0, 120.0, 125.0, 67.0, 67.0], [37.0, 37.0, 97.0, 37.0, 97.0, 97.0, 97.0, 97.0, 37.0, 97.0, 112.0, 63.0, 13.0, 122.0, 138.0, 110.0, 23.0, 97.0, 109.0, 117.0, 95.0, 35.0, 38.0, 129.0, 140.0, 101.0, 135.0, 0.0, 122.0, 72.0, 3.0, 129.0, 23.0, 21.0, 143.0, 103.0, 113.0, 39.0, 20.0, 93.0, 51.0, 109.0, 51.0, 108.0, 54.0, 125.0, 18.0, 11.0, 88.0, 75.0], [137.0, 137.0, 148.0, 137.0, 148.0, 148.0, 148.0, 148.0, 137.0, 148.0, 17.0, 59.0, 110.0, 54.0, 39.0, 38.0, 101.0, 31.0, 14.0, 65.0, 27.0, 99.0, 85.0, 51.0, 51.0, 43.0, 36.0, 122.0, 0.0, 128.0, 124.0, 8.0, 100.0, 102.0, 52.0, 28.0, 36.0, 94.0, 103.0, 76.0, 73.0, 56.0, 74.0, 45.0, 81.0, 21.0, 109.0, 111.0, 39.0, 69.0], [110.0, 110.0, 26.0, 110.0, 26.0, 26.0, 26.0, 26.0, 110.0, 26.0, 112.0, 89.0, 66.0, 97.0, 123.0, 138.0, 81.0, 119.0, 115.0, 86.0, 106.0, 96.0, 66.0, 106.0, 118.0, 89.0, 122.0, 72.0, 128.0, 0.0, 76.0, 132.0, 76.0, 76.0, 120.0, 101.0, 139.0, 95.0, 77.0, 59.0, 88.0, 85.0, 91.0, 91.0, 52.0, 119.0, 59.0, 74.0, 113.0, 59.0], [34.0, 34.0, 100.0, 34.0, 100.0, 100.0, 100.0, 100.0, 34.0, 100.0, 114.0, 65.0, 16.0, 125.0, 141.0, 111.0, 24.0, 98.0, 111.0, 120.0, 97.0, 35.0, 40.0, 132.0, 143.0, 104.0, 138.0, 3.0, 124.0, 76.0, 0.0, 131.0, 24.0, 22.0, 145.0, 105.0, 114.0, 39.0, 21.0, 96.0, 52.0, 112.0, 52.0, 111.0, 58.0, 127.0, 21.0, 13.0, 90.0, 78.0], [145.0, 145.0, 151.0, 145.0, 151.0, 151.0, 151.0, 151.0, 145.0, 151.0, 20.0, 67.0, 117.0, 52.0, 33.0, 45.0, 109.0, 39.0, 20.0, 64.0, 34.0, 107.0, 92.0, 48.0, 46.0, 44.0, 30.0, 129.0, 8.0, 132.0, 131.0, 0.0, 107.0, 109.0, 47.0, 32.0, 42.0, 101.0, 110.0, 78.0, 80.0, 56.0, 82.0, 45.0, 87.0, 18.0, 116.0, 118.0, 47.0, 73.0], [45.0, 45.0, 102.0, 45.0, 102.0, 102.0, 102.0, 102.0, 45.0, 102.0, 91.0, 41.0, 14.0, 105.0, 119.0, 87.0, 6.0, 74.0, 87.0, 102.0, 73.0, 20.0, 20.0, 111.0, 122.0, 82.0, 116.0, 23.0, 100.0, 76.0, 24.0, 107.0, 0.0, 2.0, 124.0, 83.0, 90.0, 21.0, 3.0, 80.0, 28.0, 92.0, 28.0, 90.0, 41.0, 104.0, 18.0, 11.0, 66.0, 60.0], [44.0, 44.0, 102.0, 44.0, 102.0, 102.0, 102.0, 102.0, 44.0, 102.0, 93.0, 42.0, 13.0, 107.0, 120.0, 89.0, 5.0, 76.0, 89.0, 104.0, 74.0, 20.0, 21.0, 113.0, 124.0, 84.0, 117.0, 21.0, 102.0, 76.0, 22.0, 109.0, 2.0, 0.0, 126.0, 84.0, 91.0, 21.0, 1.0, 82.0, 30.0, 94.0, 30.0, 92.0, 43.0, 106.0, 18.0, 10.0, 67.0, 62.0], [168.0, 168.0, 132.0, 168.0, 132.0, 132.0, 132.0, 132.0, 168.0, 132.0, 43.0, 89.0, 130.0, 23.0, 14.0, 89.0, 128.0, 77.0, 53.0, 35.0, 63.0, 131.0, 105.0, 15.0, 2.0, 42.0, 16.0, 143.0, 52.0, 120.0, 145.0, 47.0, 124.0, 126.0, 0.0, 45.0, 87.0, 126.0, 127.0, 61.0, 103.0, 36.0, 106.0, 35.0, 90.0, 31.0, 126.0, 133.0, 82.0, 70.0], [125.0, 125.0, 120.0, 125.0, 120.0, 120.0, 120.0, 120.0, 125.0, 120.0, 12.0, 45.0, 90.0, 35.0, 37.0, 53.0, 85.0, 36.0, 17.0, 42.0, 19.0, 87.0, 65.0, 36.0, 43.0, 15.0, 33.0, 103.0, 28.0, 101.0, 105.0, 32.0, 83.0, 84.0, 45.0, 0.0, 53.0, 82.0, 86.0, 48.0, 59.0, 31.0, 62.0, 20.0, 56.0, 22.0, 88.0, 93.0, 39.0, 41.0], [118.0, 118.0, 162.0, 118.0, 162.0, 162.0, 162.0, 162.0, 118.0, 162.0, 47.0, 53.0, 103.0, 86.0, 74.0, 3.0, 90.0, 21.0, 37.0, 94.0, 37.0, 82.0, 82.0, 84.0, 87.0, 67.0, 71.0, 113.0, 36.0, 139.0, 114.0, 42.0, 90.0, 91.0, 87.0, 53.0, 0.0, 77.0, 92.0, 98.0, 62.0, 83.0, 62.0, 73.0, 88.0, 56.0, 104.0, 101.0, 26.0, 83.0], [44.0, 44.0, 121.0, 44.0, 121.0, 121.0, 121.0, 121.0, 44.0, 121.0, 88.0, 37.0, 34.0, 110.0, 118.0, 74.0, 17.0, 65.0, 82.0, 109.0, 68.0, 6.0, 32.0, 114.0, 124.0, 85.0, 115.0, 39.0, 94.0, 95.0, 39.0, 101.0, 21.0, 21.0, 126.0, 82.0, 77.0, 0.0, 21.0, 91.0, 22.0, 98.0, 20.0, 93.0, 54.0, 102.0, 39.0, 28.0, 56.0, 70.0], [42.0, 42.0, 103.0, 42.0, 103.0, 103.0, 103.0, 103.0, 42.0, 103.0, 94.0, 44.0, 13.0, 109.0, 122.0, 90.0, 4.0, 77.0, 90.0, 105.0, 76.0, 20.0, 23.0, 114.0, 125.0, 85.0, 119.0, 20.0, 103.0, 77.0, 21.0, 110.0, 3.0, 1.0, 127.0, 86.0, 92.0, 21.0, 0.0, 83.0, 31.0, 96.0, 31.0, 93.0, 44.0, 107.0, 19.0, 9.0, 68.0, 63.0], [125.0, 125.0, 74.0, 125.0, 74.0, 74.0, 74.0, 74.0, 125.0, 74.0, 59.0, 63.0, 80.0, 38.0, 65.0, 97.0, 85.0, 78.0, 65.0, 28.0, 61.0, 95.0, 61.0, 47.0, 59.0, 34.0, 63.0, 93.0, 76.0, 59.0, 96.0, 78.0, 80.0, 82.0, 61.0, 48.0, 98.0, 91.0, 83.0, 0.0, 72.0, 26.0, 76.0, 34.0, 39.0, 63.0, 75.0, 86.0, 76.0, 22.0], [66.0, 66.0, 114.0, 66.0, 114.0, 114.0, 114.0, 114.0, 66.0, 114.0, 66.0, 15.0, 40.0, 88.0, 96.0, 60.0, 29.0, 46.0, 61.0, 87.0, 46.0, 28.0, 22.0, 92.0, 102.0, 63.0, 93.0, 51.0, 73.0, 88.0, 52.0, 80.0, 28.0, 30.0, 103.0, 59.0, 62.0, 22.0, 31.0, 72.0, 0.0, 76.0, 4.0, 71.0, 40.0, 80.0, 42.0, 39.0, 38.0, 50.0], [137.0, 137.0, 99.0, 137.0, 99.0, 99.0, 99.0, 99.0, 137.0, 99.0, 39.0, 64.0, 96.0, 14.0, 39.0, 84.0, 97.0, 66.0, 47.0, 12.0, 48.0, 103.0, 73.0, 22.0, 34.0, 17.0, 37.0, 109.0, 56.0, 85.0, 112.0, 56.0, 92.0, 94.0, 36.0, 31.0, 83.0, 98.0, 96.0, 26.0, 76.0, 0.0, 80.0, 11.0, 55.0, 39.0, 92.0, 101.0, 67.0, 35.0], [63.0, 63.0, 117.0, 63.0, 117.0, 117.0, 117.0, 117.0, 63.0, 117.0, 68.0, 17.0, 41.0, 91.0, 98.0, 59.0, 28.0, 47.0, 62.0, 91.0, 48.0, 26.0, 25.0, 95.0, 104.0, 66.0, 95.0, 51.0, 74.0, 91.0, 52.0, 82.0, 28.0, 30.0, 106.0, 62.0, 62.0, 20.0, 31.0, 76.0, 4.0, 80.0, 0.0, 74.0, 43.0, 82.0, 44.0, 39.0, 38.0, 54.0], [134.0, 134.0, 108.0, 134.0, 108.0, 108.0, 108.0, 108.0, 134.0, 108.0, 28.0, 57.0, 95.0, 17.0, 33.0, 73.0, 94.0, 56.0, 36.0, 22.0, 38.0, 98.0, 71.0, 21.0, 33.0, 8.0, 31.0, 108.0, 45.0, 91.0, 111.0, 45.0, 90.0, 92.0, 35.0, 20.0, 73.0, 93.0, 93.0, 34.0, 71.0, 11.0, 74.0, 0.0, 55.0, 29.0, 91.0, 99.0, 58.0, 36.0], [86.0, 86.0, 76.0, 86.0, 76.0, 76.0, 76.0, 76.0, 86.0, 76.0, 67.0, 37.0, 42.0, 69.0, 88.0, 86.0, 47.0, 67.0, 68.0, 63.0, 56.0, 57.0, 23.0, 76.0, 88.0, 49.0, 85.0, 54.0, 81.0, 52.0, 58.0, 87.0, 41.0, 43.0, 90.0, 56.0, 88.0, 54.0, 44.0, 39.0, 40.0, 55.0, 43.0, 55.0, 0.0, 78.0, 37.0, 47.0, 61.0, 20.0], [146.0, 146.0, 137.0, 146.0, 137.0, 137.0, 137.0, 137.0, 146.0, 137.0, 14.0, 65.0, 112.0, 35.0, 19.0, 58.0, 107.0, 46.0, 22.0, 46.0, 35.0, 108.0, 87.0, 30.0, 30.0, 31.0, 15.0, 125.0, 21.0, 119.0, 127.0, 18.0, 104.0, 106.0, 31.0, 22.0, 56.0, 102.0, 107.0, 63.0, 80.0, 39.0, 82.0, 29.0, 78.0, 0.0, 110.0, 115.0, 52.0, 61.0], [53.0, 53.0, 85.0, 53.0, 85.0, 85.0, 85.0, 85.0, 53.0, 85.0, 98.0, 52.0, 7.0, 105.0, 123.0, 102.0, 23.0, 87.0, 96.0, 100.0, 82.0, 38.0, 24.0, 112.0, 124.0, 85.0, 120.0, 18.0, 109.0, 59.0, 21.0, 116.0, 18.0, 18.0, 126.0, 88.0, 104.0, 39.0, 19.0, 75.0, 42.0, 92.0, 44.0, 91.0, 37.0, 110.0, 0.0, 14.0, 79.0, 57.0], [40.0, 40.0, 99.0, 40.0, 99.0, 99.0, 99.0, 99.0, 40.0, 99.0, 101.0, 52.0, 8.0, 114.0, 128.0, 98.0, 12.0, 85.0, 98.0, 109.0, 84.0, 26.0, 28.0, 120.0, 131.0, 91.0, 125.0, 11.0, 111.0, 74.0, 13.0, 118.0, 11.0, 10.0, 133.0, 93.0, 101.0, 28.0, 9.0, 86.0, 39.0, 101.0, 39.0, 99.0, 47.0, 115.0, 14.0, 0.0, 77.0, 67.0], [99.0, 99.0, 137.0, 99.0, 137.0, 137.0, 137.0, 137.0, 99.0, 137.0, 39.0, 27.0, 78.0, 74.0, 71.0, 25.0, 66.0, 9.0, 30.0, 79.0, 20.0, 62.0, 56.0, 75.0, 80.0, 51.0, 67.0, 88.0, 39.0, 113.0, 90.0, 47.0, 66.0, 67.0, 82.0, 39.0, 26.0, 56.0, 68.0, 76.0, 38.0, 67.0, 38.0, 58.0, 61.0, 52.0, 79.0, 77.0, 0.0, 59.0], [105.0, 105.0, 80.0, 105.0, 80.0, 80.0, 80.0, 80.0, 105.0, 80.0, 53.0, 42.0, 62.0, 48.0, 69.0, 82.0, 65.0, 62.0, 56.0, 42.0, 48.0, 74.0, 40.0, 56.0, 68.0, 31.0, 67.0, 75.0, 69.0, 59.0, 78.0, 73.0, 60.0, 62.0, 70.0, 41.0, 83.0, 70.0, 63.0, 22.0, 50.0, 35.0, 54.0, 36.0, 20.0, 61.0, 57.0, 67.0, 59.0, 0.0]]
