70 4299.51 0 1680 1 1680
[1750.5, 379.03, 4286.03, 559.65, 852.4, 5672.74, 153.23, 1540.67, 9601.38, 1376.54, 3654.8, 7560.71, 1882.79, 5377.61, 893.97, 9543.41, 1803.94, 5812.63, 3694.74, 1965.98, 1608.24, 1612.44, 4980.94, 1229.26, 7388.97, 7197.69, 1754.72, 812.23, 5953.8, 5107.09, 2449.61, 2733.17, 9638.75, 1249.37, 5812.28, 5744.9, 7299.82, 5420.99, 1276.94, 4272.43, 8014.59, 2444.65, 852.93, 5939.96, 827.64, 5980.71, 8396.89, 229.14, 9039.95, 9117.75, 9241.53, 7537.12, 7930.67, 8203.71, 3721.01, 3189.91, 8092.75, 2922.49, 7904.44, 3573.85, 9021.17, 219.84, 9184.86, 4966.32, 9504.1, 3748.8, 1505.84, 1817.79, 4907.05, 7602.04]
[6902.09, 4078.9, 8812.35, 5714.9, 1193.69, 6142.79, 2308.17, 3853.85, 8238.09, 8590.8, 8363.84, 6969.85, 2848.22, 6401.58, 4317.09, 4637.42, 5241.5, 5491.61, 7378.03, 3343.41, 7535.13, 5799.71, 7011.72, 8140.25, 7195.97, 4378.82, 4074.22, 5121.21, 5253.26, 3427.42, 6913.92, 8537.93, 3414.76, 2086.58, 1896.29, 4195.17, 8041.22, 1077.46, 5287.56, 1368.74, 8778.73, 8294.65, 2102.89, 6088.86, 4609.47, 8838.0, 6278.06, 7404.89, 1953.63, 5618.06, 4939.77, 4491.83, 2744.86, 3200.77, 5000.68, 3155.05, 1455.42, 3308.42, 2787.84, 1274.78, 2016.46, 8851.84, 1632.36, 3008.19, 7919.58, 4598.31, 6709.92, 5482.03, 5795.14, 1544.68]
[2, 1, 4, 1, 1, 6, 1, 2, 9, 2, 4, 7, 2, 5, 1, 9, 2, 6, 4, 2, 2, 2, 5, 2, 7, 7, 2, 1, 6, 5, 3, 3, 9, 2, 6, 6, 7, 5, 2, 4, 8, 3, 1, 6, 1, 6, 8, 1, 9, 9, 9, 7, 8, 8, 4, 3, 8, 3, 8, 4, 9, 1, 9, 5, 9, 4, 2, 2, 5, 7]
[1, 2, 3, 4, 5, 6, 7, 8, 9, 10, 11, 12, 13, 14, 15, 16, 17, 18, 19, 20, 21, 22, 23, 24, 25, 26, 27, 28, 29, 30, 31, 32, 33, 34, 35, 36, 37, 38, 39, 40, 41, 42, 43, 44, 45, 46, 47, 48, 49, 50, 51, 52, 53, 54, 55, 56, 57, 58, 59, 60, 61, 62, 63, 64, 65, 66, 67, 68, 69, 70]
[2, 2, 3, 2, 2, 2, 2, 2, 2, 2, 3, 1, 2, 2, 2, 2, 2, 2, 3, 2, 2, 2, 2, 2, 1, 1, 2, 2, 2, 2, 3, 3, 2, 2, 2, 2, 1, 2, 2, 3, 2, 3, 2, 2, 2, 2, 2, 2, 2, 2, 2, 1, 2, 2, 3, 3, 2, 3, 2, 3, 2, 2, 2, 2, 2, 3, 2, 2, 2, 1]
[2, 1, 3, 1, 1, 2, 1, 2, 2, 2, 3, 3, 2, 1, 1, 2, 2, 2, 3, 2, 2, 2, 1, 2, 3, 3, 2, 1, 2, 1, 3, 3, 2, 2, 2, 2, 3, 1, 2, 3, 3, 3, 1, 2, 1, 2, 3, 1, 2, 2, 2, 3, 3, 3, 3, 3, 3, 3, 3, 3, 2, 1, 2, 1, 2, 3, 2, 2, 1, 3]
[10, 3, 2, 8, 7, 1, 1, 5, 9, 4, 3, 1, 9, 7, 2, 1, 3, 8, 9, 7, 5, 4, 8, 1, 10, 5, 8, 1, 8, 7, 4, 4, 6, 10, 8, 4, 2, 2, 1, 4, 7, 8, 8, 3, 8, 3, 5, 1, 4, 4, 2, 7, 7, 1, 9, 9, 7, 7, 4, 2, 8, 10, 7, 3, 2, 9, 5, 8, 4, 1]
[3731.76, 4938.17, 3577.05, 4835.09, 3702.06, 3224.43, 3210.96, 3280.19, 4254.14, 3760.99, 4925.52, 3199.16, 4184.86, 3941.34, 3496.44, 3234.44, 4935.92, 4829.33, 4122.17, 3880.96, 3270.11, 3541.24, 4816.13, 3215.94, 3775.87, 3208.08, 4818.93, 3219.15, 4825.7, 3805.43, 3536.22, 4364.99, 3484.73, 3850.99, 4815.96, 4198.28, 3654.75, 3555.83, 3233.4, 3535.78, 3935.54, 4829.32, 4822.78, 4946.57, 4823.57, 4860.79, 3170.5, 3196.11, 3585.71, 4475.01, 3486.7, 3866.39, 3780.36, 3210.9, 4147.0, 4255.38, 3785.86, 3823.43, 4256.92, 3468.95, 4819.63, 3701.33, 4067.7, 4843.01, 3730.95, 4218.57, 3179.53, 4828.14, 4028.09, 3196.29]
[0.76, 0.09, 0.5, 0.31, 0.17, 0.88, 0.87, 0.92, 0.47, 0.25, 0.11, 0.84, 0.5, 0.24, 0.32, 0.9, 0.22, 0.5, 0.52, 0.4, 0.55, 0.24, 0.16, 0.84, 0.8, 0.42, 0.47, 0.9, 0.49, 0.07, 0.24, 0.3, 0.46, 0.66, 0.38, 0.27, 0.54, 0.22, 0.92, 0.24, 0.26, 0.42, 0.31, 0.23, 0.45, 0.22, 0.63, 0.9, 0.3, 0.26, 0.25, 0.31, 0.35, 0.95, 0.5, 0.53, 0.26, 0.04, 0.28, 0.45, 0.24, 0.6, 0.3, 0.18, 0.26, 0.49, 0.46, 0.5, 0.25, 0.9]
[0.97, 0.76, 0.73, 1.08, 0.75, 0.57, 0.78, 0.92, 0.62, 0.74, 0.97, 0.61, 0.87, 0.65, 0.78, 0.66, 1.05, 1.05, 0.8, 0.95, 0.71, 0.95, 0.89, 0.93, 0.8, 1.06, 0.79, 0.69, 0.59, 0.67, 0.56, 0.9, 0.51, 0.73, 0.65, 0.7, 1.0, 1.08, 0.76, 0.76, 0.61, 1.0, 0.94, 0.9, 0.63, 0.95, 0.94, 0.69, 1.01, 1.09, 0.56, 0.54, 0.62, 0.59, 1.0, 0.97, 1.05, 1.03, 0.7, 0.82, 1.05, 1.04, 1.01, 0.92, 0.97, 1.06, 0.55, 0.72, 0.87, 0.86]
[0.88, 0.74, 1.06, 0.94, 1.01, 0.64, 0.79, 0.85, 1.01, 0.91, 0.59, 0.57, 1.04, 0.98, 0.87, 0.85, 0.83, 0.98, 0.85, 1.0, 0.62, 1.09, 1.03, 0.9, 0.9, 0.84, 0.52, 0.8, 1.0, 0.88, 0.64, 0.59, 0.61, 0.67, 0.73, 0.56, 0.68, 0.61, 0.96, 0.79, 0.61, 0.92, 0.88, 0.81, 0.56, 1.07, 0.81, 1.0, 0.82, 0.94, 0.94, 1.02, 1.06, 0.7, 1.03, 0.99, 0.89, 0.63, 0.55, 0.71, 0.71, 0.57, 0.85, 0.62, 1.04, 0.51, 1.07, 0.56, 0.86, 0.54]
[0.69, 0.73, 0.57, 0.51, 1.02, 0.76, 0.74, 0.91, 0.58, 0.74, 0.93, 0.82, 0.55, 0.63, 1.05, 1.06, 0.81, 0.62, 0.78, 0.97, 0.54, 1.01, 0.99, 0.53, 0.97, 0.99, 1.09, 0.88, 0.71, 0.52, 0.51, 0.74, 0.54, 0.92, 0.85, 1.03, 1.04, 0.77, 1.03, 0.84, 0.9, 1.04, 1.09, 0.8, 1.0, 0.79, 0.54, 0.67, 0.53, 0.87, 0.87, 0.64, 0.78, 0.71, 0.5, 0.86, 0.72, 0.55, 0.8, 1.08, 0.61, 0.61, 0.55, 0.84, 1.03, 0.58, 0.81, 0.53, 0.97, 1.03]
[1.0, 0.88, 0.92, 1.1, 0.62, 0.63, 0.72, 0.64, 0.79, 0.76, 0.71, 0.98, 0.59, 0.6, 0.58, 0.8, 0.95, 0.77, 0.81, 0.52, 0.68, 0.79, 0.86, 0.71, 1.07, 0.6, 0.76, 0.74, 0.63, 0.97, 1.08, 0.96, 0.55, 0.68, 0.58, 0.93, 1.08, 0.56, 0.75, 0.78, 0.92, 1.06, 0.94, 0.83, 0.57, 1.02, 0.79, 0.6, 0.79, 0.93, 0.81, 0.52, 0.7, 0.87, 0.61, 0.69, 0.54, 0.69, 0.65, 0.79, 0.93, 0.88, 0.7, 0.95, 0.6, 0.9, 0.86, 0.8, 0.59, 0.53]
[0.55, 0.55, 0.92, 1.08, 0.72, 0.9, 0.94, 0.81, 0.55, 1.02, 0.65, 0.94, 0.51, 0.77, 0.94, 0.95, 0.78, 0.87, 0.92, 1.06, 0.54, 0.61, 0.85, 0.59, 0.67, 1.09, 0.71, 0.85, 1.1, 0.67, 0.86, 0.61, 0.96, 0.91, 0.73, 0.93, 0.75, 0.51, 1.0, 0.88, 1.08, 0.66, 0.68, 0.91, 0.74, 0.67, 0.91, 0.91, 0.59, 1.06, 0.52, 0.76, 0.65, 1.05, 0.86, 0.84, 0.68, 1.02, 0.65, 1.1, 0.83, 0.76, 0.98, 0.57, 0.61, 0.74, 0.95, 0.93, 0.93, 0.61]
[0.32, 0.2, 0.37, 0.61, 0.34, 0.16, 0.31, 0.37, 0.16, 0.39, 0.25, 0.26, 0.15, 0.18, 0.39, 0.45, 0.52, 0.42, 0.39, 0.51, 0.09, 0.5, 0.66, 0.19, 0.5, 0.59, 0.24, 0.3, 0.29, 0.2, 0.17, 0.23, 0.09, 0.28, 0.17, 0.35, 0.58, 0.15, 0.57, 0.35, 0.34, 0.67, 0.57, 0.45, 0.15, 0.55, 0.29, 0.25, 0.2, 0.88, 0.19, 0.14, 0.23, 0.27, 0.27, 0.48, 0.25, 0.25, 0.13, 0.55, 0.35, 0.24, 0.32, 0.26, 0.38, 0.21, 0.4, 0.16, 0.41, 0.15]
[1627.05, 760.21, 2209.88, 1075.11, 646.34, 1777.3, 1578.34, 1371.62, 2414.41, 624.98, 654.47, 1918.13, 2081.23, 935.74, 1539.31, 2180.9, 797.45, 1172.73, 1889.41, 983.08, 1040.43, 944.64, 968.11, 1745.55, 1895.19, 831.51, 1241.27, 1553.37, 1275.79, 855.1, 948.99, 980.68, 1007.66, 2050.38, 1218.08, 652.73, 1712.27, 1318.92, 1539.37, 826.31, 966.69, 1283.8, 1287.68, 1109.03, 1339.2, 829.44, 1028.91, 2203.23, 825.53, 620.7, 1874.82, 1073.69, 743.11, 1538.45, 1842.44, 1978.1, 786.4, 782.84, 890.52, 1573.92, 864.06, 1745.23, 764.28, 1019.75, 1262.15, 2412.06, 1049.65, 1064.6, 894.6, 1369.97]
[528.38, 156.13, 771.28, 647.34, 209.63, 237.5, 493.45, 518.54, 391.05, 265.94, 168.21, 464.79, 297.99, 173.17, 629.07, 936.22, 404.48, 465.7, 737.81, 488.68, 95.08, 473.42, 639.22, 300.91, 999.1, 484.78, 295.31, 490.02, 363.81, 169.96, 143.29, 218.47, 75.52, 547.27, 205.31, 222.1, 954.02, 198.56, 886.23, 274.3, 344.95, 867.99, 763.13, 470.31, 172.48, 506.78, 310.49, 578.83, 189.17, 545.85, 379.22, 159.7, 164.37, 414.34, 456.18, 927.48, 161.05, 198.43, 96.97, 842.7, 299.13, 455.68, 247.28, 281.33, 503.76, 540.72, 414.48, 184.18, 349.19, 211.25]
[7635.27, 3301.05, 10549.38, 4875.53, 2731.69, 8386.49, 7391.72, 6358.09, 11572.03, 2624.91, 2772.33, 9090.65, 9906.13, 4178.72, 7196.53, 10404.5, 3487.23, 5363.64, 8947.06, 4415.4, 4702.17, 4223.21, 4340.54, 8227.77, 8975.96, 3657.57, 5706.36, 7266.84, 5878.96, 3775.49, 4244.96, 4403.42, 4538.3, 9751.88, 5590.4, 2763.64, 8061.33, 6094.61, 7196.83, 3631.57, 4333.43, 5919.0, 5938.4, 5045.16, 6196.01, 3647.21, 4644.57, 10516.17, 3627.67, 2603.5, 8874.08, 4868.46, 3215.56, 7192.23, 8712.2, 9390.51, 3432.01, 3414.21, 3952.62, 7369.59, 3820.28, 8226.13, 3321.41, 4598.76, 5810.77, 11560.32, 4748.24, 4823.02, 3973.01, 6349.87]
[2141.88, 280.65, 3356.4, 2736.68, 548.16, 687.52, 1967.24, 2092.7, 1455.26, 829.71, 341.06, 1823.97, 989.97, 365.86, 2645.34, 4181.09, 1522.39, 1828.5, 3189.03, 1943.42, -24.6, 1867.12, 2696.08, 1004.55, 4495.51, 1923.91, 976.57, 1950.12, 1319.03, 349.78, 216.46, 592.36, -122.42, 2236.35, 526.55, 610.5, 4270.12, 492.78, 3931.16, 871.48, 1224.73, 3839.93, 3315.65, 1851.53, 362.41, 2033.91, 1052.44, 2394.13, 445.83, 2229.27, 1396.11, 298.52, 321.84, 1571.68, 1780.92, 4137.42, 305.23, 492.14, -15.15, 3713.5, 995.64, 1778.41, 736.42, 906.64, 2018.79, 2203.59, 1572.41, 420.92, 1245.94, 556.24]
[111.95, 148.15, 143.08, 145.05, 111.06, 96.73, 96.33, 98.41, 127.62, 112.83, 197.02, 63.98, 125.55, 118.24, 104.89, 97.03, 148.08, 144.88, 164.89, 116.43, 98.1, 106.24, 144.48, 96.48, 75.52, 64.16, 144.57, 96.57, 144.77, 114.16, 141.45, 174.6, 104.54, 115.53, 144.48, 125.95, 73.09, 106.67, 97.0, 141.43, 118.07, 193.17, 144.68, 148.4, 144.71, 145.82, 95.11, 95.88, 107.57, 134.25, 104.6, 77.33, 113.41, 96.33, 165.88, 170.22, 113.58, 152.94, 127.71, 138.76, 144.59, 111.04, 122.03, 145.29, 111.93, 168.74, 95.39, 144.84, 120.84, 63.93]
[149, 197, 214, 193, 148, 128, 128, 131, 170, 150, 295, 63, 167, 157, 139, 129, 197, 193, 247, 155, 130, 141, 192, 128, 75, 64, 192, 128, 193, 152, 212, 261, 139, 154, 192, 167, 73, 142, 129, 212, 157, 289, 192, 197, 192, 194, 126, 127, 143, 179, 139, 77, 151, 128, 248, 255, 151, 229, 170, 208, 192, 148, 162, 193, 149, 253, 127, 193, 161, 63]
[304, 371, 1326, 1413, 104, 807, 1538, 1162, 1457, 746, 581, 1165, 1295, 1672, 282, 1115, 1554, 517, 208, 949, 1658, 1352, 342, 906, 576, 574, 1198, 912, 1222, 867, 736, 390, 898, 537, 402, 1253, 1649, 852, 98, 72, 925, 231, 110, 559, 944, 494, 1067, 1075, 1043, 347, 1538, 693, 1659, 580, 1535, 144, 654, 629, 913, 1496, 207, 1531, 418, 221, 1270, 262, 44, 366, 851, 126]
[1094, 1072, 1671, 1680, 1680, 1108, 1680, 1680, 1680, 1680, 1680, 1680, 1680, 1680, 672, 1680, 1680, 729, 1043, 1117, 1680, 1680, 910, 1680, 1144, 1675, 1680, 1302, 1680, 1680, 1680, 1491, 1680, 1680, 792, 1680, 1680, 1153, 1644, 684, 1315, 1680, 1523, 1680, 1112, 662, 1679, 1680, 1680, 1582, 1680, 1617, 1680, 1680, 1680, 1680, 955, 1641, 1570, 1680, 1264, 1680, 1680, 789, 1680, 563, 790, 1680, 1508, 649]
2
[0.0, 0.0]
[0.0, 10000.0]
[[0.0, 133.0, 95.0, 54.0, 130.0, 76.0, 19.0, 111.0, 31.0, 55.0, 168.0, 116.0, 121.0, 137.0, 45.0, 111.0, 59.0, 141.0, 74.0, 106.0, 110.0, 51.0, 102.0, 80.0, 114.0, 109.0, 137.0, 112.0, 59.0, 69.0, 105.0, 82.0, 97.0, 119.0, 136.0, 32.0, 81.0, 94.0, 144.0, 73.0, 72.0, 60.0, 158.0, 115.0, 30.0, 113.0, 62.0, 142.0, 139.0, 98.0, 123.0, 142.0, 139.0, 117.0, 111.0, 117.0, 83.0, 60.0, 109.0, 59.0, 111.0, 50.0, 123.0, 118.0, 124.0, 77.0, 164.0, 79.0, 91.0, 77.0, 101.0, 103.0], [133.0, 0.0, 47.0, 79.0, 59.0, 57.0, 117.0, 91.0, 102.0, 84.0, 130.0, 26.0, 53.0, 108.0, 98.0, 86.0, 76.0, 145.0, 68.0, 98.0, 60.0, 92.0, 39.0, 60.0, 77.0, 30.0, 105.0, 121.0, 82.0, 66.0, 101.0, 111.0, 52.0, 41.0, 155.0, 106.0, 132.0, 108.0, 100.0, 139.0, 65.0, 128.0, 108.0, 40.0, 105.0, 94.0, 72.0, 81.0, 122.0, 35.0, 161.0, 134.0, 140.0, 124.0, 143.0, 141.0, 83.0, 100.0, 156.0, 97.0, 142.0, 125.0, 160.0, 16.0, 165.0, 114.0, 129.0, 87.0, 48.0, 65.0, 86.0, 151.0], [95.0, 47.0, 0.0, 42.0, 42.0, 22.0, 77.0, 53.0, 65.0, 41.0, 106.0, 23.0, 32.0, 77.0, 54.0, 49.0, 36.0, 108.0, 22.0, 57.0, 27.0, 47.0, 9.0, 15.0, 43.0, 18.0, 75.0, 80.0, 38.0, 27.0, 60.0, 64.0, 9.0, 25.0, 115.0, 64.0, 86.0, 64.0, 75.0, 91.0, 22.0, 81.0, 87.0, 21.0, 65.0, 57.0, 33.0, 62.0, 89.0, 21.0, 117.0, 99.0, 103.0, 83.0, 99.0, 99.0, 36.0, 53.0, 111.0, 50.0, 98.0, 79.0, 116.0, 33.0, 121.0, 67.0, 104.0, 40.0, 4.0, 19.0, 44.0, 105.0], [54.0, 79.0, 42.0, 0.0, 81.0, 22.0, 39.0, 75.0, 24.0, 16.0, 134.0, 61.0, 72.0, 103.0, 26.0, 73.0, 8.0, 122.0, 24.0, 75.0, 62.0, 23.0, 49.0, 28.0, 72.0, 55.0, 102.0, 91.0, 18.0, 15.0, 76.0, 63.0, 47.0, 67.0, 123.0, 29.0, 78.0, 71.0, 106.0, 78.0, 20.0, 63.0, 119.0, 62.0, 27.0, 79.0, 9.0, 98.0, 110.0, 44.0, 118.0, 118.0, 118.0, 95.0, 102.0, 105.0, 46.0, 39.0, 108.0, 35.0, 101.0, 56.0, 118.0, 63.0, 121.0, 63.0, 131.0, 45.0, 38.0, 27.0, 64.0, 102.0], [130.0, 59.0, 42.0, 81.0, 0.0, 64.0, 111.0, 40.0, 102.0, 75.0, 71.0, 39.0, 10.0, 50.0, 85.0, 35.0, 75.0, 89.0, 58.0, 49.0, 21.0, 79.0, 39.0, 53.0, 26.0, 42.0, 46.0, 70.0, 71.0, 67.0, 52.0, 72.0, 35.0, 21.0, 101.0, 98.0, 94.0, 64.0, 41.0, 104.0, 62.0, 99.0, 50.0, 25.0, 100.0, 42.0, 72.0, 22.0, 64.0, 57.0, 111.0, 77.0, 84.0, 72.0, 94.0, 91.0, 51.0, 77.0, 110.0, 75.0, 93.0, 101.0, 110.0, 54.0, 115.0, 78.0, 70.0, 56.0, 46.0, 55.0, 41.0, 106.0], [76.0, 57.0, 22.0, 22.0, 64.0, 0.0, 60.0, 68.0, 46.0, 28.0, 125.0, 40.0, 54.0, 94.0, 42.0, 65.0, 19.0, 120.0, 18.0, 70.0, 47.0, 37.0, 28.0, 14.0, 61.0, 33.0, 93.0, 90.0, 27.0, 9.0, 72.0, 68.0, 30.0, 47.0, 124.0, 49.0, 86.0, 72.0, 95.0, 89.0, 11.0, 76.0, 107.0, 42.0, 48.0, 72.0, 15.0, 83.0, 104.0, 23.0, 123.0, 114.0, 116.0, 94.0, 106.0, 107.0, 43.0, 49.0, 115.0, 45.0, 105.0, 71.0, 123.0, 42.0, 127.0, 69.0, 122.0, 45.0, 18.0, 17.0, 58.0, 109.0], [19.0, 117.0, 77.0, 39.0, 111.0, 60.0, 0.0, 92.0, 17.0, 36.0, 149.0, 98.0, 102.0, 118.0, 26.0, 92.0, 41.0, 124.0, 55.0, 87.0, 90.0, 32.0, 85.0, 62.0, 95.0, 92.0, 118.0, 94.0, 40.0, 52.0, 87.0, 64.0, 79.0, 101.0, 120.0, 13.0, 67.0, 76.0, 125.0, 61.0, 55.0, 45.0, 139.0, 97.0, 12.0, 94.0, 45.0, 122.0, 121.0, 83.0, 109.0, 124.0, 122.0, 99.0, 96.0, 101.0, 63.0, 41.0, 96.0, 39.0, 96.0, 36.0, 109.0, 102.0, 111.0, 60.0, 146.0, 59.0, 74.0, 58.0, 81.0, 90.0], [111.0, 91.0, 53.0, 75.0, 40.0, 68.0, 92.0, 0.0, 89.0, 63.0, 59.0, 66.0, 40.0, 27.0, 67.0, 5.0, 68.0, 55.0, 53.0, 9.0, 31.0, 62.0, 57.0, 54.0, 15.0, 65.0, 27.0, 31.0, 59.0, 66.0, 12.0, 37.0, 44.0, 50.0, 64.0, 80.0, 56.0, 26.0, 33.0, 67.0, 59.0, 66.0, 47.0, 52.0, 84.0, 4.0, 67.0, 36.0, 36.0, 74.0, 71.0, 46.0, 50.0, 33.0, 54.0, 52.0, 30.0, 52.0, 70.0, 52.0, 54.0, 70.0, 71.0, 81.0, 76.0, 43.0, 56.0, 33.0, 56.0, 52.0, 11.0, 66.0], [31.0, 102.0, 65.0, 24.0, 102.0, 46.0, 17.0, 89.0, 0.0, 28.0, 148.0, 85.0, 93.0, 116.0, 24.0, 88.0, 28.0, 128.0, 45.0, 86.0, 82.0, 28.0, 72.0, 50.0, 90.0, 79.0, 116.0, 97.0, 32.0, 38.0, 86.0, 67.0, 68.0, 90.0, 127.0, 15.0, 75.0, 78.0, 122.0, 72.0, 42.0, 56.0, 135.0, 85.0, 10.0, 92.0, 32.0, 116.0, 121.0, 68.0, 118.0, 127.0, 126.0, 102.0, 103.0, 108.0, 59.0, 42.0, 106.0, 39.0, 103.0, 47.0, 118.0, 87.0, 120.0, 65.0, 145.0, 57.0, 61.0, 48.0, 78.0, 99.0], [55.0, 84.0, 41.0, 16.0, 75.0, 28.0, 36.0, 63.0, 28.0, 0.0, 122.0, 63.0, 66.0, 90.0, 14.0, 61.0, 11.0, 107.0, 19.0, 61.0, 55.0, 9.0, 49.0, 26.0, 62.0, 57.0, 89.0, 75.0, 4.0, 19.0, 61.0, 48.0, 42.0, 64.0, 108.0, 24.0, 62.0, 56.0, 95.0, 63.0, 19.0, 49.0, 108.0, 60.0, 25.0, 66.0, 14.0, 89.0, 97.0, 50.0, 103.0, 103.0, 103.0, 80.0, 86.0, 89.0, 33.0, 24.0, 93.0, 20.0, 86.0, 44.0, 102.0, 69.0, 106.0, 47.0, 119.0, 31.0, 38.0, 22.0, 52.0, 86.0], [168.0, 130.0, 106.0, 134.0, 71.0, 125.0, 149.0, 59.0, 148.0, 122.0, 0.0, 109.0, 79.0, 32.0, 125.0, 61.0, 127.0, 48.0, 111.0, 62.0, 79.0, 120.0, 107.0, 111.0, 63.0, 111.0, 32.0, 60.0, 118.0, 124.0, 63.0, 87.0, 97.0, 91.0, 64.0, 138.0, 98.0, 74.0, 31.0, 110.0, 117.0, 115.0, 22.0, 95.0, 142.0, 56.0, 126.0, 49.0, 31.0, 125.0, 84.0, 35.0, 44.0, 57.0, 76.0, 69.0, 89.0, 109.0, 92.0, 110.0, 76.0, 122.0, 83.0, 125.0, 88.0, 93.0, 4.0, 92.0, 109.0, 110.0, 70.0, 93.0], [116.0, 26.0, 23.0, 61.0, 39.0, 40.0, 98.0, 66.0, 85.0, 63.0, 109.0, 0.0, 30.0, 85.0, 77.0, 61.0, 57.0, 120.0, 45.0, 72.0, 35.0, 70.0, 14.0, 37.0, 52.0, 6.0, 82.0, 95.0, 60.0, 47.0, 75.0, 85.0, 26.0, 18.0, 129.0, 86.0, 107.0, 82.0, 79.0, 113.0, 44.0, 103.0, 88.0, 15.0, 86.0, 69.0, 53.0, 61.0, 98.0, 22.0, 135.0, 110.0, 115.0, 98.0, 117.0, 116.0, 57.0, 76.0, 130.0, 73.0, 116.0, 101.0, 134.0, 16.0, 139.0, 88.0, 108.0, 62.0, 25.0, 42.0, 60.0, 125.0], [121.0, 53.0, 32.0, 72.0, 10.0, 54.0, 102.0, 40.0, 93.0, 66.0, 79.0, 30.0, 0.0, 55.0, 77.0, 35.0, 65.0, 93.0, 48.0, 48.0, 13.0, 70.0, 29.0, 44.0, 25.0, 32.0, 52.0, 71.0, 62.0, 57.0, 51.0, 68.0, 25.0, 12.0, 103.0, 89.0, 91.0, 62.0, 49.0, 100.0, 52.0, 93.0, 58.0, 16.0, 91.0, 43.0, 62.0, 32.0, 69.0, 47.0, 111.0, 81.0, 87.0, 73.0, 94.0, 91.0, 45.0, 69.0, 109.0, 68.0, 93.0, 94.0, 110.0, 46.0, 116.0, 73.0, 78.0, 50.0, 36.0, 45.0, 38.0, 105.0], [137.0, 108.0, 77.0, 103.0, 50.0, 94.0, 118.0, 27.0, 116.0, 90.0, 32.0, 85.0, 55.0, 0.0, 93.0, 30.0, 95.0, 41.0, 80.0, 30.0, 52.0, 89.0, 79.0, 81.0, 34.0, 85.0, 4.0, 35.0, 86.0, 93.0, 31.0, 57.0, 68.0, 67.0, 55.0, 106.0, 71.0, 44.0, 15.0, 83.0, 86.0, 86.0, 25.0, 70.0, 110.0, 24.0, 95.0, 32.0, 14.0, 98.0, 69.0, 27.0, 35.0, 33.0, 56.0, 51.0, 57.0, 77.0, 74.0, 78.0, 56.0, 92.0, 69.0, 101.0, 74.0, 63.0, 29.0, 60.0, 80.0, 79.0, 39.0, 72.0], [45.0, 98.0, 54.0, 26.0, 85.0, 42.0, 26.0, 67.0, 24.0, 14.0, 125.0, 77.0, 77.0, 93.0, 0.0, 66.0, 24.0, 104.0, 32.0, 63.0, 65.0, 7.0, 62.0, 39.0, 69.0, 71.0, 93.0, 73.0, 16.0, 33.0, 63.0, 43.0, 55.0, 76.0, 103.0, 13.0, 54.0, 54.0, 100.0, 53.0, 33.0, 37.0, 113.0, 73.0, 17.0, 69.0, 27.0, 96.0, 98.0, 64.0, 96.0, 103.0, 102.0, 78.0, 80.0, 84.0, 38.0, 18.0, 85.0, 15.0, 80.0, 31.0, 95.0, 83.0, 98.0, 41.0, 122.0, 34.0, 52.0, 35.0, 56.0, 78.0], [111.0, 86.0, 49.0, 73.0, 35.0, 65.0, 92.0, 5.0, 88.0, 61.0, 61.0, 61.0, 35.0, 30.0, 66.0, 0.0, 66.0, 60.0, 50.0, 13.0, 26.0, 61.0, 52.0, 51.0, 10.0, 60.0, 29.0, 36.0, 57.0, 63.0, 17.0, 40.0, 39.0, 45.0, 69.0, 79.0, 60.0, 30.0, 34.0, 71.0, 56.0, 68.0, 47.0, 46.0, 83.0, 9.0, 65.0, 33.0, 40.0, 70.0, 77.0, 51.0, 55.0, 38.0, 59.0, 57.0, 29.0, 52.0, 75.0, 52.0, 59.0, 72.0, 76.0, 76.0, 81.0, 45.0, 58.0, 32.0, 52.0, 49.0, 10.0, 71.0], [59.0, 76.0, 36.0, 8.0, 75.0, 19.0, 41.0, 68.0, 28.0, 11.0, 127.0, 57.0, 65.0, 95.0, 24.0, 66.0, 0.0, 115.0, 17.0, 67.0, 55.0, 19.0, 44.0, 22.0, 65.0, 51.0, 94.0, 84.0, 12.0, 11.0, 68.0, 57.0, 40.0, 61.0, 117.0, 30.0, 73.0, 64.0, 98.0, 74.0, 14.0, 60.0, 112.0, 57.0, 29.0, 71.0, 4.0, 90.0, 103.0, 42.0, 113.0, 111.0, 111.0, 88.0, 96.0, 98.0, 39.0, 34.0, 103.0, 30.0, 95.0, 54.0, 112.0, 61.0, 116.0, 57.0, 124.0, 38.0, 33.0, 20.0, 57.0, 96.0], [141.0, 145.0, 108.0, 122.0, 89.0, 120.0, 124.0, 55.0, 128.0, 107.0, 48.0, 120.0, 93.0, 41.0, 104.0, 60.0, 115.0, 0.0, 103.0, 51.0, 86.0, 102.0, 112.0, 106.0, 68.0, 120.0, 44.0, 31.0, 104.0, 116.0, 48.0, 61.0, 99.0, 104.0, 16.0, 115.0, 61.0, 51.0, 54.0, 72.0, 110.0, 82.0, 59.0, 106.0, 120.0, 52.0, 116.0, 73.0, 27.0, 129.0, 36.0, 14.0, 6.0, 27.0, 33.0, 26.0, 77.0, 87.0, 46.0, 90.0, 33.0, 91.0, 35.0, 136.0, 40.0, 65.0, 44.0, 77.0, 110.0, 103.0, 63.0, 48.0], [74.0, 68.0, 22.0, 24.0, 58.0, 18.0, 55.0, 53.0, 45.0, 19.0, 111.0, 45.0, 48.0, 80.0, 32.0, 50.0, 17.0, 103.0, 0.0, 53.0, 38.0, 25.0, 31.0, 8.0, 48.0, 39.0, 79.0, 73.0, 16.0, 13.0, 55.0, 50.0, 24.0, 45.0, 107.0, 43.0, 69.0, 54.0, 82.0, 73.0, 7.0, 61.0, 95.0, 41.0, 44.0, 56.0, 15.0, 73.0, 89.0, 36.0, 106.0, 97.0, 99.0, 77.0, 88.0, 89.0, 26.0, 33.0, 97.0, 30.0, 87.0, 58.0, 105.0, 52.0, 109.0, 51.0, 108.0, 27.0, 20.0, 3.0, 42.0, 91.0], [106.0, 98.0, 57.0, 75.0, 49.0, 70.0, 87.0, 9.0, 86.0, 61.0, 62.0, 72.0, 48.0, 30.0, 63.0, 13.0, 67.0, 51.0, 53.0, 0.0, 38.0, 58.0, 62.0, 56.0, 23.0, 70.0, 31.0, 24.0, 57.0, 67.0, 4.0, 29.0, 48.0, 58.0, 58.0, 76.0, 48.0, 17.0, 39.0, 59.0, 60.0, 58.0, 53.0, 58.0, 80.0, 8.0, 67.0, 44.0, 36.0, 78.0, 64.0, 44.0, 46.0, 26.0, 46.0, 44.0, 29.0, 47.0, 62.0, 48.0, 45.0, 63.0, 63.0, 87.0, 68.0, 35.0, 59.0, 30.0, 59.0, 53.0, 13.0, 58.0], [110.0, 60.0, 27.0, 62.0, 21.0, 47.0, 90.0, 31.0, 82.0, 55.0, 79.0, 35.0, 13.0, 52.0, 65.0, 26.0, 55.0, 86.0, 38.0, 38.0, 0.0, 58.0, 28.0, 35.0, 18.0, 34.0, 49.0, 61.0, 51.0, 49.0, 41.0, 56.0, 18.0, 20.0, 95.0, 77.0, 78.0, 50.0, 49.0, 87.0, 42.0, 80.0, 60.0, 21.0, 80.0, 34.0, 53.0, 36.0, 64.0, 46.0, 101.0, 76.0, 80.0, 64.0, 83.0, 82.0, 32.0, 56.0, 98.0, 55.0, 83.0, 81.0, 100.0, 50.0, 106.0, 60.0, 77.0, 37.0, 30.0, 35.0, 26.0, 93.0], [51.0, 92.0, 47.0, 23.0, 79.0, 37.0, 32.0, 62.0, 28.0, 9.0, 120.0, 70.0, 70.0, 89.0, 7.0, 61.0, 19.0, 102.0, 25.0, 58.0, 58.0, 0.0, 56.0, 33.0, 63.0, 64.0, 88.0, 71.0, 10.0, 28.0, 59.0, 42.0, 48.0, 70.0, 102.0, 19.0, 55.0, 51.0, 94.0, 55.0, 27.0, 40.0, 108.0, 66.0, 22.0, 64.0, 23.0, 90.0, 94.0, 59.0, 96.0, 100.0, 99.0, 76.0, 80.0, 83.0, 32.0, 16.0, 85.0, 13.0, 79.0, 35.0, 95.0, 77.0, 99.0, 40.0, 117.0, 29.0, 45.0, 28.0, 51.0, 79.0], [102.0, 39.0, 9.0, 49.0, 39.0, 28.0, 85.0, 57.0, 72.0, 49.0, 107.0, 14.0, 29.0, 79.0, 62.0, 52.0, 44.0, 112.0, 31.0, 62.0, 28.0, 56.0, 0.0, 23.0, 45.0, 9.0, 77.0, 85.0, 46.0, 34.0, 65.0, 72.0, 14.0, 20.0, 120.0, 73.0, 93.0, 71.0, 76.0, 100.0, 30.0, 89.0, 87.0, 15.0, 73.0, 61.0, 40.0, 61.0, 92.0, 18.0, 123.0, 103.0, 107.0, 88.0, 105.0, 105.0, 44.0, 62.0, 118.0, 59.0, 105.0, 87.0, 123.0, 25.0, 128.0, 75.0, 105.0, 48.0, 11.0, 27.0, 50.0, 113.0], [80.0, 60.0, 15.0, 28.0, 53.0, 14.0, 62.0, 54.0, 50.0, 26.0, 111.0, 37.0, 44.0, 81.0, 39.0, 51.0, 22.0, 106.0, 8.0, 56.0, 35.0, 33.0, 23.0, 0.0, 48.0, 31.0, 79.0, 77.0, 23.0, 14.0, 58.0, 56.0, 18.0, 39.0, 111.0, 50.0, 76.0, 59.0, 81.0, 81.0, 8.0, 69.0, 94.0, 35.0, 50.0, 58.0, 19.0, 71.0, 90.0, 28.0, 111.0, 100.0, 102.0, 81.0, 93.0, 94.0, 30.0, 41.0, 104.0, 37.0, 93.0, 65.0, 110.0, 45.0, 115.0, 58.0, 109.0, 33.0, 12.0, 5.0, 44.0, 98.0], [114.0, 77.0, 43.0, 72.0, 26.0, 61.0, 95.0, 15.0, 90.0, 62.0, 63.0, 52.0, 25.0, 34.0, 69.0, 10.0, 65.0, 68.0, 48.0, 23.0, 18.0, 63.0, 45.0, 48.0, 0.0, 52.0, 32.0, 46.0, 58.0, 61.0, 27.0, 48.0, 34.0, 36.0, 78.0, 82.0, 69.0, 39.0, 34.0, 79.0, 54.0, 76.0, 47.0, 38.0, 85.0, 18.0, 64.0, 28.0, 46.0, 63.0, 86.0, 58.0, 63.0, 48.0, 69.0, 66.0, 32.0, 56.0, 85.0, 56.0, 68.0, 78.0, 85.0, 68.0, 91.0, 53.0, 61.0, 36.0, 46.0, 47.0, 16.0, 81.0], [109.0, 30.0, 18.0, 55.0, 42.0, 33.0, 92.0, 65.0, 79.0, 57.0, 111.0, 6.0, 32.0, 85.0, 71.0, 60.0, 51.0, 120.0, 39.0, 70.0, 34.0, 64.0, 9.0, 31.0, 52.0, 0.0, 83.0, 94.0, 54.0, 40.0, 74.0, 81.0, 23.0, 21.0, 128.0, 80.0, 103.0, 80.0, 81.0, 109.0, 38.0, 99.0, 91.0, 16.0, 80.0, 68.0, 47.0, 64.0, 98.0, 16.0, 132.0, 110.0, 115.0, 97.0, 114.0, 113.0, 53.0, 71.0, 127.0, 68.0, 114.0, 96.0, 132.0, 16.0, 136.0, 84.0, 110.0, 58.0, 19.0, 36.0, 58.0, 122.0], [137.0, 105.0, 75.0, 102.0, 46.0, 93.0, 118.0, 27.0, 116.0, 89.0, 32.0, 82.0, 52.0, 4.0, 93.0, 29.0, 94.0, 44.0, 79.0, 31.0, 49.0, 88.0, 77.0, 79.0, 32.0, 83.0, 0.0, 37.0, 86.0, 92.0, 32.0, 58.0, 66.0, 64.0, 58.0, 106.0, 73.0, 45.0, 11.0, 85.0, 85.0, 88.0, 23.0, 67.0, 110.0, 24.0, 94.0, 29.0, 18.0, 95.0, 73.0, 31.0, 39.0, 36.0, 60.0, 54.0, 57.0, 77.0, 77.0, 79.0, 59.0, 94.0, 72.0, 98.0, 78.0, 64.0, 30.0, 59.0, 78.0, 77.0, 38.0, 75.0], [112.0, 121.0, 80.0, 91.0, 70.0, 90.0, 94.0, 31.0, 97.0, 75.0, 60.0, 95.0, 71.0, 35.0, 73.0, 36.0, 84.0, 31.0, 73.0, 24.0, 61.0, 71.0, 85.0, 77.0, 46.0, 94.0, 37.0, 0.0, 72.0, 85.0, 20.0, 30.0, 71.0, 81.0, 35.0, 85.0, 38.0, 19.0, 49.0, 50.0, 80.0, 56.0, 59.0, 82.0, 90.0, 28.0, 85.0, 61.0, 30.0, 101.0, 40.0, 30.0, 28.0, 5.0, 24.0, 21.0, 47.0, 56.0, 41.0, 59.0, 23.0, 63.0, 40.0, 110.0, 45.0, 35.0, 56.0, 46.0, 82.0, 73.0, 36.0, 38.0], [59.0, 82.0, 38.0, 18.0, 71.0, 27.0, 40.0, 59.0, 32.0, 4.0, 118.0, 60.0, 62.0, 86.0, 16.0, 57.0, 12.0, 104.0, 16.0, 57.0, 51.0, 10.0, 46.0, 23.0, 58.0, 54.0, 86.0, 72.0, 0.0, 19.0, 58.0, 45.0, 39.0, 61.0, 105.0, 27.0, 61.0, 53.0, 91.0, 63.0, 17.0, 49.0, 104.0, 57.0, 29.0, 62.0, 14.0, 85.0, 93.0, 49.0, 101.0, 100.0, 100.0, 77.0, 84.0, 86.0, 29.0, 23.0, 91.0, 19.0, 83.0, 44.0, 100.0, 67.0, 104.0, 45.0, 115.0, 27.0, 35.0, 19.0, 48.0, 85.0], [69.0, 66.0, 27.0, 15.0, 67.0, 9.0, 52.0, 66.0, 38.0, 19.0, 124.0, 47.0, 57.0, 93.0, 33.0, 63.0, 11.0, 116.0, 13.0, 67.0, 49.0, 28.0, 34.0, 14.0, 61.0, 40.0, 92.0, 85.0, 19.0, 0.0, 68.0, 61.0, 32.0, 52.0, 119.0, 41.0, 79.0, 67.0, 94.0, 81.0, 7.0, 68.0, 107.0, 47.0, 40.0, 69.0, 7.0, 85.0, 102.0, 31.0, 117.0, 110.0, 112.0, 90.0, 100.0, 101.0, 39.0, 41.0, 108.0, 37.0, 99.0, 63.0, 117.0, 50.0, 120.0, 62.0, 121.0, 40.0, 23.0, 14.0, 55.0, 102.0], [105.0, 101.0, 60.0, 76.0, 52.0, 72.0, 87.0, 12.0, 86.0, 61.0, 63.0, 75.0, 51.0, 31.0, 63.0, 17.0, 68.0, 48.0, 55.0, 4.0, 41.0, 59.0, 65.0, 58.0, 27.0, 74.0, 32.0, 20.0, 58.0, 68.0, 0.0, 27.0, 51.0, 61.0, 55.0, 75.0, 45.0, 14.0, 41.0, 56.0, 62.0, 56.0, 54.0, 62.0, 80.0, 11.0, 69.0, 48.0, 35.0, 81.0, 60.0, 42.0, 44.0, 23.0, 42.0, 40.0, 30.0, 46.0, 58.0, 48.0, 42.0, 62.0, 59.0, 90.0, 64.0, 33.0, 59.0, 31.0, 62.0, 55.0, 16.0, 54.0], [82.0, 111.0, 64.0, 63.0, 72.0, 68.0, 64.0, 37.0, 67.0, 48.0, 87.0, 85.0, 68.0, 57.0, 43.0, 40.0, 57.0, 61.0, 50.0, 29.0, 56.0, 42.0, 72.0, 56.0, 48.0, 81.0, 58.0, 30.0, 45.0, 61.0, 27.0, 0.0, 58.0, 75.0, 60.0, 54.0, 22.0, 13.0, 68.0, 31.0, 57.0, 29.0, 81.0, 74.0, 59.0, 37.0, 59.0, 73.0, 58.0, 84.0, 56.0, 61.0, 58.0, 35.0, 39.0, 41.0, 28.0, 26.0, 48.0, 29.0, 38.0, 35.0, 55.0, 97.0, 59.0, 6.0, 83.0, 24.0, 65.0, 51.0, 32.0, 41.0], [97.0, 52.0, 9.0, 47.0, 35.0, 30.0, 79.0, 44.0, 68.0, 42.0, 97.0, 26.0, 25.0, 68.0, 55.0, 39.0, 40.0, 99.0, 24.0, 48.0, 18.0, 48.0, 14.0, 18.0, 34.0, 23.0, 66.0, 71.0, 39.0, 32.0, 51.0, 58.0, 0.0, 22.0, 106.0, 66.0, 80.0, 57.0, 66.0, 87.0, 27.0, 78.0, 78.0, 18.0, 67.0, 48.0, 37.0, 53.0, 79.0, 30.0, 110.0, 90.0, 94.0, 75.0, 91.0, 91.0, 31.0, 51.0, 104.0, 48.0, 91.0, 76.0, 109.0, 39.0, 114.0, 62.0, 95.0, 35.0, 13.0, 21.0, 36.0, 99.0], [119.0, 41.0, 25.0, 67.0, 21.0, 47.0, 101.0, 50.0, 90.0, 64.0, 91.0, 18.0, 12.0, 67.0, 76.0, 45.0, 61.0, 104.0, 45.0, 58.0, 20.0, 70.0, 20.0, 39.0, 36.0, 21.0, 64.0, 81.0, 61.0, 52.0, 61.0, 75.0, 22.0, 0.0, 114.0, 88.0, 97.0, 70.0, 61.0, 105.0, 47.0, 97.0, 70.0, 5.0, 89.0, 54.0, 58.0, 43.0, 81.0, 36.0, 121.0, 93.0, 99.0, 83.0, 103.0, 101.0, 49.0, 72.0, 118.0, 69.0, 103.0, 97.0, 120.0, 34.0, 125.0, 79.0, 90.0, 54.0, 29.0, 42.0, 46.0, 113.0], [136.0, 155.0, 115.0, 123.0, 101.0, 124.0, 120.0, 64.0, 127.0, 108.0, 64.0, 129.0, 103.0, 55.0, 103.0, 69.0, 117.0, 16.0, 107.0, 58.0, 95.0, 102.0, 120.0, 111.0, 78.0, 128.0, 58.0, 35.0, 105.0, 119.0, 55.0, 60.0, 106.0, 114.0, 0.0, 113.0, 55.0, 53.0, 69.0, 64.0, 114.0, 76.0, 74.0, 115.0, 118.0, 61.0, 118.0, 87.0, 41.0, 136.0, 21.0, 30.0, 21.0, 31.0, 24.0, 19.0, 81.0, 86.0, 33.0, 89.0, 24.0, 85.0, 20.0, 144.0, 24.0, 62.0, 60.0, 80.0, 117.0, 107.0, 70.0, 37.0], [32.0, 106.0, 64.0, 29.0, 98.0, 49.0, 13.0, 80.0, 15.0, 24.0, 138.0, 86.0, 89.0, 106.0, 13.0, 79.0, 30.0, 115.0, 43.0, 76.0, 77.0, 19.0, 73.0, 50.0, 82.0, 80.0, 106.0, 85.0, 27.0, 41.0, 75.0, 54.0, 66.0, 88.0, 113.0, 0.0, 61.0, 66.0, 113.0, 57.0, 43.0, 41.0, 126.0, 84.0, 5.0, 82.0, 34.0, 109.0, 110.0, 72.0, 103.0, 115.0, 113.0, 89.0, 89.0, 94.0, 51.0, 29.0, 91.0, 28.0, 89.0, 33.0, 103.0, 91.0, 106.0, 51.0, 134.0, 47.0, 61.0, 46.0, 69.0, 85.0], [81.0, 132.0, 86.0, 78.0, 94.0, 86.0, 67.0, 56.0, 75.0, 62.0, 98.0, 107.0, 91.0, 71.0, 54.0, 60.0, 73.0, 61.0, 69.0, 48.0, 78.0, 55.0, 93.0, 76.0, 69.0, 103.0, 73.0, 38.0, 61.0, 79.0, 45.0, 22.0, 80.0, 97.0, 55.0, 61.0, 0.0, 31.0, 84.0, 12.0, 75.0, 22.0, 96.0, 96.0, 66.0, 56.0, 75.0, 92.0, 68.0, 104.0, 43.0, 66.0, 61.0, 41.0, 30.0, 36.0, 50.0, 39.0, 31.0, 43.0, 30.0, 31.0, 43.0, 119.0, 45.0, 19.0, 94.0, 45.0, 86.0, 71.0, 53.0, 24.0], [94.0, 108.0, 64.0, 71.0, 64.0, 72.0, 76.0, 26.0, 78.0, 56.0, 74.0, 82.0, 62.0, 44.0, 54.0, 30.0, 64.0, 51.0, 54.0, 17.0, 50.0, 51.0, 71.0, 59.0, 39.0, 80.0, 45.0, 19.0, 53.0, 67.0, 14.0, 13.0, 57.0, 70.0, 53.0, 66.0, 31.0, 0.0, 55.0, 42.0, 61.0, 42.0, 68.0, 70.0, 71.0, 25.0, 66.0, 62.0, 45.0, 85.0, 53.0, 49.0, 47.0, 24.0, 35.0, 35.0, 29.0, 37.0, 48.0, 39.0, 34.0, 48.0, 52.0, 96.0, 57.0, 19.0, 70.0, 27.0, 65.0, 55.0, 24.0, 43.0], [144.0, 100.0, 75.0, 106.0, 41.0, 95.0, 125.0, 33.0, 122.0, 95.0, 31.0, 79.0, 49.0, 15.0, 100.0, 34.0, 98.0, 54.0, 82.0, 39.0, 49.0, 94.0, 76.0, 81.0, 34.0, 81.0, 11.0, 49.0, 91.0, 94.0, 41.0, 68.0, 66.0, 61.0, 69.0, 113.0, 84.0, 55.0, 0.0, 96.0, 88.0, 97.0, 14.0, 65.0, 116.0, 32.0, 97.0, 20.0, 28.0, 94.0, 84.0, 40.0, 49.0, 47.0, 71.0, 65.0, 62.0, 85.0, 88.0, 86.0, 70.0, 103.0, 83.0, 95.0, 89.0, 74.0, 29.0, 66.0, 79.0, 80.0, 44.0, 86.0], [73.0, 139.0, 91.0, 78.0, 104.0, 89.0, 61.0, 67.0, 72.0, 63.0, 110.0, 113.0, 100.0, 83.0, 53.0, 71.0, 74.0, 72.0, 73.0, 59.0, 87.0, 55.0, 100.0, 81.0, 79.0, 109.0, 85.0, 50.0, 63.0, 81.0, 56.0, 31.0, 87.0, 105.0, 64.0, 57.0, 12.0, 42.0, 96.0, 0.0, 78.0, 16.0, 108.0, 104.0, 62.0, 67.0, 77.0, 103.0, 80.0, 109.0, 49.0, 78.0, 72.0, 53.0, 40.0, 46.0, 57.0, 40.0, 36.0, 44.0, 40.0, 25.0, 49.0, 124.0, 51.0, 26.0, 106.0, 52.0, 91.0, 76.0, 63.0, 30.0], [72.0, 65.0, 22.0, 20.0, 62.0, 11.0, 55.0, 59.0, 42.0, 19.0, 117.0, 44.0, 52.0, 86.0, 33.0, 56.0, 14.0, 110.0, 7.0, 60.0, 42.0, 27.0, 30.0, 8.0, 54.0, 38.0, 85.0, 80.0, 17.0, 7.0, 62.0, 57.0, 27.0, 47.0, 114.0, 43.0, 75.0, 61.0, 88.0, 78.0, 0.0, 65.0, 101.0, 43.0, 43.0, 63.0, 11.0, 78.0, 95.0, 31.0, 112.0, 104.0, 106.0, 84.0, 95.0, 96.0, 33.0, 38.0, 104.0, 34.0, 94.0, 61.0, 112.0, 49.0, 116.0, 58.0, 115.0, 34.0, 19.0, 8.0, 49.0, 98.0], [60.0, 128.0, 81.0, 63.0, 99.0, 76.0, 45.0, 66.0, 56.0, 49.0, 115.0, 103.0, 93.0, 86.0, 37.0, 68.0, 60.0, 82.0, 61.0, 58.0, 80.0, 40.0, 89.0, 69.0, 76.0, 99.0, 88.0, 56.0, 49.0, 68.0, 56.0, 29.0, 78.0, 97.0, 76.0, 41.0, 22.0, 42.0, 97.0, 16.0, 65.0, 0.0, 110.0, 95.0, 46.0, 66.0, 63.0, 102.0, 85.0, 96.0, 64.0, 86.0, 81.0, 60.0, 52.0, 58.0, 49.0, 28.0, 51.0, 31.0, 52.0, 9.0, 64.0, 113.0, 65.0, 24.0, 111.0, 43.0, 80.0, 64.0, 59.0, 44.0], [158.0, 108.0, 87.0, 119.0, 50.0, 107.0, 139.0, 47.0, 135.0, 108.0, 22.0, 88.0, 58.0, 25.0, 113.0, 47.0, 112.0, 59.0, 95.0, 53.0, 60.0, 108.0, 87.0, 94.0, 47.0, 91.0, 23.0, 59.0, 104.0, 107.0, 54.0, 81.0, 78.0, 70.0, 74.0, 126.0, 96.0, 68.0, 14.0, 108.0, 101.0, 110.0, 0.0, 74.0, 130.0, 45.0, 110.0, 27.0, 34.0, 105.0, 92.0, 44.0, 54.0, 57.0, 80.0, 74.0, 76.0, 98.0, 97.0, 99.0, 80.0, 116.0, 91.0, 104.0, 96.0, 87.0, 23.0, 79.0, 91.0, 93.0, 57.0, 96.0], [115.0, 40.0, 21.0, 62.0, 25.0, 42.0, 97.0, 52.0, 85.0, 60.0, 95.0, 15.0, 16.0, 70.0, 73.0, 46.0, 57.0, 106.0, 41.0, 58.0, 21.0, 66.0, 15.0, 35.0, 38.0, 16.0, 67.0, 82.0, 57.0, 47.0, 62.0, 74.0, 18.0, 5.0, 115.0, 84.0, 96.0, 70.0, 65.0, 104.0, 43.0, 95.0, 74.0, 0.0, 85.0, 55.0, 53.0, 48.0, 83.0, 32.0, 121.0, 95.0, 101.0, 84.0, 104.0, 102.0, 47.0, 69.0, 118.0, 67.0, 103.0, 94.0, 121.0, 30.0, 126.0, 78.0, 94.0, 52.0, 24.0, 38.0, 47.0, 113.0], [30.0, 105.0, 65.0, 27.0, 100.0, 48.0, 12.0, 84.0, 10.0, 25.0, 142.0, 86.0, 91.0, 110.0, 17.0, 83.0, 29.0, 120.0, 44.0, 80.0, 80.0, 22.0, 73.0, 50.0, 85.0, 80.0, 110.0, 90.0, 29.0, 40.0, 80.0, 59.0, 67.0, 89.0, 118.0, 5.0, 66.0, 71.0, 116.0, 62.0, 43.0, 46.0, 130.0, 85.0, 0.0, 86.0, 33.0, 112.0, 114.0, 71.0, 109.0, 119.0, 118.0, 94.0, 94.0, 99.0, 54.0, 34.0, 97.0, 32.0, 94.0, 38.0, 108.0, 90.0, 111.0, 56.0, 138.0, 51.0, 62.0, 47.0, 73.0, 90.0], [113.0, 94.0, 57.0, 79.0, 42.0, 72.0, 94.0, 4.0, 92.0, 66.0, 56.0, 69.0, 43.0, 24.0, 69.0, 9.0, 71.0, 52.0, 56.0, 8.0, 34.0, 64.0, 61.0, 58.0, 18.0, 68.0, 24.0, 28.0, 62.0, 69.0, 11.0, 37.0, 48.0, 54.0, 61.0, 82.0, 56.0, 25.0, 32.0, 67.0, 63.0, 66.0, 45.0, 55.0, 86.0, 0.0, 71.0, 37.0, 33.0, 78.0, 69.0, 43.0, 46.0, 30.0, 52.0, 49.0, 33.0, 53.0, 68.0, 54.0, 51.0, 71.0, 68.0, 84.0, 73.0, 43.0, 53.0, 35.0, 59.0, 55.0, 14.0, 64.0], [62.0, 72.0, 33.0, 9.0, 72.0, 15.0, 45.0, 67.0, 32.0, 14.0, 126.0, 53.0, 62.0, 95.0, 27.0, 65.0, 4.0, 116.0, 15.0, 67.0, 53.0, 23.0, 40.0, 19.0, 64.0, 47.0, 94.0, 85.0, 14.0, 7.0, 69.0, 59.0, 37.0, 58.0, 118.0, 34.0, 75.0, 66.0, 97.0, 77.0, 11.0, 63.0, 110.0, 53.0, 33.0, 71.0, 0.0, 89.0, 103.0, 38.0, 115.0, 111.0, 112.0, 89.0, 98.0, 100.0, 39.0, 37.0, 105.0, 33.0, 97.0, 57.0, 114.0, 57.0, 118.0, 59.0, 123.0, 39.0, 29.0, 18.0, 56.0, 99.0], [142.0, 81.0, 62.0, 98.0, 22.0, 83.0, 122.0, 36.0, 116.0, 89.0, 49.0, 61.0, 32.0, 32.0, 96.0, 33.0, 90.0, 73.0, 73.0, 44.0, 36.0, 90.0, 61.0, 71.0, 28.0, 64.0, 29.0, 61.0, 85.0, 85.0, 48.0, 73.0, 53.0, 43.0, 87.0, 109.0, 92.0, 62.0, 20.0, 103.0, 78.0, 102.0, 27.0, 48.0, 112.0, 37.0, 89.0, 0.0, 47.0, 79.0, 100.0, 60.0, 67.0, 61.0, 85.0, 80.0, 59.0, 84.0, 102.0, 84.0, 84.0, 105.0, 99.0, 76.0, 105.0, 79.0, 48.0, 64.0, 66.0, 71.0, 43.0, 99.0], [139.0, 122.0, 89.0, 110.0, 64.0, 104.0, 121.0, 36.0, 121.0, 97.0, 31.0, 98.0, 69.0, 14.0, 98.0, 40.0, 103.0, 27.0, 89.0, 36.0, 64.0, 94.0, 92.0, 90.0, 46.0, 98.0, 18.0, 30.0, 93.0, 102.0, 35.0, 58.0, 79.0, 81.0, 41.0, 110.0, 68.0, 45.0, 28.0, 80.0, 95.0, 85.0, 34.0, 83.0, 114.0, 33.0, 103.0, 47.0, 0.0, 109.0, 58.0, 13.0, 21.0, 26.0, 47.0, 41.0, 64.0, 81.0, 64.0, 83.0, 47.0, 92.0, 57.0, 114.0, 63.0, 63.0, 26.0, 66.0, 92.0, 88.0, 47.0, 64.0], [98.0, 35.0, 21.0, 44.0, 57.0, 23.0, 83.0, 74.0, 68.0, 50.0, 125.0, 22.0, 47.0, 98.0, 64.0, 70.0, 42.0, 129.0, 36.0, 78.0, 46.0, 59.0, 18.0, 28.0, 63.0, 16.0, 95.0, 101.0, 49.0, 31.0, 81.0, 84.0, 30.0, 36.0, 136.0, 72.0, 104.0, 85.0, 94.0, 109.0, 31.0, 96.0, 105.0, 32.0, 71.0, 78.0, 38.0, 79.0, 109.0, 0.0, 138.0, 120.0, 124.0, 104.0, 120.0, 120.0, 56.0, 69.0, 131.0, 65.0, 119.0, 93.0, 137.0, 19.0, 141.0, 86.0, 123.0, 60.0, 19.0, 33.0, 66.0, 125.0], [123.0, 161.0, 117.0, 118.0, 111.0, 123.0, 109.0, 71.0, 118.0, 103.0, 84.0, 135.0, 111.0, 69.0, 96.0, 77.0, 113.0, 36.0, 106.0, 64.0, 101.0, 96.0, 123.0, 111.0, 86.0, 132.0, 73.0, 40.0, 101.0, 117.0, 60.0, 56.0, 110.0, 121.0, 21.0, 103.0, 43.0, 53.0, 84.0, 49.0, 112.0, 64.0, 92.0, 121.0, 109.0, 69.0, 115.0, 100.0, 58.0, 138.0, 0.0, 49.0, 40.0, 39.0, 18.0, 20.0, 81.0, 79.0, 14.0, 83.0, 19.0, 73.0, 1.0, 149.0, 5.0, 56.0, 79.0, 79.0, 118.0, 107.0, 75.0, 20.0], [142.0, 134.0, 99.0, 118.0, 77.0, 114.0, 124.0, 46.0, 127.0, 103.0, 35.0, 110.0, 81.0, 27.0, 103.0, 51.0, 111.0, 14.0, 97.0, 44.0, 76.0, 100.0, 103.0, 100.0, 58.0, 110.0, 31.0, 30.0, 100.0, 110.0, 42.0, 61.0, 90.0, 93.0, 30.0, 115.0, 66.0, 49.0, 40.0, 78.0, 104.0, 86.0, 44.0, 95.0, 119.0, 43.0, 111.0, 60.0, 13.0, 120.0, 49.0, 0.0, 9.0, 26.0, 41.0, 34.0, 72.0, 85.0, 57.0, 88.0, 41.0, 94.0, 48.0, 126.0, 53.0, 65.0, 31.0, 73.0, 102.0, 97.0, 56.0, 58.0], [139.0, 140.0, 103.0, 118.0, 84.0, 116.0, 122.0, 50.0, 126.0, 103.0, 44.0, 115.0, 87.0, 35.0, 102.0, 55.0, 111.0, 6.0, 99.0, 46.0, 80.0, 99.0, 107.0, 102.0, 63.0, 115.0, 39.0, 28.0, 100.0, 112.0, 44.0, 58.0, 94.0, 99.0, 21.0, 113.0, 61.0, 47.0, 49.0, 72.0, 106.0, 81.0, 54.0, 101.0, 118.0, 46.0, 112.0, 67.0, 21.0, 124.0, 40.0, 9.0, 0.0, 23.0, 34.0, 27.0, 73.0, 84.0, 49.0, 87.0, 34.0, 90.0, 39.0, 131.0, 44.0, 62.0, 40.0, 73.0, 105.0, 99.0, 59.0, 50.0], [117.0, 124.0, 83.0, 95.0, 72.0, 94.0, 99.0, 33.0, 102.0, 80.0, 57.0, 98.0, 73.0, 33.0, 78.0, 38.0, 88.0, 27.0, 77.0, 26.0, 64.0, 76.0, 88.0, 81.0, 48.0, 97.0, 36.0, 5.0, 77.0, 90.0, 23.0, 35.0, 75.0, 83.0, 31.0, 89.0, 41.0, 24.0, 47.0, 53.0, 84.0, 60.0, 57.0, 84.0, 94.0, 30.0, 89.0, 61.0, 26.0, 104.0, 39.0, 26.0, 23.0, 0.0, 24.0, 19.0, 51.0, 60.0, 41.0, 63.0, 23.0, 68.0, 38.0, 113.0, 44.0, 39.0, 52.0, 50.0, 85.0, 77.0, 39.0, 39.0], [111.0, 143.0, 99.0, 102.0, 94.0, 106.0, 96.0, 54.0, 103.0, 86.0, 76.0, 117.0, 94.0, 56.0, 80.0, 59.0, 96.0, 33.0, 88.0, 46.0, 83.0, 80.0, 105.0, 93.0, 69.0, 114.0, 60.0, 24.0, 84.0, 100.0, 42.0, 39.0, 91.0, 103.0, 24.0, 89.0, 30.0, 35.0, 71.0, 40.0, 95.0, 52.0, 80.0, 104.0, 94.0, 52.0, 98.0, 85.0, 47.0, 120.0, 18.0, 41.0, 34.0, 24.0, 0.0, 7.0, 63.0, 63.0, 17.0, 67.0, 1.0, 61.0, 17.0, 131.0, 22.0, 40.0, 72.0, 61.0, 100.0, 89.0, 57.0, 17.0], [117.0, 141.0, 99.0, 105.0, 91.0, 107.0, 101.0, 52.0, 108.0, 89.0, 69.0, 116.0, 91.0, 51.0, 84.0, 57.0, 98.0, 26.0, 89.0, 44.0, 82.0, 83.0, 105.0, 94.0, 66.0, 113.0, 54.0, 21.0, 86.0, 101.0, 40.0, 41.0, 91.0, 101.0, 19.0, 94.0, 36.0, 35.0, 65.0, 46.0, 96.0, 58.0, 74.0, 102.0, 99.0, 49.0, 100.0, 80.0, 41.0, 120.0, 20.0, 34.0, 27.0, 19.0, 7.0, 0.0, 64.0, 67.0, 23.0, 70.0, 7.0, 67.0, 19.0, 130.0, 25.0, 43.0, 65.0, 62.0, 100.0, 90.0, 56.0, 23.0], [83.0, 83.0, 36.0, 46.0, 51.0, 43.0, 63.0, 30.0, 59.0, 33.0, 89.0, 57.0, 45.0, 57.0, 38.0, 29.0, 39.0, 77.0, 26.0, 29.0, 32.0, 32.0, 44.0, 30.0, 32.0, 53.0, 57.0, 47.0, 29.0, 39.0, 30.0, 28.0, 31.0, 49.0, 81.0, 51.0, 50.0, 29.0, 62.0, 57.0, 33.0, 49.0, 76.0, 47.0, 54.0, 33.0, 39.0, 59.0, 64.0, 56.0, 81.0, 72.0, 73.0, 51.0, 63.0, 64.0, 0.0, 25.0, 75.0, 25.0, 63.0, 50.0, 81.0, 69.0, 85.0, 31.0, 86.0, 5.0, 37.0, 26.0, 19.0, 69.0], [60.0, 100.0, 53.0, 39.0, 77.0, 49.0, 41.0, 52.0, 42.0, 24.0, 109.0, 76.0, 69.0, 77.0, 18.0, 52.0, 34.0, 87.0, 33.0, 47.0, 56.0, 16.0, 62.0, 41.0, 56.0, 71.0, 77.0, 56.0, 23.0, 41.0, 46.0, 26.0, 51.0, 72.0, 86.0, 29.0, 39.0, 37.0, 85.0, 40.0, 38.0, 28.0, 98.0, 69.0, 34.0, 53.0, 37.0, 84.0, 81.0, 69.0, 79.0, 85.0, 84.0, 60.0, 63.0, 67.0, 25.0, 0.0, 69.0, 4.0, 63.0, 25.0, 79.0, 85.0, 82.0, 24.0, 105.0, 21.0, 52.0, 36.0, 42.0, 62.0], [109.0, 156.0, 111.0, 108.0, 110.0, 115.0, 96.0, 70.0, 106.0, 93.0, 92.0, 130.0, 109.0, 74.0, 85.0, 75.0, 103.0, 46.0, 97.0, 62.0, 98.0, 85.0, 118.0, 104.0, 85.0, 127.0, 77.0, 41.0, 91.0, 108.0, 58.0, 48.0, 104.0, 118.0, 33.0, 91.0, 31.0, 48.0, 88.0, 36.0, 104.0, 51.0, 97.0, 118.0, 97.0, 68.0, 105.0, 102.0, 64.0, 131.0, 14.0, 57.0, 49.0, 41.0, 17.0, 23.0, 75.0, 69.0, 0.0, 73.0, 18.0, 60.0, 14.0, 143.0, 15.0, 46.0, 88.0, 71.0, 112.0, 99.0, 71.0, 7.0], [59.0, 97.0, 50.0, 35.0, 75.0, 45.0, 39.0, 52.0, 39.0, 20.0, 110.0, 73.0, 68.0, 78.0, 15.0, 52.0, 30.0, 90.0, 30.0, 48.0, 55.0, 13.0, 59.0, 37.0, 56.0, 68.0, 79.0, 59.0, 19.0, 37.0, 48.0, 29.0, 48.0, 69.0, 89.0, 28.0, 43.0, 39.0, 86.0, 44.0, 34.0, 31.0, 99.0, 67.0, 32.0, 54.0, 33.0, 84.0, 83.0, 65.0, 83.0, 88.0, 87.0, 63.0, 67.0, 70.0, 25.0, 4.0, 73.0, 0.0, 67.0, 28.0, 83.0, 82.0, 86.0, 27.0, 107.0, 20.0, 49.0, 32.0, 42.0, 66.0], [111.0, 142.0, 98.0, 101.0, 93.0, 105.0, 96.0, 54.0, 103.0, 86.0, 76.0, 116.0, 93.0, 56.0, 80.0, 59.0, 95.0, 33.0, 87.0, 45.0, 83.0, 79.0, 105.0, 93.0, 68.0, 114.0, 59.0, 23.0, 83.0, 99.0, 42.0, 38.0, 91.0, 103.0, 24.0, 89.0, 30.0, 34.0, 70.0, 40.0, 94.0, 52.0, 80.0, 103.0, 94.0, 51.0, 97.0, 84.0, 47.0, 119.0, 19.0, 41.0, 34.0, 23.0, 1.0, 7.0, 63.0, 63.0, 18.0, 67.0, 0.0, 61.0, 18.0, 130.0, 23.0, 39.0, 71.0, 60.0, 100.0, 88.0, 56.0, 17.0], [50.0, 125.0, 79.0, 56.0, 101.0, 71.0, 36.0, 70.0, 47.0, 44.0, 122.0, 101.0, 94.0, 92.0, 31.0, 72.0, 54.0, 91.0, 58.0, 63.0, 81.0, 35.0, 87.0, 65.0, 78.0, 96.0, 94.0, 63.0, 44.0, 63.0, 62.0, 35.0, 76.0, 97.0, 85.0, 33.0, 31.0, 48.0, 103.0, 25.0, 61.0, 9.0, 116.0, 94.0, 38.0, 71.0, 57.0, 105.0, 92.0, 93.0, 73.0, 94.0, 90.0, 68.0, 61.0, 67.0, 50.0, 25.0, 60.0, 28.0, 61.0, 0.0, 73.0, 110.0, 75.0, 30.0, 118.0, 44.0, 77.0, 61.0, 63.0, 54.0], [123.0, 160.0, 116.0, 118.0, 110.0, 123.0, 109.0, 71.0, 118.0, 102.0, 83.0, 134.0, 110.0, 69.0, 95.0, 76.0, 112.0, 35.0, 105.0, 63.0, 100.0, 95.0, 123.0, 110.0, 85.0, 132.0, 72.0, 40.0, 100.0, 117.0, 59.0, 55.0, 109.0, 120.0, 20.0, 103.0, 43.0, 52.0, 83.0, 49.0, 112.0, 64.0, 91.0, 121.0, 108.0, 68.0, 114.0, 99.0, 57.0, 137.0, 1.0, 48.0, 39.0, 38.0, 17.0, 19.0, 81.0, 79.0, 14.0, 83.0, 18.0, 73.0, 0.0, 148.0, 6.0, 55.0, 79.0, 78.0, 118.0, 106.0, 74.0, 20.0], [118.0, 16.0, 33.0, 63.0, 54.0, 42.0, 102.0, 81.0, 87.0, 69.0, 125.0, 16.0, 46.0, 101.0, 83.0, 76.0, 61.0, 136.0, 52.0, 87.0, 50.0, 77.0, 25.0, 45.0, 68.0, 16.0, 98.0, 110.0, 67.0, 50.0, 90.0, 97.0, 39.0, 34.0, 144.0, 91.0, 119.0, 96.0, 95.0, 124.0, 49.0, 113.0, 104.0, 30.0, 90.0, 84.0, 57.0, 76.0, 114.0, 19.0, 149.0, 126.0, 131.0, 113.0, 131.0, 130.0, 69.0, 85.0, 143.0, 82.0, 130.0, 110.0, 148.0, 0.0, 153.0, 100.0, 124.0, 73.0, 33.0, 50.0, 74.0, 138.0], [124.0, 165.0, 121.0, 121.0, 115.0, 127.0, 111.0, 76.0, 120.0, 106.0, 88.0, 139.0, 116.0, 74.0, 98.0, 81.0, 116.0, 40.0, 109.0, 68.0, 106.0, 99.0, 128.0, 115.0, 91.0, 136.0, 78.0, 45.0, 104.0, 120.0, 64.0, 59.0, 114.0, 125.0, 24.0, 106.0, 45.0, 57.0, 89.0, 51.0, 116.0, 65.0, 96.0, 126.0, 111.0, 73.0, 118.0, 105.0, 63.0, 141.0, 5.0, 53.0, 44.0, 44.0, 22.0, 25.0, 85.0, 82.0, 15.0, 86.0, 23.0, 75.0, 6.0, 153.0, 0.0, 59.0, 84.0, 82.0, 122.0, 110.0, 79.0, 21.0], [77.0, 114.0, 67.0, 63.0, 78.0, 69.0, 60.0, 43.0, 65.0, 47.0, 93.0, 88.0, 73.0, 63.0, 41.0, 45.0, 57.0, 65.0, 51.0, 35.0, 60.0, 40.0, 75.0, 58.0, 53.0, 84.0, 64.0, 35.0, 45.0, 62.0, 33.0, 6.0, 62.0, 79.0, 62.0, 51.0, 19.0, 19.0, 74.0, 26.0, 58.0, 24.0, 87.0, 78.0, 56.0, 43.0, 59.0, 79.0, 63.0, 86.0, 56.0, 65.0, 62.0, 39.0, 40.0, 43.0, 31.0, 24.0, 46.0, 27.0, 39.0, 30.0, 55.0, 100.0, 59.0, 0.0, 89.0, 27.0, 67.0, 53.0, 37.0, 40.0], [164.0, 129.0, 104.0, 131.0, 70.0, 122.0, 146.0, 56.0, 145.0, 119.0, 4.0, 108.0, 78.0, 29.0, 122.0, 58.0, 124.0, 44.0, 108.0, 59.0, 77.0, 117.0, 105.0, 109.0, 61.0, 110.0, 30.0, 56.0, 115.0, 121.0, 59.0, 83.0, 95.0, 90.0, 60.0, 134.0, 94.0, 70.0, 29.0, 106.0, 115.0, 111.0, 23.0, 94.0, 138.0, 53.0, 123.0, 48.0, 26.0, 123.0, 79.0, 31.0, 40.0, 52.0, 72.0, 65.0, 86.0, 105.0, 88.0, 107.0, 71.0, 118.0, 79.0, 124.0, 84.0, 89.0, 0.0, 88.0, 107.0, 107.0, 67.0, 88.0], [79.0, 87.0, 40.0, 45.0, 56.0, 45.0, 59.0, 33.0, 57.0, 31.0, 92.0, 62.0, 50.0, 60.0, 34.0, 32.0, 38.0, 77.0, 27.0, 30.0, 37.0, 29.0, 48.0, 33.0, 36.0, 58.0, 59.0, 46.0, 27.0, 40.0, 31.0, 24.0, 35.0, 54.0, 80.0, 47.0, 45.0, 27.0, 66.0, 52.0, 34.0, 43.0, 79.0, 52.0, 51.0, 35.0, 39.0, 64.0, 66.0, 60.0, 79.0, 73.0, 73.0, 50.0, 61.0, 62.0, 5.0, 21.0, 71.0, 20.0, 60.0, 44.0, 78.0, 73.0, 82.0, 27.0, 88.0, 0.0, 41.0, 28.0, 22.0, 65.0], [91.0, 48.0, 4.0, 38.0, 46.0, 18.0, 74.0, 56.0, 61.0, 38.0, 109.0, 25.0, 36.0, 80.0, 52.0, 52.0, 33.0, 110.0, 20.0, 59.0, 30.0, 45.0, 11.0, 12.0, 46.0, 19.0, 78.0, 82.0, 35.0, 23.0, 62.0, 65.0, 13.0, 29.0, 117.0, 61.0, 86.0, 65.0, 79.0, 91.0, 19.0, 80.0, 91.0, 24.0, 62.0, 59.0, 29.0, 66.0, 92.0, 19.0, 118.0, 102.0, 105.0, 85.0, 100.0, 100.0, 37.0, 52.0, 112.0, 49.0, 100.0, 77.0, 118.0, 33.0, 122.0, 67.0, 107.0, 41.0, 0.0, 17.0, 47.0, 106.0], [77.0, 65.0, 19.0, 27.0, 55.0, 17.0, 58.0, 52.0, 48.0, 22.0, 110.0, 42.0, 45.0, 79.0, 35.0, 49.0, 20.0, 103.0, 3.0, 53.0, 35.0, 28.0, 27.0, 5.0, 47.0, 36.0, 77.0, 73.0, 19.0, 14.0, 55.0, 51.0, 21.0, 42.0, 107.0, 46.0, 71.0, 55.0, 80.0, 76.0, 8.0, 64.0, 93.0, 38.0, 47.0, 55.0, 18.0, 71.0, 88.0, 33.0, 107.0, 97.0, 99.0, 77.0, 89.0, 90.0, 26.0, 36.0, 99.0, 32.0, 88.0, 61.0, 106.0, 50.0, 110.0, 53.0, 107.0, 28.0, 17.0, 0.0, 41.0, 93.0], [101.0, 86.0, 44.0, 64.0, 41.0, 58.0, 81.0, 11.0, 78.0, 52.0, 70.0, 60.0, 38.0, 39.0, 56.0, 10.0, 57.0, 63.0, 42.0, 13.0, 26.0, 51.0, 50.0, 44.0, 16.0, 58.0, 38.0, 36.0, 48.0, 55.0, 16.0, 32.0, 36.0, 46.0, 70.0, 69.0, 53.0, 24.0, 44.0, 63.0, 49.0, 59.0, 57.0, 47.0, 73.0, 14.0, 56.0, 43.0, 47.0, 66.0, 75.0, 56.0, 59.0, 39.0, 57.0, 56.0, 19.0, 42.0, 71.0, 42.0, 56.0, 63.0, 74.0, 74.0, 79.0, 37.0, 67.0, 22.0, 47.0, 41.0, 0.0, 67.0], [103.0, 151.0, 105.0, 102.0, 106.0, 109.0, 90.0, 66.0, 99.0, 86.0, 93.0, 125.0, 105.0, 72.0, 78.0, 71.0, 96.0, 48.0, 91.0, 58.0, 93.0, 79.0, 113.0, 98.0, 81.0, 122.0, 75.0, 38.0, 85.0, 102.0, 54.0, 41.0, 99.0, 113.0, 37.0, 85.0, 24.0, 43.0, 86.0, 30.0, 98.0, 44.0, 96.0, 113.0, 90.0, 64.0, 99.0, 99.0, 64.0, 125.0, 20.0, 58.0, 50.0, 39.0, 17.0, 23.0, 69.0, 62.0, 7.0, 66.0, 17.0, 54.0, 20.0, 138.0, 21.0, 40.0, 88.0, 65.0, 106.0, 93.0, 67.0, 0.0]]
