100 6563.51 0 1680 7 240
[8769.0, 6780.27, 6336.17, 7612.6, 1981.83, 2914.16, 286.66, 2788.42, 5156.24, 4598.76, 1397.87, 8028.43, 9398.61, 1716.14, 4746.16, 1484.71, 1373.92, 2717.15, 5213.11, 8489.96, 7465.72, 1250.29, 5216.59, 2872.84, 6265.05, 8408.01, 9838.47, 8042.62, 7076.73, 7465.9, 7929.3, 2089.0, 2826.11, 4586.23, 9301.34, 722.09, 8305.06, 924.49, 685.69, 1574.02, 5800.87, 4141.04, 9805.95, 7653.09, 2411.95, 5228.13, 4033.06, 1418.76, 7458.41, 6319.05, 3897.63, 1553.27, 3654.25, 9291.38, 7010.02, 9111.22, 696.52, 7242.34, 9126.44, 1556.4, 7909.12, 6062.44, 6916.21, 4814.42, 8549.62, 6483.47, 6390.12, 2618.88, 1659.07, 5705.87, 1579.84, 2760.96, 7979.58, 8281.2, 2395.34, 3767.35, 9194.29, 7456.22, 9314.31, 2088.8, 4859.14, 1346.23, 7962.04, 3564.44, 606.01, 6002.26, 2894.01, 5692.17, 2028.22, 8225.16, 6991.53, 9647.71, 9100.51, 7234.29, 9668.53, 5944.53, 3035.71, 3545.62, 2052.7, 5067.27]
[3703.56, 6451.77, 3278.9, 1028.25, 3170.18, 8902.49, 6450.45, 7743.84, 4979.81, 7620.83, 4765.6, 8479.43, 4331.42, 5914.09, 8706.87, 8838.78, 6134.78, 3119.42, 7287.43, 4093.05, 2818.73, 1841.77, 3307.88, 2984.41, 1912.32, 6643.21, 8980.28, 1252.81, 5128.82, 7693.9, 1987.06, 4319.63, 6138.67, 3923.89, 8714.39, 7006.85, 1520.56, 8701.38, 7208.0, 2319.81, 5816.94, 3809.7, 2690.25, 8218.95, 8902.64, 6892.78, 2906.24, 2472.61, 4914.72, 8787.01, 1925.07, 5355.93, 1291.36, 2384.22, 2017.17, 4397.67, 1372.76, 1442.91, 5155.13, 7166.76, 3757.48, 7321.43, 1562.86, 1191.88, 8290.51, 8710.75, 8799.02, 8592.79, 8872.56, 2354.74, 4222.12, 7080.56, 8425.72, 2303.35, 4555.0, 6365.65, 1454.49, 4320.42, 8702.25, 1155.43, 1205.1, 2143.56, 6531.07, 2997.91, 7929.78, 5045.92, 3701.55, 3209.79, 1842.93, 8577.9, 2320.58, 6305.28, 7728.25, 5803.44, 2591.4, 5749.55, 4109.58, 5998.89, 8127.12, 7329.66]
[8, 7, 6, 7, 2, 3, 1, 3, 5, 5, 2, 8, 9, 2, 5, 2, 2, 3, 5, 8, 7, 2, 5, 3, 6, 8, 9, 8, 7, 7, 8, 2, 3, 5, 9, 1, 8, 1, 1, 2, 6, 4, 9, 7, 3, 5, 4, 2, 7, 6, 4, 2, 4, 9, 7, 9, 1, 7, 9, 2, 8, 6, 7, 5, 8, 6, 6, 3, 2, 6, 2, 3, 8, 8, 3, 4, 9, 7, 9, 2, 5, 2, 8, 4, 1, 6, 3, 6, 2, 8, 7, 9, 9, 7, 9, 6, 3, 4, 2, 5]
[1, 2, 3, 4, 5, 6, 7, 8, 9, 10, 11, 12, 13, 14, 15, 16, 17, 18, 19, 20, 21, 22, 23, 24, 25, 26, 27, 28, 29, 30, 31, 32, 33, 34, 35, 36, 37, 38, 39, 40, 41, 42, 43, 44, 45, 46, 47, 48, 49, 50, 51, 52, 53, 54, 55, 56, 57, 58, 59, 60, 61, 62, 63, 64, 65, 66, 67, 68, 69, 70, 71, 72, 73, 74, 75, 76, 77, 78, 79, 80, 81, 82, 83, 84, 85, 86, 87, 88, 89, 90, 91, 92, 93, 94, 95, 96, 97, 98, 99, 100]
[3, 3, 2, 3, 3, 1, 3, 1, 3, 3, 3, 3, 2, 3, 3, 3, 3, 1, 3, 3, 3, 3, 3, 1, 2, 3, 2, 3, 3, 3, 3, 3, 1, 3, 2, 3, 3, 3, 3, 3, 2, 1, 2, 3, 1, 3, 1, 3, 3, 2, 1, 3, 1, 2, 3, 2, 3, 3, 2, 3, 3, 2, 3, 3, 3, 2, 2, 1, 3, 2, 3, 1, 3, 3, 1, 1, 2, 3, 2, 3, 3, 3, 3, 1, 3, 2, 1, 2, 3, 3, 3, 2, 2, 3, 2, 2, 1, 1, 3, 3]
[1, 2, 2, 2, 2, 3, 3, 3, 2, 2, 2, 1, 3, 2, 2, 2, 2, 3, 2, 1, 2, 2, 2, 3, 2, 1, 3, 1, 2, 2, 1, 2, 3, 2, 3, 3, 1, 3, 3, 2, 2, 2, 3, 2, 3, 2, 2, 2, 2, 2, 2, 2, 2, 3, 2, 3, 3, 2, 3, 2, 1, 2, 2, 2, 1, 2, 2, 3, 2, 2, 2, 3, 1, 1, 3, 2, 3, 2, 3, 2, 2, 2, 1, 2, 3, 2, 3, 2, 2, 1, 2, 3, 3, 2, 3, 2, 3, 2, 2, 2]
[4, 6, 2, 10, 8, 6, 7, 5, 9, 8, 2, 1, 2, 3, 8, 5, 10, 9, 2, 2, 1, 6, 6, 10, 7, 1, 7, 5, 1, 10, 6, 4, 3, 8, 5, 7, 10, 2, 8, 3, 9, 1, 3, 10, 1, 7, 7, 7, 1, 10, 1, 4, 7, 2, 3, 8, 6, 1, 7, 8, 5, 2, 10, 8, 4, 7, 8, 7, 4, 2, 9, 10, 8, 8, 8, 8, 5, 9, 5, 10, 9, 8, 6, 1, 8, 1, 7, 1, 2, 4, 7, 2, 4, 9, 1, 1, 7, 7, 2, 10]
[3550.36, 3358.95, 3984.66, 3605.47, 4236.82, 3628.7, 3280.74, 3958.74, 4582.11, 4213.68, 3612.43, 4707.08, 3742.3, 3203.73, 4310.77, 3396.18, 3816.22, 4573.83, 3978.16, 3307.05, 4528.27, 3642.16, 4268.43, 3975.69, 3345.39, 3662.4, 3332.88, 3869.99, 3998.95, 3685.74, 4455.17, 3302.82, 3344.38, 3967.56, 3900.3, 3674.38, 3677.94, 3828.49, 4057.12, 3426.67, 4599.83, 3912.84, 3420.05, 3836.01, 4287.63, 3503.51, 3460.05, 3266.86, 4328.83, 4009.83, 3941.71, 3482.79, 3216.31, 3292.13, 3137.39, 4054.38, 4268.92, 3747.33, 3281.29, 4094.56, 3918.26, 3336.83, 4001.17, 4213.87, 3609.29, 3639.17, 4045.5, 3695.03, 3244.42, 3208.95, 4587.8, 3860.87, 4223.77, 4144.66, 4045.62, 4351.37, 4131.42, 4582.56, 3721.66, 3613.31, 4585.06, 4357.78, 4280.76, 4420.63, 4377.2, 3957.72, 3558.06, 3999.39, 3740.69, 3244.04, 3495.2, 3468.56, 3632.74, 4598.18, 3657.84, 4807.95, 3288.37, 3352.24, 3384.64, 3737.04]
[0.62, 0.43, 0.13, 0.54, 0.13, 0.41, 0.5, 0.44, 0.9, 0.24, 0.2, 0.03, 0.11, 0.46, 0.29, 0.44, 0.1, 0.5, 0.21, 0.24, 0.28, 0.42, 0.44, 0.32, 0.38, 0.15, 0.57, 0.44, 0.12, 0.83, 0.44, 0.41, 0.5, 0.28, 0.43, 0.65, 0.67, 0.16, 0.24, 0.23, 0.68, 0.2, 0.17, 0.38, 0.27, 0.49, 0.77, 0.67, 0.09, 0.86, 0.12, 0.48, 0.57, 0.2, 0.25, 0.1, 0.44, 0.34, 0.57, 0.12, 0.45, 0.31, 0.64, 0.2, 0.44, 0.69, 0.32, 0.52, 0.4, 0.26, 0.81, 0.34, 0.27, 0.28, 0.32, 0.35, 0.38, 0.71, 0.31, 0.85, 0.7, 0.25, 0.43, 0.24, 0.32, 0.3, 0.42, 0.05, 0.13, 0.57, 0.4, 0.33, 0.42, 0.94, 0.36, 0.05, 0.53, 0.49, 0.15, 0.82]
[0.79, 0.85, 0.57, 1.07, 0.52, 0.56, 0.68, 0.67, 0.72, 0.51, 0.62, 0.96, 0.89, 0.63, 0.58, 0.93, 0.64, 0.64, 0.7, 0.89, 0.54, 0.58, 0.66, 1.02, 0.68, 0.59, 1.07, 0.63, 1.0, 1.1, 0.87, 0.96, 0.51, 1.08, 0.83, 0.71, 0.91, 0.97, 0.56, 0.8, 0.91, 0.84, 0.69, 0.55, 0.64, 0.94, 0.74, 0.83, 0.55, 0.9, 0.58, 0.66, 1.04, 0.69, 1.08, 0.84, 0.73, 0.94, 0.77, 0.81, 1.08, 0.57, 0.66, 0.63, 0.58, 0.51, 1.0, 1.1, 0.99, 0.72, 0.58, 1.06, 0.58, 0.96, 1.01, 0.96, 0.74, 0.86, 0.51, 1.06, 0.94, 0.68, 0.62, 0.51, 0.76, 0.57, 0.76, 1.06, 1.02, 0.9, 0.57, 0.91, 0.86, 1.0, 0.78, 0.9, 0.76, 0.84, 0.98, 0.97]
[1.0, 0.59, 1.0, 0.79, 0.85, 0.97, 1.08, 0.58, 0.99, 0.84, 1.04, 1.01, 0.91, 0.87, 0.87, 0.55, 1.02, 0.84, 1.01, 0.62, 0.7, 0.62, 1.02, 0.59, 0.53, 0.91, 0.86, 0.96, 1.07, 0.62, 0.67, 0.94, 0.99, 1.04, 0.57, 1.08, 1.0, 0.7, 0.86, 0.65, 0.74, 1.02, 1.04, 0.68, 0.64, 0.54, 0.67, 0.87, 0.95, 0.76, 1.07, 1.05, 1.08, 0.98, 0.73, 0.73, 1.05, 0.67, 0.54, 0.53, 0.82, 0.83, 0.74, 0.9, 0.97, 0.97, 0.63, 1.04, 0.6, 0.76, 0.71, 0.69, 0.83, 0.58, 0.79, 0.73, 0.85, 0.96, 0.65, 1.06, 0.55, 1.03, 0.77, 1.01, 0.96, 1.0, 1.02, 0.87, 1.0, 1.04, 0.55, 0.7, 0.71, 0.63, 0.93, 0.57, 0.85, 0.58, 0.55, 0.72]
[0.76, 0.5, 0.53, 0.95, 0.75, 1.05, 0.73, 0.79, 0.6, 0.75, 1.07, 0.65, 1.02, 0.86, 1.04, 0.52, 0.79, 0.55, 0.65, 0.74, 1.07, 0.56, 0.52, 0.87, 1.1, 1.03, 1.0, 0.93, 1.04, 1.05, 0.73, 0.55, 1.01, 0.82, 0.92, 0.95, 0.85, 0.65, 0.8, 0.83, 1.03, 0.6, 0.57, 0.66, 0.6, 0.77, 1.02, 0.64, 0.76, 0.88, 0.64, 0.54, 1.04, 0.7, 0.65, 0.92, 0.55, 1.04, 0.97, 0.58, 1.0, 1.08, 0.56, 0.87, 0.76, 0.93, 1.03, 0.88, 0.73, 1.09, 0.67, 0.95, 0.92, 0.56, 0.78, 0.84, 0.67, 0.91, 0.5, 1.03, 0.78, 0.73, 0.74, 0.62, 0.86, 0.8, 0.9, 0.75, 0.59, 0.81, 0.88, 0.58, 0.69, 0.97, 0.59, 0.69, 0.53, 0.9, 0.81, 0.56]
[0.74, 0.68, 1.0, 0.64, 0.68, 0.62, 0.57, 0.83, 1.08, 0.78, 0.62, 0.56, 1.04, 0.78, 0.69, 0.92, 0.61, 1.05, 0.68, 0.95, 0.68, 0.82, 0.67, 0.55, 0.91, 0.83, 0.63, 0.88, 0.91, 1.08, 1.04, 0.6, 0.77, 0.66, 0.78, 0.76, 1.06, 0.65, 0.72, 1.02, 0.78, 0.51, 0.56, 0.5, 0.99, 0.65, 1.03, 0.56, 0.94, 0.72, 0.84, 0.92, 0.57, 0.8, 1.06, 0.71, 0.54, 0.96, 0.53, 1.07, 0.8, 0.92, 0.84, 1.06, 0.87, 0.69, 0.5, 0.94, 0.67, 1.0, 0.89, 1.09, 0.61, 0.52, 0.96, 0.67, 0.75, 0.75, 0.52, 0.74, 0.99, 0.58, 1.01, 1.04, 0.79, 1.02, 0.87, 1.03, 0.75, 0.92, 0.96, 0.92, 0.92, 1.03, 0.94, 0.65, 0.78, 1.1, 0.66, 1.0]
[0.85, 0.56, 0.76, 0.81, 0.63, 0.57, 0.83, 1.03, 0.79, 0.8, 0.62, 1.09, 0.65, 0.73, 1.0, 1.09, 0.96, 1.06, 0.93, 0.69, 1.07, 0.85, 0.8, 0.94, 0.94, 1.06, 0.66, 0.97, 0.73, 0.52, 0.7, 0.91, 0.79, 0.9, 1.06, 0.83, 0.7, 0.61, 1.05, 0.97, 0.95, 0.54, 0.96, 0.84, 0.63, 0.52, 0.9, 0.71, 0.9, 0.78, 1.0, 0.82, 0.58, 0.59, 0.56, 0.77, 0.79, 0.81, 0.81, 0.81, 0.99, 0.83, 0.72, 0.96, 0.69, 1.0, 0.84, 1.03, 0.61, 1.08, 0.58, 0.92, 0.77, 0.55, 0.57, 0.77, 1.09, 0.95, 0.51, 0.66, 0.55, 0.92, 0.59, 0.81, 0.83, 0.87, 1.01, 0.7, 0.74, 0.62, 0.57, 0.8, 0.82, 0.99, 0.73, 1.0, 1.05, 1.02, 0.57, 0.9]
[0.37, 0.1, 0.23, 0.41, 0.14, 0.2, 0.25, 0.26, 0.37, 0.2, 0.27, 0.39, 0.56, 0.27, 0.36, 0.27, 0.31, 0.33, 0.29, 0.27, 0.29, 0.14, 0.19, 0.27, 0.34, 0.49, 0.38, 0.48, 0.74, 0.4, 0.31, 0.27, 0.31, 0.55, 0.36, 0.46, 0.57, 0.17, 0.29, 0.43, 0.51, 0.14, 0.22, 0.11, 0.15, 0.13, 0.47, 0.18, 0.33, 0.34, 0.34, 0.28, 0.39, 0.22, 0.3, 0.31, 0.18, 0.51, 0.17, 0.21, 0.7, 0.38, 0.17, 0.5, 0.25, 0.31, 0.27, 0.98, 0.18, 0.65, 0.14, 0.69, 0.21, 0.09, 0.34, 0.3, 0.34, 0.53, 0.04, 0.57, 0.22, 0.28, 0.21, 0.27, 0.41, 0.4, 0.61, 0.5, 0.33, 0.44, 0.15, 0.27, 0.32, 0.61, 0.29, 0.23, 0.28, 0.5, 0.17, 0.35]
[1296.84, 1056.17, 831.93, 904.36, 583.07, 851.29, 1205.51, 1242.11, 372.35, 835.82, 860.87, 787.9, 1130.65, 1016.97, 906.46, 1408.97, 612.37, 316.28, 889.75, 1265.69, 1149.57, 867.88, 838.42, 876.94, 1550.91, 627.75, 1298.27, 1027.87, 642.86, 967.62, 903.35, 1061.6, 1022.91, 852.21, 1186.21, 1195.05, 874.14, 1062.44, 917.95, 728.2, 330.57, 777.54, 838.73, 748.14, 886.22, 1161.66, 1746.52, 1235.19, 667.93, 989.47, 852.02, 1271.72, 1312.26, 804.46, 737.9, 781.69, 947.58, 926.22, 1107.82, 663.48, 1351.79, 1230.9, 926.91, 807.98, 1179.53, 2182.37, 690.46, 1144.64, 1047.39, 806.65, 381.18, 810.23, 1019.26, 1031.99, 863.27, 873.48, 1266.56, 331.59, 1140.9, 1069.64, 373.57, 984.7, 1104.48, 666.07, 658.28, 816.37, 1364.76, 779.56, 962.95, 1340.11, 1215.85, 913.71, 1447.96, 353.18, 869.35, 744.45, 1457.86, 1593.26, 863.51, 956.21]
[509.23, 115.65, 201.36, 353.01, 87.75, 146.56, 298.64, 336.22, 128.7, 160.78, 224.51, 305.95, 626.59, 269.93, 297.54, 388.73, 182.79, 105.78, 251.55, 351.12, 321.68, 127.15, 148.73, 245.36, 507.24, 308.9, 519.52, 503.3, 468.72, 401.43, 282.21, 288.51, 343.99, 470.74, 438.08, 528.46, 501.53, 168.06, 259.16, 314.37, 170.93, 118.56, 190.93, 80.89, 127.64, 170.38, 808.99, 215.46, 230.58, 320.5, 270.09, 312.47, 526.14, 171.72, 208.42, 260.65, 181.86, 494.95, 209.83, 141.02, 908.55, 497.6, 157.57, 403.69, 323.51, 635.08, 177.83, 1136.08, 164.96, 521.17, 50.8, 550.15, 211.22, 96.07, 284.62, 257.9, 450.57, 179.1, 53.32, 575.95, 89.07, 255.16, 230.74, 172.73, 272.51, 341.77, 842.17, 410.7, 301.66, 599.52, 181.26, 231.25, 471.61, 216.05, 275.73, 166.62, 422.58, 803.94, 158.93, 318.48]
[5984.22, 4780.87, 3659.67, 4021.82, 2415.34, 3756.47, 5527.53, 5710.54, 1361.76, 3679.09, 3804.33, 3439.52, 5153.24, 4584.83, 4032.3, 6544.87, 2561.86, 1081.42, 3948.77, 5828.47, 5247.84, 3839.39, 3692.11, 3884.7, 7254.56, 2638.74, 5991.35, 4639.36, 2714.29, 4338.09, 4016.76, 4807.98, 4614.57, 3761.03, 5431.04, 5475.25, 3870.69, 4812.2, 4089.74, 3141.0, 1152.83, 3387.68, 3693.67, 3240.69, 3931.12, 5308.3, 8232.6, 5675.94, 2839.65, 4447.36, 3760.1, 5858.61, 6061.29, 3522.28, 3189.51, 3408.45, 4237.88, 4131.09, 5039.09, 2817.42, 6258.96, 5654.49, 4134.55, 3539.88, 5397.64, 10411.86, 2952.31, 5223.2, 4736.95, 3533.26, 1405.89, 3551.13, 4596.28, 4659.95, 3816.36, 3867.4, 5832.78, 1157.95, 5204.52, 4848.2, 1367.84, 4423.48, 5022.39, 2830.37, 2791.41, 3581.86, 6323.82, 3397.81, 4314.76, 6200.55, 5579.25, 4068.54, 6739.82, 1265.9, 3846.74, 3222.26, 6789.28, 7466.3, 3817.56, 4281.04]
[2046.14, 78.24, 506.8, 1265.03, -61.26, 232.82, 993.18, 1181.11, 143.5, 303.88, 622.56, 1029.77, 2632.97, 849.67, 987.7, 1443.65, 413.95, 28.91, 757.75, 1255.58, 1108.41, 135.76, 243.64, 726.82, 2036.21, 1044.51, 2097.59, 2016.51, 1843.58, 1507.16, 911.04, 942.55, 1219.93, 1853.68, 1690.4, 2142.28, 2007.63, 340.29, 795.79, 1071.83, 354.67, 92.81, 454.65, -95.56, 138.19, 351.88, 3544.97, 577.31, 652.89, 1102.48, 850.46, 1062.34, 2130.68, 358.58, 542.09, 803.27, 409.32, 1974.76, 549.16, 205.11, 4042.77, 1988.01, 287.85, 1518.45, 1117.54, 2675.42, 389.13, 5180.38, 324.8, 2105.83, -245.99, 2250.74, 556.11, -19.64, 923.11, 789.51, 1752.85, 395.51, -233.38, 2379.74, -54.64, 775.81, 653.72, 363.64, 862.53, 1208.87, 3710.87, 1553.48, 1008.28, 2497.61, 406.29, 656.24, 1858.06, 580.25, 878.67, 333.1, 1612.91, 3519.68, 294.67, 1092.41]
[142.01, 134.36, 119.54, 144.22, 169.47, 72.57, 131.23, 79.17, 183.28, 168.55, 144.5, 188.28, 112.27, 128.15, 172.43, 135.85, 152.65, 91.48, 159.13, 132.28, 181.13, 145.69, 170.74, 79.51, 100.36, 146.5, 99.99, 154.8, 159.96, 147.43, 178.21, 132.11, 66.89, 158.7, 117.01, 146.98, 147.12, 153.14, 162.28, 137.07, 137.99, 78.26, 102.6, 153.44, 85.75, 140.14, 69.2, 130.67, 173.15, 120.29, 78.83, 139.31, 64.33, 98.76, 125.5, 121.63, 170.76, 149.89, 98.44, 163.78, 156.73, 100.1, 160.05, 168.55, 144.37, 109.18, 121.36, 73.9, 129.78, 96.27, 183.51, 77.22, 168.95, 165.79, 80.91, 87.03, 123.94, 183.3, 111.65, 144.53, 183.4, 174.31, 171.23, 88.41, 175.09, 118.73, 71.16, 119.98, 149.63, 129.76, 139.81, 104.06, 108.98, 183.93, 109.74, 144.24, 65.77, 67.04, 135.39, 149.48]
[30, 28, 22, 30, 36, 10, 28, 11, 39, 36, 30, 40, 21, 27, 36, 29, 32, 13, 34, 28, 38, 31, 36, 11, 19, 31, 19, 33, 34, 31, 38, 28, 9, 34, 22, 31, 31, 32, 34, 29, 26, 11, 19, 32, 12, 30, 9, 28, 37, 22, 11, 29, 9, 18, 26, 23, 36, 32, 18, 35, 33, 19, 34, 36, 30, 20, 23, 10, 27, 18, 39, 11, 36, 35, 11, 12, 23, 39, 21, 30, 39, 37, 36, 12, 37, 22, 10, 22, 32, 27, 29, 19, 20, 39, 20, 27, 9, 9, 29, 32]
[176, 42, 11, 106, 209, 11, 121, 84, 12, 193, 231, 54, 106, 223, 33, 225, 211, 30, 36, 175, 20, 200, 53, 72, 30, 41, 34, 180, 57, 11, 33, 98, 170, 113, 186, 48, 17, 10, 178, 177, 150, 162, 176, 23, 214, 211, 201, 81, 54, 19, 108, 49, 114, 14, 229, 158, 64, 136, 116, 212, 137, 112, 219, 104, 108, 12, 186, 208, 184, 104, 100, 179, 208, 206, 155, 105, 73, 87, 54, 58, 197, 200, 105, 226, 57, 52, 147, 227, 94, 141, 215, 74, 191, 151, 16, 125, 197, 39, 162, 131]
[217, 119, 53, 240, 240, 79, 240, 179, 217, 240, 240, 240, 240, 240, 240, 240, 240, 240, 183, 240, 115, 240, 143, 184, 159, 87, 128, 240, 213, 92, 163, 240, 207, 240, 240, 85, 68, 215, 240, 240, 201, 217, 240, 69, 240, 240, 240, 216, 240, 78, 240, 175, 240, 73, 240, 200, 240, 240, 206, 240, 165, 229, 240, 240, 240, 94, 240, 240, 240, 238, 240, 220, 232, 240, 240, 240, 181, 240, 240, 240, 240, 240, 240, 240, 240, 134, 202, 240, 215, 240, 240, 240, 240, 240, 212, 149, 240, 147, 240, 194]
10
[0.0, 0.0, 0.0, 0.0, 0.0, 0.0, 0.0, 0.0, 0.0, 0.0]
[10000.0, 10000.0, 0.0, 10000.0, 0.0, 10000.0, 10000.0, 10000.0, 10000.0, 0.0]
[[0.0, 0.0, 19.0, 0.0, 19.0, 0.0, 0.0, 0.0, 0.0, 19.0, 21.0, 15.0, 18.0, 22.0, 14.0, 6.0, 7.0, 7.0, 14.0, 10.0, 10.0, 16.0, 21.0, 8.0, 9.0, 4.0, 8.0, 14.0, 11.0, 20.0, 20.0, 16.0, 16.0, 14.0, 20.0, 17.0, 19.0, 23.0, 16.0, 15.0, 22.0, 12.0, 9.0, 15.0, 18.0, 6.0, 23.0, 3.0, 5.0, 15.0, 14.0, 14.0, 23.0, 15.0, 5.0, 12.0, 16.0, 15.0, 17.0, 12.0, 17.0, 9.0, 18.0, 23.0, 20.0, 20.0, 17.0, 21.0, 20.0, 6.0, 19.0, 13.0, 21.0, 19.0, 17.0, 13.0, 12.0, 6.0, 4.0, 18.0, 11.0, 8.0, 16.0, 22.0, 11.0, 10.0, 24.0, 18.0, 18.0, 17.0, 19.0, 15.0, 17.0, 15.0, 4.0, 15.0, 13.0, 17.0, 16.0, 16.0, 20.0, 20.0, 18.0, 16.0, 23.0, 14.0, 13.0, 10.0, 5.0, 11.0], [0.0, 0.0, 19.0, 0.0, 19.0, 0.0, 0.0, 0.0, 0.0, 19.0, 21.0, 15.0, 18.0, 22.0, 14.0, 6.0, 7.0, 7.0, 14.0, 10.0, 10.0, 16.0, 21.0, 8.0, 9.0, 4.0, 8.0, 14.0, 11.0, 20.0, 20.0, 16.0, 16.0, 14.0, 20.0, 17.0, 19.0, 23.0, 16.0, 15.0, 22.0, 12.0, 9.0, 15.0, 18.0, 6.0, 23.0, 3.0, 5.0, 15.0, 14.0, 14.0, 23.0, 15.0, 5.0, 12.0, 16.0, 15.0, 17.0, 12.0, 17.0, 9.0, 18.0, 23.0, 20.0, 20.0, 17.0, 21.0, 20.0, 6.0, 19.0, 13.0, 21.0, 19.0, 17.0, 13.0, 12.0, 6.0, 4.0, 18.0, 11.0, 8.0, 16.0, 22.0, 11.0, 10.0, 24.0, 18.0, 18.0, 17.0, 19.0, 15.0, 17.0, 15.0, 4.0, 15.0, 13.0, 17.0, 16.0, 16.0, 20.0, 20.0, 18.0, 16.0, 23.0, 14.0, 13.0, 10.0, 5.0, 11.0], [19.0, 19.0, 0.0, 19.0, 0.0, 19.0, 19.0, 19.0, 19.0, 0.0, 18.0, 18.0, 14.0, 15.0, 7.0, 18.0, 12.0, 16.0, 14.0, 17.0, 9.0, 22.0, 20.0, 12.0, 19.0, 17.0, 12.0, 8.0, 17.0, 18.0, 15.0, 4.0, 12.0, 8.0, 13.0, 20.0, 25.0, 16.0, 17.0, 20.0, 16.0, 9.0, 13.0, 12.0, 24.0, 13.0, 16.0, 17.0, 14.0, 5.0, 16.0, 11.0, 19.0, 21.0, 18.0, 17.0, 10.0, 5.0, 17.0, 21.0, 8.0, 11.0, 7.0, 18.0, 14.0, 19.0, 3.0, 14.0, 20.0, 14.0, 17.0, 18.0, 14.0, 9.0, 23.0, 21.0, 21.0, 17.0, 17.0, 12.0, 9.0, 15.0, 22.0, 16.0, 10.0, 14.0, 18.0, 16.0, 24.0, 5.0, 10.0, 5.0, 20.0, 9.0, 15.0, 15.0, 9.0, 12.0, 5.0, 23.0, 14.0, 22.0, 23.0, 18.0, 19.0, 16.0, 10.0, 13.0, 16.0, 17.0], [0.0, 0.0, 19.0, 0.0, 19.0, 0.0, 0.0, 0.0, 0.0, 19.0, 21.0, 15.0, 18.0, 22.0, 14.0, 6.0, 7.0, 7.0, 14.0, 10.0, 10.0, 16.0, 21.0, 8.0, 9.0, 4.0, 8.0, 14.0, 11.0, 20.0, 20.0, 16.0, 16.0, 14.0, 20.0, 17.0, 19.0, 23.0, 16.0, 15.0, 22.0, 12.0, 9.0, 15.0, 18.0, 6.0, 23.0, 3.0, 5.0, 15.0, 14.0, 14.0, 23.0, 15.0, 5.0, 12.0, 16.0, 15.0, 17.0, 12.0, 17.0, 9.0, 18.0, 23.0, 20.0, 20.0, 17.0, 21.0, 20.0, 6.0, 19.0, 13.0, 21.0, 19.0, 17.0, 13.0, 12.0, 6.0, 4.0, 18.0, 11.0, 8.0, 16.0, 22.0, 11.0, 10.0, 24.0, 18.0, 18.0, 17.0, 19.0, 15.0, 17.0, 15.0, 4.0, 15.0, 13.0, 17.0, 16.0, 16.0, 20.0, 20.0, 18.0, 16.0, 23.0, 14.0, 13.0, 10.0, 5.0, 11.0], [19.0, 19.0, 0.0, 19.0, 0.0, 19.0, 19.0, 19.0, 19.0, 0.0, 18.0, 18.0, 14.0, 15.0, 7.0, 18.0, 12.0, 16.0, 14.0, 17.0, 9.0, 22.0, 20.0, 12.0, 19.0, 17.0, 12.0, 8.0, 17.0, 18.0, 15.0, 4.0, 12.0, 8.0, 13.0, 20.0, 25.0, 16.0, 17.0, 20.0, 16.0, 9.0, 13.0, 12.0, 24.0, 13.0, 16.0, 17.0, 14.0, 5.0, 16.0, 11.0, 19.0, 21.0, 18.0, 17.0, 10.0, 5.0, 17.0, 21.0, 8.0, 11.0, 7.0, 18.0, 14.0, 19.0, 3.0, 14.0, 20.0, 14.0, 17.0, 18.0, 14.0, 9.0, 23.0, 21.0, 21.0, 17.0, 17.0, 12.0, 9.0, 15.0, 22.0, 16.0, 10.0, 14.0, 18.0, 16.0, 24.0, 5.0, 10.0, 5.0, 20.0, 9.0, 15.0, 15.0, 9.0, 12.0, 5.0, 23.0, 14.0, 22.0, 23.0, 18.0, 19.0, 16.0, 10.0, 13.0, 16.0, 17.0], [0.0, 0.0, 19.0, 0.0, 19.0, 0.0, 0.0, 0.0, 0.0, 19.0, 21.0, 15.0, 18.0, 22.0, 14.0, 6.0, 7.0, 7.0, 14.0, 10.0, 10.0, 16.0, 21.0, 8.0, 9.0, 4.0, 8.0, 14.0, 11.0, 20.0, 20.0, 16.0, 16.0, 14.0, 20.0, 17.0, 19.0, 23.0, 16.0, 15.0, 22.0, 12.0, 9.0, 15.0, 18.0, 6.0, 23.0, 3.0, 5.0, 15.0, 14.0, 14.0, 23.0, 15.0, 5.0, 12.0, 16.0, 15.0, 17.0, 12.0, 17.0, 9.0, 18.0, 23.0, 20.0, 20.0, 17.0, 21.0, 20.0, 6.0, 19.0, 13.0, 21.0, 19.0, 17.0, 13.0, 12.0, 6.0, 4.0, 18.0, 11.0, 8.0, 16.0, 22.0, 11.0, 10.0, 24.0, 18.0, 18.0, 17.0, 19.0, 15.0, 17.0, 15.0, 4.0, 15.0, 13.0, 17.0, 16.0, 16.0, 20.0, 20.0, 18.0, 16.0, 23.0, 14.0, 13.0, 10.0, 5.0, 11.0], [0.0, 0.0, 19.0, 0.0, 19.0, 0.0, 0.0, 0.0, 0.0, 19.0, 21.0, 15.0, 18.0, 22.0, 14.0, 6.0, 7.0, 7.0, 14.0, 10.0, 10.0, 16.0, 21.0, 8.0, 9.0, 4.0, 8.0, 14.0, 11.0, 20.0, 20.0, 16.0, 16.0, 14.0, 20.0, 17.0, 19.0, 23.0, 16.0, 15.0, 22.0, 12.0, 9.0, 15.0, 18.0, 6.0, 23.0, 3.0, 5.0, 15.0, 14.0, 14.0, 23.0, 15.0, 5.0, 12.0, 16.0, 15.0, 17.0, 12.0, 17.0, 9.0, 18.0, 23.0, 20.0, 20.0, 17.0, 21.0, 20.0, 6.0, 19.0, 13.0, 21.0, 19.0, 17.0, 13.0, 12.0, 6.0, 4.0, 18.0, 11.0, 8.0, 16.0, 22.0, 11.0, 10.0, 24.0, 18.0, 18.0, 17.0, 19.0, 15.0, 17.0, 15.0, 4.0, 15.0, 13.0, 17.0, 16.0, 16.0, 20.0, 20.0, 18.0, 16.0, 23.0, 14.0, 13.0, 10.0, 5.0, 11.0], [0.0, 0.0, 19.0, 0.0, 19.0, 0.0, 0.0, 0.0, 0.0, 19.0, 21.0, 15.0, 18.0, 22.0, 14.0, 6.0, 7.0, 7.0, 14.0, 10.0, 10.0, 16.0, 21.0, 8.0, 9.0, 4.0, 8.0, 14.0, 11.0, 20.0, 20.0, 16.0, 16.0, 14.0, 20.0, 17.0, 19.0, 23.0, 16.0, 15.0, 22.0, 12.0, 9.0, 15.0, 18.0, 6.0, 23.0, 3.0, 5.0, 15.0, 14.0, 14.0, 23.0, 15.0, 5.0, 12.0, 16.0, 15.0, 17.0, 12.0, 17.0, 9.0, 18.0, 23.0, 20.0, 20.0, 17.0, 21.0, 20.0, 6.0, 19.0, 13.0, 21.0, 19.0, 17.0, 13.0, 12.0, 6.0, 4.0, 18.0, 11.0, 8.0, 16.0, 22.0, 11.0, 10.0, 24.0, 18.0, 18.0, 17.0, 19.0, 15.0, 17.0, 15.0, 4.0, 15.0, 13.0, 17.0, 16.0, 16.0, 20.0, 20.0, 18.0, 16.0, 23.0, 14.0, 13.0, 10.0, 5.0, 11.0], [0.0, 0.0, 19.0, 0.0, 19.0, 0.0, 0.0, 0.0, 0.0, 19.0, 21.0, 15.0, 18.0, 22.0, 14.0, 6.0, 7.0, 7.0, 14.0, 10.0, 10.0, 16.0, 21.0, 8.0, 9.0, 4.0, 8.0, 14.0, 11.0, 20.0, 20.0, 16.0, 16.0, 14.0, 20.0, 17.0, 19.0, 23.0, 16.0, 15.0, 22.0, 12.0, 9.0, 15.0, 18.0, 6.0, 23.0, 3.0, 5.0, 15.0, 14.0, 14.0, 23.0, 15.0, 5.0, 12.0, 16.0, 15.0, 17.0, 12.0, 17.0, 9.0, 18.0, 23.0, 20.0, 20.0, 17.0, 21.0, 20.0, 6.0, 19.0, 13.0, 21.0, 19.0, 17.0, 13.0, 12.0, 6.0, 4.0, 18.0, 11.0, 8.0, 16.0, 22.0, 11.0, 10.0, 24.0, 18.0, 18.0, 17.0, 19.0, 15.0, 17.0, 15.0, 4.0, 15.0, 13.0, 17.0, 16.0, 16.0, 20.0, 20.0, 18.0, 16.0, 23.0, 14.0, 13.0, 10.0, 5.0, 11.0], [19.0, 19.0, 0.0, 19.0, 0.0, 19.0, 19.0, 19.0, 19.0, 0.0, 18.0, 18.0, 14.0, 15.0, 7.0, 18.0, 12.0, 16.0, 14.0, 17.0, 9.0, 22.0, 20.0, 12.0, 19.0, 17.0, 12.0, 8.0, 17.0, 18.0, 15.0, 4.0, 12.0, 8.0, 13.0, 20.0, 25.0, 16.0, 17.0, 20.0, 16.0, 9.0, 13.0, 12.0, 24.0, 13.0, 16.0, 17.0, 14.0, 5.0, 16.0, 11.0, 19.0, 21.0, 18.0, 17.0, 10.0, 5.0, 17.0, 21.0, 8.0, 11.0, 7.0, 18.0, 14.0, 19.0, 3.0, 14.0, 20.0, 14.0, 17.0, 18.0, 14.0, 9.0, 23.0, 21.0, 21.0, 17.0, 17.0, 12.0, 9.0, 15.0, 22.0, 16.0, 10.0, 14.0, 18.0, 16.0, 24.0, 5.0, 10.0, 5.0, 20.0, 9.0, 15.0, 15.0, 9.0, 12.0, 5.0, 23.0, 14.0, 22.0, 23.0, 18.0, 19.0, 16.0, 10.0, 13.0, 16.0, 17.0], [21.0, 21.0, 18.0, 21.0, 18.0, 21.0, 21.0, 21.0, 21.0, 18.0, 0.0, 6.0, 5.0, 6.0, 13.0, 15.0, 17.0, 14.0, 7.0, 11.0, 14.0, 9.0, 2.0, 14.0, 12.0, 17.0, 15.0, 12.0, 10.0, 1.0, 3.0, 15.0, 7.0, 11.0, 6.0, 6.0, 10.0, 5.0, 4.0, 8.0, 4.0, 13.0, 12.0, 8.0, 10.0, 17.0, 4.0, 18.0, 17.0, 14.0, 7.0, 9.0, 3.0, 9.0, 16.0, 9.0, 9.0, 14.0, 3.0, 11.0, 10.0, 14.0, 11.0, 3.0, 5.0, 1.0, 16.0, 5.0, 3.0, 15.0, 2.0, 9.0, 5.0, 9.0, 9.0, 11.0, 11.0, 15.0, 17.0, 6.0, 14.0, 13.0, 9.0, 3.0, 12.0, 11.0, 4.0, 3.0, 10.0, 14.0, 9.0, 14.0, 6.0, 10.0, 18.0, 6.0, 11.0, 6.0, 13.0, 9.0, 4.0, 5.0, 8.0, 5.0, 3.0, 7.0, 11.0, 11.0, 15.0, 10.0], [15.0, 15.0, 18.0, 15.0, 18.0, 15.0, 15.0, 15.0, 15.0, 18.0, 6.0, 0.0, 6.0, 10.0, 11.0, 9.0, 12.0, 8.0, 4.0, 5.0, 11.0, 5.0, 6.0, 10.0, 6.0, 11.0, 10.0, 10.0, 3.0, 6.0, 7.0, 14.0, 7.0, 10.0, 9.0, 3.0, 8.0, 10.0, 3.0, 3.0, 9.0, 10.0, 8.0, 6.0, 6.0, 12.0, 10.0, 12.0, 12.0, 13.0, 2.0, 7.0, 9.0, 4.0, 10.0, 3.0, 9.0, 13.0, 3.0, 5.0, 10.0, 10.0, 12.0, 9.0, 8.0, 6.0, 15.0, 10.0, 5.0, 10.0, 6.0, 2.0, 9.0, 11.0, 5.0, 4.0, 5.0, 9.0, 11.0, 8.0, 11.0, 8.0, 4.0, 8.0, 9.0, 6.0, 11.0, 4.0, 6.0, 14.0, 11.0, 13.0, 2.0, 9.0, 12.0, 3.0, 9.0, 7.0, 13.0, 5.0, 8.0, 5.0, 5.0, 2.0, 9.0, 2.0, 8.0, 6.0, 10.0, 4.0], [18.0, 18.0, 14.0, 18.0, 14.0, 18.0, 18.0, 18.0, 18.0, 14.0, 5.0, 6.0, 0.0, 5.0, 8.0, 13.0, 13.0, 11.0, 4.0, 9.0, 10.0, 10.0, 6.0, 10.0, 11.0, 14.0, 11.0, 7.0, 8.0, 4.0, 2.0, 10.0, 2.0, 7.0, 3.0, 8.0, 13.0, 5.0, 4.0, 9.0, 4.0, 8.0, 9.0, 4.0, 12.0, 13.0, 5.0, 15.0, 13.0, 9.0, 5.0, 4.0, 7.0, 10.0, 13.0, 7.0, 4.0, 10.0, 4.0, 11.0, 5.0, 10.0, 6.0, 6.0, 3.0, 6.0, 11.0, 4.0, 6.0, 12.0, 3.0, 8.0, 3.0, 5.0, 10.0, 10.0, 11.0, 12.0, 14.0, 2.0, 9.0, 10.0, 10.0, 4.0, 8.0, 8.0, 6.0, 3.0, 12.0, 9.0, 5.0, 10.0, 7.0, 5.0, 14.0, 3.0, 7.0, 1.0, 9.0, 11.0, 2.0, 9.0, 10.0, 5.0, 7.0, 5.0, 7.0, 7.0, 12.0, 8.0], [22.0, 22.0, 15.0, 22.0, 15.0, 22.0, 22.0, 22.0, 22.0, 15.0, 6.0, 10.0, 5.0, 0.0, 12.0, 18.0, 17.0, 16.0, 9.0, 14.0, 14.0, 14.0, 7.0, 15.0, 16.0, 19.0, 15.0, 10.0, 13.0, 6.0, 3.0, 12.0, 6.0, 10.0, 3.0, 11.0, 16.0, 1.0, 8.0, 13.0, 2.0, 12.0, 13.0, 8.0, 15.0, 17.0, 2.0, 19.0, 18.0, 12.0, 10.0, 8.0, 5.0, 14.0, 18.0, 12.0, 8.0, 12.0, 7.0, 15.0, 7.0, 14.0, 8.0, 4.0, 2.0, 7.0, 13.0, 1.0, 8.0, 16.0, 5.0, 12.0, 2.0, 5.0, 14.0, 15.0, 15.0, 17.0, 19.0, 4.0, 13.0, 15.0, 14.0, 3.0, 12.0, 13.0, 3.0, 6.0, 15.0, 11.0, 5.0, 12.0, 11.0, 9.0, 19.0, 8.0, 10.0, 6.0, 11.0, 14.0, 3.0, 11.0, 13.0, 9.0, 5.0, 10.0, 11.0, 12.0, 17.0, 13.0], [14.0, 14.0, 7.0, 14.0, 7.0, 14.0, 14.0, 14.0, 14.0, 7.0, 13.0, 11.0, 8.0, 12.0, 0.0, 11.0, 7.0, 9.0, 7.0, 10.0, 3.0, 15.0, 14.0, 5.0, 12.0, 11.0, 6.0, 1.0, 10.0, 13.0, 11.0, 3.0, 6.0, 2.0, 9.0, 14.0, 19.0, 12.0, 10.0, 14.0, 12.0, 2.0, 6.0, 5.0, 18.0, 8.0, 12.0, 11.0, 8.0, 2.0, 9.0, 4.0, 15.0, 15.0, 11.0, 9.0, 4.0, 2.0, 11.0, 14.0, 4.0, 4.0, 5.0, 14.0, 10.0, 14.0, 4.0, 11.0, 14.0, 8.0, 11.0, 11.0, 10.0, 7.0, 16.0, 14.0, 14.0, 10.0, 11.0, 7.0, 2.0, 8.0, 15.0, 12.0, 3.0, 7.0, 14.0, 11.0, 18.0, 4.0, 7.0, 2.0, 13.0, 3.0, 9.0, 8.0, 2.0, 7.0, 3.0, 16.0, 10.0, 16.0, 16.0, 11.0, 15.0, 9.0, 3.0, 6.0, 9.0, 10.0], [6.0, 6.0, 18.0, 6.0, 18.0, 6.0, 6.0, 6.0, 6.0, 18.0, 15.0, 9.0, 13.0, 18.0, 11.0, 0.0, 7.0, 2.0, 9.0, 4.0, 8.0, 10.0, 15.0, 6.0, 4.0, 3.0, 6.0, 11.0, 5.0, 14.0, 15.0, 14.0, 12.0, 11.0, 15.0, 11.0, 13.0, 18.0, 11.0, 9.0, 16.0, 9.0, 5.0, 10.0, 12.0, 6.0, 17.0, 4.0, 5.0, 13.0, 8.0, 10.0, 18.0, 9.0, 1.0, 6.0, 12.0, 13.0, 12.0, 7.0, 13.0, 7.0, 15.0, 17.0, 15.0, 15.0, 15.0, 16.0, 14.0, 4.0, 14.0, 7.0, 16.0, 15.0, 11.0, 7.0, 7.0, 1.0, 2.0, 14.0, 9.0, 3.0, 10.0, 16.0, 8.0, 5.0, 19.0, 12.0, 12.0, 15.0, 15.0, 13.0, 11.0, 11.0, 5.0, 9.0, 10.0, 12.0, 14.0, 10.0, 15.0, 14.0, 12.0, 10.0, 18.0, 8.0, 9.0, 6.0, 2.0, 5.0], [7.0, 7.0, 12.0, 7.0, 12.0, 7.0, 7.0, 7.0, 7.0, 12.0, 17.0, 12.0, 13.0, 17.0, 7.0, 7.0, 0.0, 5.0, 10.0, 9.0, 4.0, 15.0, 18.0, 3.0, 10.0, 5.0, 2.0, 8.0, 10.0, 16.0, 15.0, 9.0, 11.0, 8.0, 14.0, 16.0, 19.0, 18.0, 13.0, 14.0, 17.0, 5.0, 5.0, 10.0, 18.0, 1.0, 18.0, 4.0, 2.0, 8.0, 11.0, 9.0, 20.0, 14.0, 6.0, 9.0, 10.0, 8.0, 14.0, 12.0, 11.0, 3.0, 12.0, 19.0, 15.0, 17.0, 10.0, 16.0, 17.0, 3.0, 15.0, 11.0, 16.0, 13.0, 16.0, 13.0, 13.0, 6.0, 5.0, 13.0, 5.0, 5.0, 15.0, 17.0, 5.0, 7.0, 20.0, 14.0, 18.0, 11.0, 13.0, 8.0, 15.0, 9.0, 3.0, 11.0, 7.0, 12.0, 9.0, 16.0, 15.0, 18.0, 17.0, 13.0, 19.0, 11.0, 7.0, 6.0, 5.0, 9.0], [7.0, 7.0, 16.0, 7.0, 16.0, 7.0, 7.0, 7.0, 7.0, 16.0, 14.0, 8.0, 11.0, 16.0, 9.0, 2.0, 5.0, 0.0, 7.0, 3.0, 6.0, 10.0, 14.0, 4.0, 4.0, 3.0, 4.0, 9.0, 5.0, 13.0, 13.0, 12.0, 10.0, 9.0, 13.0, 11.0, 14.0, 16.0, 10.0, 9.0, 15.0, 7.0, 3.0, 8.0, 13.0, 4.0, 16.0, 4.0, 4.0, 11.0, 7.0, 8.0, 17.0, 9.0, 2.0, 5.0, 10.0, 10.0, 10.0, 7.0, 11.0, 5.0, 12.0, 16.0, 14.0, 14.0, 13.0, 15.0, 13.0, 3.0, 12.0, 6.0, 14.0, 13.0, 11.0, 7.0, 7.0, 2.0, 3.0, 12.0, 7.0, 1.0, 10.0, 15.0, 6.0, 3.0, 17.0, 11.0, 13.0, 13.0, 13.0, 11.0, 10.0, 9.0, 4.0, 8.0, 8.0, 10.0, 11.0, 11.0, 13.0, 13.0, 12.0, 9.0, 16.0, 7.0, 7.0, 4.0, 2.0, 4.0], [14.0, 14.0, 14.0, 14.0, 14.0, 14.0, 14.0, 14.0, 14.0, 14.0, 7.0, 4.0, 4.0, 9.0, 7.0, 9.0, 10.0, 7.0, 0.0, 5.0, 7.0, 9.0, 8.0, 7.0, 7.0, 10.0, 8.0, 6.0, 4.0, 7.0, 6.0, 10.0, 3.0, 6.0, 6.0, 7.0, 12.0, 9.0, 4.0, 7.0, 8.0, 6.0, 5.0, 2.0, 11.0, 9.0, 9.0, 11.0, 10.0, 9.0, 2.0, 3.0, 10.0, 8.0, 9.0, 4.0, 4.0, 9.0, 4.0, 8.0, 6.0, 7.0, 8.0, 9.0, 7.0, 8.0, 11.0, 8.0, 8.0, 8.0, 6.0, 5.0, 7.0, 7.0, 9.0, 8.0, 8.0, 8.0, 10.0, 5.0, 7.0, 6.0, 9.0, 8.0, 5.0, 4.0, 10.0, 5.0, 11.0, 9.0, 7.0, 9.0, 6.0, 5.0, 10.0, 2.0, 5.0, 4.0, 8.0, 9.0, 6.0, 9.0, 9.0, 4.0, 10.0, 2.0, 4.0, 4.0, 8.0, 4.0], [10.0, 10.0, 17.0, 10.0, 17.0, 10.0, 10.0, 10.0, 10.0, 17.0, 11.0, 5.0, 9.0, 14.0, 10.0, 4.0, 9.0, 3.0, 5.0, 0.0, 8.0, 7.0, 11.0, 6.0, 2.0, 6.0, 7.0, 9.0, 1.0, 10.0, 11.0, 13.0, 8.0, 9.0, 11.0, 8.0, 10.0, 14.0, 7.0, 5.0, 13.0, 8.0, 4.0, 7.0, 9.0, 7.0, 14.0, 7.0, 8.0, 12.0, 4.0, 7.0, 14.0, 6.0, 5.0, 2.0, 9.0, 12.0, 8.0, 4.0, 11.0, 7.0, 12.0, 13.0, 12.0, 11.0, 14.0, 13.0, 10.0, 6.0, 10.0, 3.0, 12.0, 12.0, 8.0, 4.0, 4.0, 4.0, 6.0, 10.0, 9.0, 4.0, 7.0, 12.0, 7.0, 3.0, 15.0, 8.0, 9.0, 13.0, 12.0, 12.0, 7.0, 9.0, 8.0, 6.0, 8.0, 9.0, 12.0, 7.0, 11.0, 10.0, 9.0, 6.0, 14.0, 4.0, 7.0, 4.0, 5.0, 1.0], [10.0, 10.0, 9.0, 10.0, 9.0, 10.0, 10.0, 10.0, 10.0, 9.0, 14.0, 11.0, 10.0, 14.0, 3.0, 8.0, 4.0, 6.0, 7.0, 8.0, 0.0, 15.0, 15.0, 2.0, 10.0, 8.0, 3.0, 4.0, 9.0, 14.0, 12.0, 6.0, 8.0, 4.0, 11.0, 14.0, 18.0, 14.0, 11.0, 13.0, 14.0, 2.0, 4.0, 6.0, 17.0, 4.0, 15.0, 8.0, 5.0, 5.0, 9.0, 6.0, 17.0, 14.0, 8.0, 8.0, 6.0, 4.0, 12.0, 12.0, 7.0, 1.0, 8.0, 16.0, 12.0, 15.0, 7.0, 13.0, 15.0, 5.0, 13.0, 10.0, 12.0, 9.0, 15.0, 12.0, 12.0, 8.0, 8.0, 9.0, 1.0, 5.0, 14.0, 14.0, 2.0, 5.0, 16.0, 12.0, 17.0, 7.0, 9.0, 5.0, 13.0, 5.0, 6.0, 9.0, 4.0, 9.0, 6.0, 15.0, 12.0, 16.0, 16.0, 11.0, 16.0, 9.0, 3.0, 5.0, 7.0, 9.0], [16.0, 16.0, 22.0, 16.0, 22.0, 16.0, 16.0, 16.0, 16.0, 22.0, 9.0, 5.0, 10.0, 14.0, 15.0, 10.0, 15.0, 10.0, 9.0, 7.0, 15.0, 0.0, 8.0, 13.0, 6.0, 13.0, 13.0, 14.0, 6.0, 8.0, 11.0, 18.0, 11.0, 14.0, 13.0, 4.0, 4.0, 14.0, 7.0, 2.0, 12.0, 14.0, 11.0, 11.0, 2.0, 14.0, 13.0, 14.0, 14.0, 17.0, 7.0, 12.0, 12.0, 1.0, 11.0, 6.0, 13.0, 17.0, 7.0, 3.0, 15.0, 14.0, 16.0, 12.0, 13.0, 8.0, 20.0, 14.0, 7.0, 13.0, 9.0, 4.0, 13.0, 15.0, 1.0, 3.0, 3.0, 10.0, 12.0, 13.0, 15.0, 10.0, 0.0, 12.0, 13.0, 9.0, 14.0, 8.0, 2.0, 18.0, 15.0, 18.0, 4.0, 14.0, 14.0, 8.0, 13.0, 11.0, 17.0, 0.0, 12.0, 5.0, 3.0, 5.0, 12.0, 7.0, 13.0, 10.0, 11.0, 6.0], [21.0, 21.0, 20.0, 21.0, 20.0, 21.0, 21.0, 21.0, 21.0, 20.0, 2.0, 6.0, 6.0, 7.0, 14.0, 15.0, 18.0, 14.0, 8.0, 11.0, 15.0, 8.0, 0.0, 15.0, 12.0, 17.0, 16.0, 13.0, 10.0, 2.0, 5.0, 16.0, 8.0, 13.0, 8.0, 5.0, 9.0, 6.0, 5.0, 7.0, 5.0, 14.0, 13.0, 9.0, 8.0, 17.0, 6.0, 18.0, 18.0, 15.0, 7.0, 10.0, 3.0, 8.0, 16.0, 9.0, 11.0, 16.0, 4.0, 10.0, 11.0, 15.0, 12.0, 4.0, 6.0, 1.0, 18.0, 7.0, 2.0, 16.0, 3.0, 9.0, 7.0, 11.0, 8.0, 10.0, 10.0, 15.0, 17.0, 8.0, 15.0, 14.0, 8.0, 4.0, 13.0, 11.0, 6.0, 4.0, 8.0, 15.0, 11.0, 16.0, 5.0, 11.0, 18.0, 7.0, 12.0, 7.0, 15.0, 8.0, 6.0, 4.0, 7.0, 5.0, 3.0, 7.0, 12.0, 12.0, 16.0, 10.0], [8.0, 8.0, 12.0, 8.0, 12.0, 8.0, 8.0, 8.0, 8.0, 12.0, 14.0, 10.0, 10.0, 15.0, 5.0, 6.0, 3.0, 4.0, 7.0, 6.0, 2.0, 13.0, 15.0, 0.0, 8.0, 6.0, 1.0, 6.0, 7.0, 13.0, 12.0, 8.0, 8.0, 6.0, 12.0, 13.0, 17.0, 15.0, 10.0, 11.0, 14.0, 3.0, 2.0, 7.0, 15.0, 3.0, 15.0, 6.0, 3.0, 7.0, 8.0, 6.0, 17.0, 12.0, 6.0, 7.0, 7.0, 7.0, 11.0, 10.0, 9.0, 1.0, 10.0, 16.0, 13.0, 14.0, 9.0, 14.0, 14.0, 2.0, 13.0, 9.0, 13.0, 11.0, 14.0, 11.0, 10.0, 5.0, 6.0, 10.0, 3.0, 3.0, 13.0, 14.0, 3.0, 4.0, 17.0, 11.0, 15.0, 9.0, 11.0, 7.0, 12.0, 7.0, 4.0, 8.0, 5.0, 9.0, 8.0, 13.0, 12.0, 15.0, 15.0, 11.0, 16.0, 8.0, 4.0, 3.0, 4.0, 7.0], [9.0, 9.0, 19.0, 9.0, 19.0, 9.0, 9.0, 9.0, 9.0, 19.0, 12.0, 6.0, 11.0, 16.0, 12.0, 4.0, 10.0, 4.0, 7.0, 2.0, 10.0, 6.0, 12.0, 8.0, 0.0, 6.0, 8.0, 11.0, 3.0, 11.0, 12.0, 15.0, 10.0, 12.0, 13.0, 8.0, 10.0, 16.0, 8.0, 6.0, 14.0, 10.0, 6.0, 9.0, 9.0, 8.0, 15.0, 7.0, 8.0, 14.0, 6.0, 9.0, 15.0, 6.0, 4.0, 4.0, 11.0, 14.0, 9.0, 3.0, 13.0, 9.0, 14.0, 15.0, 13.0, 12.0, 16.0, 15.0, 11.0, 7.0, 11.0, 4.0, 14.0, 14.0, 7.0, 3.0, 3.0, 4.0, 6.0, 12.0, 10.0, 5.0, 6.0, 14.0, 9.0, 5.0, 16.0, 10.0, 9.0, 15.0, 14.0, 14.0, 7.0, 11.0, 8.0, 7.0, 10.0, 11.0, 14.0, 7.0, 13.0, 10.0, 9.0, 7.0, 15.0, 6.0, 9.0, 6.0, 5.0, 3.0], [4.0, 4.0, 17.0, 4.0, 17.0, 4.0, 4.0, 4.0, 4.0, 17.0, 17.0, 11.0, 14.0, 19.0, 11.0, 3.0, 5.0, 3.0, 10.0, 6.0, 8.0, 13.0, 17.0, 6.0, 6.0, 0.0, 5.0, 11.0, 8.0, 16.0, 16.0, 13.0, 13.0, 11.0, 16.0, 14.0, 16.0, 19.0, 13.0, 12.0, 18.0, 9.0, 6.0, 11.0, 15.0, 4.0, 19.0, 1.0, 3.0, 12.0, 10.0, 11.0, 20.0, 12.0, 2.0, 8.0, 12.0, 12.0, 14.0, 9.0, 14.0, 7.0, 15.0, 19.0, 17.0, 17.0, 14.0, 18.0, 16.0, 3.0, 16.0, 9.0, 17.0, 16.0, 14.0, 10.0, 9.0, 2.0, 0.0, 15.0, 9.0, 4.0, 12.0, 18.0, 8.0, 6.0, 20.0, 14.0, 15.0, 15.0, 16.0, 13.0, 13.0, 12.0, 2.0, 11.0, 10.0, 13.0, 13.0, 13.0, 16.0, 16.0, 15.0, 12.0, 20.0, 10.0, 10.0, 7.0, 2.0, 7.0], [8.0, 8.0, 12.0, 8.0, 12.0, 8.0, 8.0, 8.0, 8.0, 12.0, 15.0, 10.0, 11.0, 15.0, 6.0, 6.0, 2.0, 4.0, 8.0, 7.0, 3.0, 13.0, 16.0, 1.0, 8.0, 5.0, 0.0, 6.0, 8.0, 14.0, 13.0, 8.0, 9.0, 7.0, 12.0, 13.0, 17.0, 16.0, 11.0, 12.0, 15.0, 4.0, 3.0, 7.0, 16.0, 2.0, 16.0, 5.0, 2.0, 7.0, 8.0, 7.0, 17.0, 13.0, 6.0, 8.0, 8.0, 7.0, 12.0, 11.0, 9.0, 2.0, 10.0, 17.0, 13.0, 15.0, 9.0, 14.0, 15.0, 2.0, 13.0, 9.0, 14.0, 12.0, 14.0, 11.0, 11.0, 5.0, 5.0, 11.0, 4.0, 3.0, 13.0, 15.0, 4.0, 5.0, 17.0, 12.0, 16.0, 10.0, 12.0, 8.0, 13.0, 7.0, 4.0, 9.0, 5.0, 10.0, 8.0, 14.0, 13.0, 16.0, 15.0, 11.0, 17.0, 9.0, 5.0, 4.0, 4.0, 7.0], [14.0, 14.0, 8.0, 14.0, 8.0, 14.0, 14.0, 14.0, 14.0, 8.0, 12.0, 10.0, 7.0, 10.0, 1.0, 11.0, 8.0, 9.0, 6.0, 9.0, 4.0, 14.0, 13.0, 6.0, 11.0, 11.0, 6.0, 0.0, 9.0, 11.0, 9.0, 4.0, 5.0, 0.0, 7.0, 13.0, 18.0, 11.0, 9.0, 13.0, 10.0, 3.0, 6.0, 4.0, 17.0, 8.0, 11.0, 11.0, 9.0, 3.0, 8.0, 3.0, 14.0, 14.0, 11.0, 9.0, 3.0, 3.0, 10.0, 13.0, 3.0, 5.0, 4.0, 13.0, 8.0, 12.0, 5.0, 9.0, 13.0, 8.0, 10.0, 10.0, 9.0, 5.0, 15.0, 13.0, 13.0, 10.0, 11.0, 6.0, 3.0, 8.0, 14.0, 11.0, 3.0, 7.0, 13.0, 9.0, 17.0, 4.0, 5.0, 3.0, 12.0, 2.0, 10.0, 7.0, 1.0, 6.0, 3.0, 15.0, 8.0, 15.0, 15.0, 10.0, 13.0, 8.0, 2.0, 6.0, 10.0, 9.0], [11.0, 11.0, 17.0, 11.0, 17.0, 11.0, 11.0, 11.0, 11.0, 17.0, 10.0, 3.0, 8.0, 13.0, 10.0, 5.0, 10.0, 5.0, 4.0, 1.0, 9.0, 6.0, 10.0, 7.0, 3.0, 8.0, 8.0, 9.0, 0.0, 9.0, 10.0, 13.0, 8.0, 9.0, 10.0, 6.0, 9.0, 13.0, 5.0, 4.0, 11.0, 8.0, 5.0, 7.0, 8.0, 9.0, 13.0, 9.0, 9.0, 12.0, 3.0, 7.0, 12.0, 5.0, 6.0, 1.0, 9.0, 12.0, 6.0, 4.0, 11.0, 8.0, 12.0, 12.0, 11.0, 9.0, 14.0, 12.0, 9.0, 7.0, 8.0, 2.0, 11.0, 12.0, 7.0, 4.0, 4.0, 6.0, 7.0, 9.0, 9.0, 5.0, 6.0, 11.0, 7.0, 3.0, 13.0, 7.0, 8.0, 13.0, 12.0, 12.0, 5.0, 9.0, 9.0, 5.0, 8.0, 8.0, 12.0, 6.0, 10.0, 9.0, 7.0, 5.0, 12.0, 3.0, 7.0, 4.0, 6.0, 0.0], [20.0, 20.0, 18.0, 20.0, 18.0, 20.0, 20.0, 20.0, 20.0, 18.0, 1.0, 6.0, 4.0, 6.0, 13.0, 14.0, 16.0, 13.0, 7.0, 10.0, 14.0, 8.0, 2.0, 13.0, 11.0, 16.0, 14.0, 11.0, 9.0, 0.0, 3.0, 14.0, 6.0, 11.0, 6.0, 5.0, 10.0, 5.0, 3.0, 7.0, 4.0, 12.0, 12.0, 7.0, 9.0, 16.0, 5.0, 17.0, 16.0, 14.0, 6.0, 8.0, 4.0, 8.0, 15.0, 8.0, 9.0, 14.0, 3.0, 10.0, 10.0, 13.0, 11.0, 4.0, 5.0, 1.0, 16.0, 6.0, 2.0, 14.0, 1.0, 8.0, 6.0, 9.0, 8.0, 10.0, 10.0, 14.0, 16.0, 6.0, 13.0, 12.0, 8.0, 3.0, 12.0, 10.0, 5.0, 2.0, 9.0, 13.0, 9.0, 14.0, 5.0, 10.0, 17.0, 5.0, 11.0, 6.0, 13.0, 9.0, 4.0, 5.0, 7.0, 4.0, 4.0, 6.0, 10.0, 10.0, 15.0, 9.0], [20.0, 20.0, 15.0, 20.0, 15.0, 20.0, 20.0, 20.0, 20.0, 15.0, 3.0, 7.0, 2.0, 3.0, 11.0, 15.0, 15.0, 13.0, 6.0, 11.0, 12.0, 11.0, 5.0, 12.0, 12.0, 16.0, 13.0, 9.0, 10.0, 3.0, 0.0, 12.0, 4.0, 9.0, 3.0, 8.0, 13.0, 3.0, 4.0, 9.0, 2.0, 11.0, 11.0, 6.0, 12.0, 15.0, 3.0, 17.0, 15.0, 11.0, 7.0, 7.0, 4.0, 10.0, 15.0, 9.0, 7.0, 12.0, 4.0, 12.0, 7.0, 12.0, 8.0, 4.0, 2.0, 4.0, 13.0, 3.0, 5.0, 14.0, 2.0, 9.0, 3.0, 6.0, 11.0, 11.0, 12.0, 14.0, 16.0, 3.0, 12.0, 12.0, 11.0, 2.0, 10.0, 10.0, 4.0, 3.0, 12.0, 11.0, 6.0, 12.0, 7.0, 7.0, 16.0, 5.0, 9.0, 3.0, 11.0, 11.0, 1.0, 8.0, 10.0, 6.0, 4.0, 6.0, 9.0, 10.0, 14.0, 10.0], [16.0, 16.0, 4.0, 16.0, 4.0, 16.0, 16.0, 16.0, 16.0, 4.0, 15.0, 14.0, 10.0, 12.0, 3.0, 14.0, 9.0, 12.0, 10.0, 13.0, 6.0, 18.0, 16.0, 8.0, 15.0, 13.0, 8.0, 4.0, 13.0, 14.0, 12.0, 0.0, 8.0, 4.0, 10.0, 16.0, 21.0, 13.0, 13.0, 16.0, 13.0, 5.0, 9.0, 8.0, 20.0, 10.0, 13.0, 13.0, 10.0, 1.0, 12.0, 7.0, 16.0, 17.0, 14.0, 12.0, 6.0, 1.0, 13.0, 16.0, 5.0, 7.0, 5.0, 15.0, 11.0, 16.0, 1.0, 11.0, 16.0, 10.0, 13.0, 14.0, 11.0, 7.0, 19.0, 17.0, 17.0, 13.0, 13.0, 9.0, 5.0, 10.0, 18.0, 13.0, 6.0, 10.0, 15.0, 13.0, 20.0, 2.0, 7.0, 1.0, 16.0, 5.0, 12.0, 11.0, 5.0, 9.0, 1.0, 19.0, 11.0, 18.0, 19.0, 14.0, 16.0, 12.0, 6.0, 9.0, 12.0, 13.0], [16.0, 16.0, 12.0, 16.0, 12.0, 16.0, 16.0, 16.0, 16.0, 12.0, 7.0, 7.0, 2.0, 6.0, 6.0, 12.0, 11.0, 10.0, 3.0, 8.0, 8.0, 11.0, 8.0, 8.0, 10.0, 13.0, 9.0, 5.0, 8.0, 6.0, 4.0, 8.0, 0.0, 5.0, 3.0, 9.0, 14.0, 7.0, 5.0, 9.0, 6.0, 6.0, 7.0, 2.0, 13.0, 11.0, 7.0, 13.0, 11.0, 7.0, 5.0, 2.0, 9.0, 10.0, 12.0, 7.0, 2.0, 7.0, 5.0, 11.0, 4.0, 8.0, 5.0, 8.0, 4.0, 8.0, 9.0, 5.0, 8.0, 10.0, 5.0, 8.0, 5.0, 4.0, 11.0, 11.0, 11.0, 11.0, 13.0, 2.0, 7.0, 9.0, 11.0, 6.0, 6.0, 6.0, 8.0, 5.0, 13.0, 7.0, 4.0, 8.0, 8.0, 3.0, 12.0, 4.0, 4.0, 1.0, 7.0, 12.0, 4.0, 10.0, 11.0, 6.0, 9.0, 5.0, 4.0, 6.0, 11.0, 8.0], [14.0, 14.0, 8.0, 14.0, 8.0, 14.0, 14.0, 14.0, 14.0, 8.0, 11.0, 10.0, 7.0, 10.0, 2.0, 11.0, 8.0, 9.0, 6.0, 9.0, 4.0, 14.0, 13.0, 6.0, 12.0, 11.0, 7.0, 0.0, 9.0, 11.0, 9.0, 4.0, 5.0, 0.0, 7.0, 13.0, 18.0, 10.0, 9.0, 13.0, 10.0, 3.0, 6.0, 4.0, 16.0, 9.0, 11.0, 12.0, 9.0, 3.0, 8.0, 3.0, 13.0, 14.0, 11.0, 9.0, 2.0, 3.0, 10.0, 13.0, 3.0, 5.0, 4.0, 12.0, 8.0, 12.0, 5.0, 9.0, 13.0, 8.0, 10.0, 10.0, 8.0, 5.0, 15.0, 13.0, 13.0, 11.0, 11.0, 6.0, 3.0, 8.0, 14.0, 10.0, 3.0, 7.0, 12.0, 9.0, 16.0, 4.0, 5.0, 3.0, 12.0, 1.0, 10.0, 7.0, 1.0, 5.0, 3.0, 15.0, 8.0, 14.0, 15.0, 10.0, 13.0, 8.0, 2.0, 6.0, 10.0, 9.0], [20.0, 20.0, 13.0, 20.0, 13.0, 20.0, 20.0, 20.0, 20.0, 13.0, 6.0, 9.0, 3.0, 3.0, 9.0, 15.0, 14.0, 13.0, 6.0, 11.0, 11.0, 13.0, 8.0, 12.0, 13.0, 16.0, 12.0, 7.0, 10.0, 6.0, 3.0, 10.0, 3.0, 7.0, 0.0, 10.0, 15.0, 4.0, 6.0, 11.0, 3.0, 9.0, 10.0, 5.0, 14.0, 14.0, 4.0, 17.0, 15.0, 9.0, 8.0, 5.0, 7.0, 12.0, 15.0, 10.0, 5.0, 9.0, 6.0, 13.0, 5.0, 11.0, 5.0, 6.0, 1.0, 7.0, 11.0, 2.0, 8.0, 13.0, 5.0, 10.0, 1.0, 3.0, 13.0, 13.0, 13.0, 15.0, 16.0, 1.0, 10.0, 12.0, 13.0, 4.0, 9.0, 10.0, 6.0, 5.0, 14.0, 8.0, 3.0, 9.0, 9.0, 6.0, 16.0, 6.0, 7.0, 3.0, 8.0, 13.0, 2.0, 11.0, 12.0, 8.0, 7.0, 7.0, 7.0, 9.0, 14.0, 11.0], [17.0, 17.0, 20.0, 17.0, 20.0, 17.0, 17.0, 17.0, 17.0, 20.0, 6.0, 3.0, 8.0, 11.0, 14.0, 11.0, 16.0, 11.0, 7.0, 8.0, 14.0, 4.0, 5.0, 13.0, 8.0, 14.0, 13.0, 13.0, 6.0, 5.0, 8.0, 16.0, 9.0, 13.0, 10.0, 0.0, 5.0, 10.0, 4.0, 3.0, 9.0, 13.0, 11.0, 9.0, 4.0, 15.0, 10.0, 15.0, 15.0, 15.0, 5.0, 10.0, 8.0, 3.0, 12.0, 6.0, 11.0, 16.0, 4.0, 6.0, 12.0, 13.0, 14.0, 8.0, 9.0, 4.0, 18.0, 10.0, 3.0, 13.0, 6.0, 5.0, 10.0, 12.0, 3.0, 5.0, 6.0, 12.0, 14.0, 10.0, 14.0, 11.0, 3.0, 8.0, 12.0, 9.0, 10.0, 5.0, 4.0, 16.0, 12.0, 16.0, 1.0, 12.0, 15.0, 6.0, 12.0, 8.0, 15.0, 4.0, 9.0, 2.0, 2.0, 3.0, 8.0, 5.0, 11.0, 9.0, 12.0, 7.0], [19.0, 19.0, 25.0, 19.0, 25.0, 19.0, 19.0, 19.0, 19.0, 25.0, 10.0, 8.0, 13.0, 16.0, 19.0, 13.0, 19.0, 14.0, 12.0, 10.0, 18.0, 4.0, 9.0, 17.0, 10.0, 16.0, 17.0, 18.0, 9.0, 10.0, 13.0, 21.0, 14.0, 18.0, 15.0, 5.0, 0.0, 15.0, 9.0, 5.0, 14.0, 17.0, 14.0, 14.0, 1.0, 18.0, 15.0, 17.0, 18.0, 20.0, 10.0, 15.0, 12.0, 4.0, 14.0, 10.0, 16.0, 20.0, 9.0, 7.0, 18.0, 17.0, 19.0, 13.0, 14.0, 9.0, 23.0, 15.0, 7.0, 16.0, 11.0, 8.0, 15.0, 18.0, 3.0, 6.0, 7.0, 14.0, 16.0, 15.0, 18.0, 14.0, 4.0, 13.0, 17.0, 13.0, 14.0, 10.0, 1.0, 21.0, 18.0, 21.0, 6.0, 17.0, 18.0, 11.0, 17.0, 14.0, 20.0, 3.0, 14.0, 5.0, 3.0, 8.0, 12.0, 10.0, 16.0, 13.0, 15.0, 10.0], [23.0, 23.0, 16.0, 23.0, 16.0, 23.0, 23.0, 23.0, 23.0, 16.0, 5.0, 10.0, 5.0, 1.0, 12.0, 18.0, 18.0, 16.0, 9.0, 14.0, 14.0, 14.0, 6.0, 15.0, 16.0, 19.0, 16.0, 11.0, 13.0, 5.0, 3.0, 13.0, 7.0, 10.0, 4.0, 10.0, 15.0, 0.0, 8.0, 12.0, 1.0, 13.0, 14.0, 8.0, 14.0, 18.0, 1.0, 20.0, 18.0, 13.0, 10.0, 9.0, 4.0, 13.0, 18.0, 12.0, 8.0, 13.0, 7.0, 15.0, 8.0, 15.0, 8.0, 3.0, 2.0, 6.0, 14.0, 2.0, 8.0, 17.0, 5.0, 12.0, 2.0, 6.0, 13.0, 15.0, 15.0, 17.0, 19.0, 5.0, 14.0, 15.0, 14.0, 2.0, 13.0, 13.0, 2.0, 6.0, 14.0, 11.0, 6.0, 13.0, 10.0, 9.0, 19.0, 8.0, 11.0, 6.0, 12.0, 14.0, 3.0, 10.0, 13.0, 9.0, 4.0, 9.0, 11.0, 13.0, 17.0, 13.0], [16.0, 16.0, 17.0, 16.0, 17.0, 16.0, 16.0, 16.0, 16.0, 17.0, 4.0, 3.0, 4.0, 8.0, 10.0, 11.0, 13.0, 10.0, 4.0, 7.0, 11.0, 7.0, 5.0, 10.0, 8.0, 13.0, 11.0, 9.0, 5.0, 3.0, 4.0, 13.0, 5.0, 9.0, 6.0, 4.0, 9.0, 8.0, 0.0, 5.0, 6.0, 10.0, 8.0, 5.0, 8.0, 13.0, 7.0, 14.0, 13.0, 12.0, 3.0, 6.0, 7.0, 6.0, 11.0, 5.0, 7.0, 12.0, 1.0, 7.0, 9.0, 11.0, 10.0, 7.0, 6.0, 4.0, 14.0, 7.0, 4.0, 11.0, 3.0, 5.0, 7.0, 9.0, 7.0, 7.0, 7.0, 11.0, 13.0, 6.0, 11.0, 9.0, 7.0, 6.0, 9.0, 7.0, 8.0, 2.0, 8.0, 12.0, 9.0, 12.0, 3.0, 8.0, 13.0, 2.0, 8.0, 5.0, 12.0, 7.0, 5.0, 5.0, 6.0, 1.0, 7.0, 2.0, 8.0, 7.0, 11.0, 6.0], [15.0, 15.0, 20.0, 15.0, 20.0, 15.0, 15.0, 15.0, 15.0, 20.0, 8.0, 3.0, 9.0, 13.0, 14.0, 9.0, 14.0, 9.0, 7.0, 5.0, 13.0, 2.0, 7.0, 11.0, 6.0, 12.0, 12.0, 13.0, 4.0, 7.0, 9.0, 16.0, 9.0, 13.0, 11.0, 3.0, 5.0, 12.0, 5.0, 0.0, 11.0, 12.0, 9.0, 9.0, 4.0, 13.0, 12.0, 13.0, 13.0, 15.0, 5.0, 10.0, 11.0, 1.0, 10.0, 5.0, 11.0, 15.0, 5.0, 3.0, 13.0, 12.0, 14.0, 11.0, 11.0, 7.0, 18.0, 12.0, 6.0, 11.0, 8.0, 3.0, 12.0, 13.0, 2.0, 3.0, 3.0, 9.0, 11.0, 11.0, 13.0, 9.0, 2.0, 10.0, 11.0, 8.0, 12.0, 6.0, 4.0, 16.0, 13.0, 16.0, 2.0, 12.0, 13.0, 6.0, 12.0, 9.0, 15.0, 2.0, 10.0, 5.0, 3.0, 4.0, 11.0, 5.0, 11.0, 8.0, 10.0, 5.0], [22.0, 22.0, 16.0, 22.0, 16.0, 22.0, 22.0, 22.0, 22.0, 16.0, 4.0, 9.0, 4.0, 2.0, 12.0, 16.0, 17.0, 15.0, 8.0, 13.0, 14.0, 12.0, 5.0, 14.0, 14.0, 18.0, 15.0, 10.0, 11.0, 4.0, 2.0, 13.0, 6.0, 10.0, 3.0, 9.0, 14.0, 1.0, 6.0, 11.0, 0.0, 12.0, 13.0, 7.0, 13.0, 17.0, 1.0, 19.0, 17.0, 12.0, 8.0, 8.0, 4.0, 12.0, 17.0, 11.0, 8.0, 12.0, 6.0, 13.0, 8.0, 14.0, 8.0, 3.0, 2.0, 5.0, 14.0, 2.0, 6.0, 16.0, 3.0, 11.0, 2.0, 6.0, 12.0, 13.0, 13.0, 16.0, 18.0, 4.0, 13.0, 14.0, 12.0, 1.0, 12.0, 12.0, 3.0, 5.0, 13.0, 11.0, 6.0, 13.0, 9.0, 9.0, 18.0, 7.0, 10.0, 5.0, 11.0, 13.0, 2.0, 9.0, 11.0, 7.0, 4.0, 8.0, 10.0, 11.0, 16.0, 12.0], [12.0, 12.0, 9.0, 12.0, 9.0, 12.0, 12.0, 12.0, 12.0, 9.0, 13.0, 10.0, 8.0, 12.0, 2.0, 9.0, 5.0, 7.0, 6.0, 8.0, 2.0, 14.0, 14.0, 3.0, 10.0, 9.0, 4.0, 3.0, 8.0, 12.0, 11.0, 5.0, 6.0, 3.0, 9.0, 13.0, 17.0, 13.0, 10.0, 12.0, 12.0, 0.0, 4.0, 5.0, 16.0, 6.0, 13.0, 9.0, 6.0, 4.0, 8.0, 4.0, 15.0, 13.0, 9.0, 8.0, 5.0, 4.0, 10.0, 12.0, 6.0, 2.0, 7.0, 14.0, 10.0, 13.0, 6.0, 11.0, 14.0, 6.0, 11.0, 10.0, 11.0, 8.0, 14.0, 12.0, 12.0, 8.0, 9.0, 8.0, 1.0, 5.0, 14.0, 12.0, 1.0, 5.0, 15.0, 10.0, 16.0, 6.0, 8.0, 4.0, 12.0, 4.0, 7.0, 8.0, 2.0, 7.0, 5.0, 14.0, 10.0, 15.0, 15.0, 10.0, 15.0, 8.0, 2.0, 4.0, 7.0, 8.0], [9.0, 9.0, 13.0, 9.0, 13.0, 9.0, 9.0, 9.0, 9.0, 13.0, 12.0, 8.0, 9.0, 13.0, 6.0, 5.0, 5.0, 3.0, 5.0, 4.0, 4.0, 11.0, 13.0, 2.0, 6.0, 6.0, 3.0, 6.0, 5.0, 12.0, 11.0, 9.0, 7.0, 6.0, 10.0, 11.0, 14.0, 14.0, 8.0, 9.0, 13.0, 4.0, 0.0, 5.0, 13.0, 4.0, 14.0, 6.0, 5.0, 8.0, 6.0, 5.0, 15.0, 10.0, 5.0, 5.0, 7.0, 7.0, 9.0, 8.0, 8.0, 3.0, 9.0, 14.0, 11.0, 12.0, 10.0, 12.0, 12.0, 3.0, 11.0, 7.0, 12.0, 10.0, 12.0, 9.0, 8.0, 5.0, 6.0, 9.0, 4.0, 2.0, 11.0, 13.0, 3.0, 2.0, 15.0, 10.0, 13.0, 10.0, 10.0, 8.0, 10.0, 6.0, 5.0, 6.0, 5.0, 8.0, 8.0, 11.0, 11.0, 13.0, 12.0, 8.0, 15.0, 6.0, 4.0, 1.0, 4.0, 5.0], [15.0, 15.0, 12.0, 15.0, 12.0, 15.0, 15.0, 15.0, 15.0, 12.0, 8.0, 6.0, 4.0, 8.0, 5.0, 10.0, 10.0, 8.0, 2.0, 7.0, 6.0, 11.0, 9.0, 7.0, 9.0, 11.0, 7.0, 4.0, 7.0, 7.0, 6.0, 8.0, 2.0, 4.0, 5.0, 9.0, 14.0, 8.0, 5.0, 9.0, 7.0, 5.0, 5.0, 0.0, 13.0, 9.0, 8.0, 11.0, 10.0, 7.0, 4.0, 1.0, 10.0, 10.0, 10.0, 6.0, 2.0, 7.0, 6.0, 10.0, 4.0, 6.0, 5.0, 9.0, 6.0, 9.0, 9.0, 7.0, 9.0, 8.0, 6.0, 7.0, 6.0, 5.0, 11.0, 10.0, 10.0, 10.0, 11.0, 4.0, 6.0, 7.0, 11.0, 8.0, 4.0, 5.0, 10.0, 6.0, 13.0, 7.0, 5.0, 7.0, 8.0, 3.0, 11.0, 3.0, 3.0, 3.0, 6.0, 11.0, 6.0, 11.0, 11.0, 6.0, 10.0, 4.0, 3.0, 4.0, 9.0, 7.0], [18.0, 18.0, 24.0, 18.0, 24.0, 18.0, 18.0, 18.0, 18.0, 24.0, 10.0, 6.0, 12.0, 15.0, 18.0, 12.0, 18.0, 13.0, 11.0, 9.0, 17.0, 2.0, 8.0, 15.0, 9.0, 15.0, 16.0, 17.0, 8.0, 9.0, 12.0, 20.0, 13.0, 16.0, 14.0, 4.0, 1.0, 14.0, 8.0, 4.0, 13.0, 16.0, 13.0, 13.0, 0.0, 17.0, 14.0, 16.0, 17.0, 19.0, 9.0, 14.0, 12.0, 3.0, 13.0, 9.0, 15.0, 19.0, 8.0, 6.0, 17.0, 16.0, 18.0, 12.0, 14.0, 8.0, 22.0, 14.0, 7.0, 15.0, 10.0, 7.0, 14.0, 17.0, 2.0, 5.0, 6.0, 13.0, 15.0, 14.0, 17.0, 13.0, 3.0, 12.0, 15.0, 11.0, 14.0, 9.0, 0.0, 20.0, 17.0, 20.0, 5.0, 15.0, 17.0, 9.0, 16.0, 13.0, 19.0, 2.0, 13.0, 5.0, 2.0, 7.0, 12.0, 9.0, 15.0, 12.0, 14.0, 9.0], [6.0, 6.0, 13.0, 6.0, 13.0, 6.0, 6.0, 6.0, 6.0, 13.0, 17.0, 12.0, 13.0, 17.0, 8.0, 6.0, 1.0, 4.0, 9.0, 7.0, 4.0, 14.0, 17.0, 3.0, 8.0, 4.0, 2.0, 8.0, 9.0, 16.0, 15.0, 10.0, 11.0, 9.0, 14.0, 15.0, 18.0, 18.0, 13.0, 13.0, 17.0, 6.0, 4.0, 9.0, 17.0, 0.0, 18.0, 3.0, 0.0, 9.0, 10.0, 9.0, 19.0, 13.0, 5.0, 9.0, 10.0, 9.0, 13.0, 11.0, 11.0, 4.0, 12.0, 19.0, 15.0, 17.0, 11.0, 16.0, 16.0, 2.0, 15.0, 10.0, 16.0, 14.0, 15.0, 11.0, 11.0, 5.0, 4.0, 13.0, 6.0, 4.0, 14.0, 17.0, 6.0, 6.0, 19.0, 14.0, 17.0, 11.0, 14.0, 9.0, 14.0, 9.0, 2.0, 11.0, 8.0, 12.0, 10.0, 15.0, 15.0, 17.0, 16.0, 13.0, 19.0, 10.0, 7.0, 6.0, 3.0, 8.0], [23.0, 23.0, 16.0, 23.0, 16.0, 23.0, 23.0, 23.0, 23.0, 16.0, 4.0, 10.0, 5.0, 2.0, 12.0, 17.0, 18.0, 16.0, 9.0, 14.0, 15.0, 13.0, 6.0, 15.0, 15.0, 19.0, 16.0, 11.0, 13.0, 5.0, 3.0, 13.0, 7.0, 11.0, 4.0, 10.0, 15.0, 1.0, 7.0, 12.0, 1.0, 13.0, 14.0, 8.0, 14.0, 18.0, 0.0, 20.0, 18.0, 13.0, 10.0, 9.0, 4.0, 13.0, 18.0, 12.0, 9.0, 13.0, 7.0, 14.0, 8.0, 15.0, 9.0, 3.0, 3.0, 6.0, 15.0, 2.0, 7.0, 17.0, 4.0, 12.0, 3.0, 7.0, 13.0, 14.0, 14.0, 17.0, 19.0, 5.0, 14.0, 15.0, 13.0, 1.0, 13.0, 13.0, 2.0, 6.0, 14.0, 12.0, 7.0, 13.0, 10.0, 9.0, 19.0, 8.0, 11.0, 6.0, 12.0, 13.0, 3.0, 9.0, 12.0, 8.0, 3.0, 9.0, 11.0, 12.0, 17.0, 13.0], [3.0, 3.0, 17.0, 3.0, 17.0, 3.0, 3.0, 3.0, 3.0, 17.0, 18.0, 12.0, 15.0, 19.0, 11.0, 4.0, 4.0, 4.0, 11.0, 7.0, 8.0, 14.0, 18.0, 6.0, 7.0, 1.0, 5.0, 11.0, 9.0, 17.0, 17.0, 13.0, 13.0, 12.0, 17.0, 15.0, 17.0, 20.0, 14.0, 13.0, 19.0, 9.0, 6.0, 11.0, 16.0, 3.0, 20.0, 0.0, 3.0, 12.0, 11.0, 11.0, 21.0, 13.0, 3.0, 9.0, 13.0, 12.0, 14.0, 10.0, 14.0, 7.0, 15.0, 20.0, 17.0, 18.0, 14.0, 18.0, 17.0, 3.0, 16.0, 10.0, 18.0, 16.0, 15.0, 11.0, 10.0, 3.0, 1.0, 15.0, 9.0, 5.0, 13.0, 19.0, 8.0, 7.0, 21.0, 15.0, 16.0, 15.0, 16.0, 13.0, 14.0, 12.0, 2.0, 12.0, 10.0, 14.0, 13.0, 14.0, 17.0, 17.0, 16.0, 13.0, 20.0, 11.0, 10.0, 7.0, 2.0, 8.0], [5.0, 5.0, 14.0, 5.0, 14.0, 5.0, 5.0, 5.0, 5.0, 14.0, 17.0, 12.0, 13.0, 18.0, 8.0, 5.0, 2.0, 4.0, 10.0, 8.0, 5.0, 14.0, 18.0, 3.0, 8.0, 3.0, 2.0, 9.0, 9.0, 16.0, 15.0, 10.0, 11.0, 9.0, 15.0, 15.0, 18.0, 18.0, 13.0, 13.0, 17.0, 6.0, 5.0, 10.0, 17.0, 0.0, 18.0, 3.0, 0.0, 9.0, 10.0, 9.0, 19.0, 13.0, 5.0, 9.0, 10.0, 9.0, 14.0, 11.0, 12.0, 4.0, 13.0, 19.0, 16.0, 17.0, 11.0, 17.0, 17.0, 2.0, 15.0, 10.0, 16.0, 14.0, 15.0, 11.0, 11.0, 5.0, 4.0, 13.0, 6.0, 4.0, 14.0, 17.0, 6.0, 6.0, 20.0, 14.0, 17.0, 12.0, 14.0, 10.0, 14.0, 10.0, 1.0, 11.0, 8.0, 12.0, 11.0, 15.0, 15.0, 17.0, 16.0, 13.0, 19.0, 10.0, 7.0, 6.0, 3.0, 8.0], [15.0, 15.0, 5.0, 15.0, 5.0, 15.0, 15.0, 15.0, 15.0, 5.0, 14.0, 13.0, 9.0, 12.0, 2.0, 13.0, 8.0, 11.0, 9.0, 12.0, 5.0, 17.0, 15.0, 7.0, 14.0, 12.0, 7.0, 3.0, 12.0, 14.0, 11.0, 1.0, 7.0, 3.0, 9.0, 15.0, 20.0, 13.0, 12.0, 15.0, 12.0, 4.0, 8.0, 7.0, 19.0, 9.0, 13.0, 12.0, 9.0, 0.0, 10.0, 6.0, 16.0, 16.0, 13.0, 11.0, 5.0, 0.0, 12.0, 15.0, 4.0, 6.0, 4.0, 15.0, 10.0, 15.0, 2.0, 11.0, 15.0, 9.0, 12.0, 13.0, 10.0, 7.0, 18.0, 15.0, 15.0, 12.0, 13.0, 8.0, 4.0, 9.0, 17.0, 13.0, 5.0, 9.0, 15.0, 12.0, 19.0, 2.0, 7.0, 1.0, 15.0, 4.0, 11.0, 10.0, 4.0, 8.0, 1.0, 17.0, 10.0, 17.0, 18.0, 13.0, 15.0, 11.0, 4.0, 8.0, 11.0, 12.0], [14.0, 14.0, 16.0, 14.0, 16.0, 14.0, 14.0, 14.0, 14.0, 16.0, 7.0, 2.0, 5.0, 10.0, 9.0, 8.0, 11.0, 7.0, 2.0, 4.0, 9.0, 7.0, 7.0, 8.0, 6.0, 10.0, 8.0, 8.0, 3.0, 6.0, 7.0, 12.0, 5.0, 8.0, 8.0, 5.0, 10.0, 10.0, 3.0, 5.0, 8.0, 8.0, 6.0, 4.0, 9.0, 10.0, 10.0, 11.0, 10.0, 10.0, 0.0, 5.0, 10.0, 6.0, 9.0, 2.0, 7.0, 11.0, 4.0, 6.0, 8.0, 8.0, 10.0, 9.0, 8.0, 7.0, 13.0, 9.0, 6.0, 9.0, 6.0, 3.0, 8.0, 9.0, 7.0, 6.0, 6.0, 8.0, 10.0, 7.0, 9.0, 6.0, 6.0, 8.0, 7.0, 4.0, 11.0, 4.0, 9.0, 11.0, 9.0, 11.0, 4.0, 7.0, 11.0, 2.0, 7.0, 5.0, 10.0, 7.0, 7.0, 7.0, 7.0, 3.0, 10.0, 0.0, 6.0, 4.0, 8.0, 3.0], [14.0, 14.0, 11.0, 14.0, 11.0, 14.0, 14.0, 14.0, 14.0, 11.0, 9.0, 7.0, 4.0, 8.0, 4.0, 10.0, 9.0, 8.0, 3.0, 7.0, 6.0, 12.0, 10.0, 6.0, 9.0, 11.0, 7.0, 3.0, 7.0, 8.0, 7.0, 7.0, 2.0, 3.0, 5.0, 10.0, 15.0, 9.0, 6.0, 10.0, 8.0, 4.0, 5.0, 1.0, 14.0, 9.0, 9.0, 11.0, 9.0, 6.0, 5.0, 0.0, 11.0, 11.0, 10.0, 6.0, 2.0, 6.0, 7.0, 10.0, 4.0, 6.0, 5.0, 10.0, 6.0, 10.0, 8.0, 7.0, 10.0, 8.0, 7.0, 8.0, 7.0, 5.0, 12.0, 10.0, 10.0, 10.0, 11.0, 4.0, 5.0, 7.0, 11.0, 8.0, 4.0, 5.0, 11.0, 6.0, 14.0, 6.0, 5.0, 6.0, 9.0, 2.0, 10.0, 4.0, 2.0, 3.0, 6.0, 12.0, 6.0, 12.0, 12.0, 7.0, 11.0, 5.0, 2.0, 4.0, 9.0, 7.0], [23.0, 23.0, 19.0, 23.0, 19.0, 23.0, 23.0, 23.0, 23.0, 19.0, 3.0, 9.0, 7.0, 5.0, 15.0, 18.0, 20.0, 17.0, 10.0, 14.0, 17.0, 12.0, 3.0, 17.0, 15.0, 20.0, 17.0, 14.0, 12.0, 4.0, 4.0, 16.0, 9.0, 13.0, 7.0, 8.0, 12.0, 4.0, 7.0, 11.0, 4.0, 15.0, 15.0, 10.0, 12.0, 19.0, 4.0, 21.0, 19.0, 16.0, 10.0, 11.0, 0.0, 11.0, 18.0, 12.0, 11.0, 16.0, 6.0, 13.0, 11.0, 17.0, 12.0, 1.0, 5.0, 4.0, 18.0, 5.0, 5.0, 18.0, 4.0, 11.0, 6.0, 10.0, 11.0, 13.0, 13.0, 18.0, 20.0, 8.0, 16.0, 16.0, 11.0, 3.0, 15.0, 14.0, 3.0, 5.0, 12.0, 15.0, 10.0, 16.0, 8.0, 12.0, 20.0, 9.0, 13.0, 8.0, 15.0, 12.0, 5.0, 7.0, 10.0, 8.0, 0.0, 9.0, 13.0, 14.0, 18.0, 13.0], [15.0, 15.0, 21.0, 15.0, 21.0, 15.0, 15.0, 15.0, 15.0, 21.0, 9.0, 4.0, 10.0, 14.0, 15.0, 9.0, 14.0, 9.0, 8.0, 6.0, 14.0, 1.0, 8.0, 12.0, 6.0, 12.0, 13.0, 14.0, 5.0, 8.0, 10.0, 17.0, 10.0, 14.0, 12.0, 3.0, 4.0, 13.0, 6.0, 1.0, 12.0, 13.0, 10.0, 10.0, 3.0, 13.0, 13.0, 13.0, 13.0, 16.0, 6.0, 11.0, 11.0, 0.0, 10.0, 5.0, 12.0, 16.0, 6.0, 3.0, 14.0, 13.0, 15.0, 12.0, 12.0, 8.0, 19.0, 13.0, 6.0, 12.0, 9.0, 3.0, 13.0, 14.0, 2.0, 2.0, 3.0, 10.0, 12.0, 12.0, 14.0, 10.0, 1.0, 11.0, 12.0, 8.0, 13.0, 7.0, 3.0, 17.0, 14.0, 17.0, 3.0, 13.0, 13.0, 7.0, 13.0, 10.0, 16.0, 1.0, 11.0, 5.0, 3.0, 5.0, 11.0, 6.0, 12.0, 9.0, 11.0, 5.0], [5.0, 5.0, 18.0, 5.0, 18.0, 5.0, 5.0, 5.0, 5.0, 18.0, 16.0, 10.0, 13.0, 18.0, 11.0, 1.0, 6.0, 2.0, 9.0, 5.0, 8.0, 11.0, 16.0, 6.0, 4.0, 2.0, 6.0, 11.0, 6.0, 15.0, 15.0, 14.0, 12.0, 11.0, 15.0, 12.0, 14.0, 18.0, 11.0, 10.0, 17.0, 9.0, 5.0, 10.0, 13.0, 5.0, 18.0, 3.0, 5.0, 13.0, 9.0, 10.0, 18.0, 10.0, 0.0, 7.0, 12.0, 12.0, 12.0, 7.0, 14.0, 7.0, 15.0, 18.0, 16.0, 15.0, 15.0, 17.0, 15.0, 4.0, 14.0, 8.0, 16.0, 15.0, 12.0, 8.0, 8.0, 1.0, 1.0, 14.0, 9.0, 4.0, 11.0, 17.0, 8.0, 5.0, 19.0, 13.0, 13.0, 15.0, 15.0, 13.0, 12.0, 11.0, 4.0, 10.0, 10.0, 13.0, 14.0, 11.0, 15.0, 15.0, 13.0, 11.0, 18.0, 9.0, 9.0, 6.0, 2.0, 6.0], [12.0, 12.0, 17.0, 12.0, 17.0, 12.0, 12.0, 12.0, 12.0, 17.0, 9.0, 3.0, 7.0, 12.0, 9.0, 6.0, 9.0, 5.0, 4.0, 2.0, 8.0, 6.0, 9.0, 7.0, 4.0, 8.0, 8.0, 9.0, 1.0, 8.0, 9.0, 12.0, 7.0, 9.0, 10.0, 6.0, 10.0, 12.0, 5.0, 5.0, 11.0, 8.0, 5.0, 6.0, 9.0, 9.0, 12.0, 9.0, 9.0, 11.0, 2.0, 6.0, 12.0, 5.0, 7.0, 0.0, 8.0, 11.0, 6.0, 4.0, 10.0, 8.0, 11.0, 12.0, 10.0, 9.0, 14.0, 11.0, 8.0, 7.0, 8.0, 2.0, 11.0, 11.0, 7.0, 4.0, 4.0, 6.0, 8.0, 9.0, 9.0, 5.0, 6.0, 11.0, 7.0, 3.0, 13.0, 7.0, 9.0, 13.0, 11.0, 12.0, 5.0, 8.0, 9.0, 4.0, 8.0, 7.0, 11.0, 7.0, 9.0, 9.0, 8.0, 4.0, 12.0, 3.0, 7.0, 4.0, 7.0, 1.0], [16.0, 16.0, 10.0, 16.0, 10.0, 16.0, 16.0, 16.0, 16.0, 10.0, 9.0, 9.0, 4.0, 8.0, 4.0, 12.0, 10.0, 10.0, 4.0, 9.0, 6.0, 13.0, 11.0, 7.0, 11.0, 12.0, 8.0, 3.0, 9.0, 9.0, 7.0, 6.0, 2.0, 2.0, 5.0, 11.0, 16.0, 8.0, 7.0, 11.0, 8.0, 5.0, 7.0, 2.0, 15.0, 10.0, 9.0, 13.0, 10.0, 5.0, 7.0, 2.0, 11.0, 12.0, 12.0, 8.0, 0.0, 5.0, 8.0, 12.0, 2.0, 7.0, 3.0, 10.0, 6.0, 10.0, 7.0, 7.0, 11.0, 9.0, 8.0, 9.0, 6.0, 4.0, 13.0, 12.0, 12.0, 11.0, 12.0, 3.0, 5.0, 8.0, 13.0, 8.0, 4.0, 7.0, 10.0, 7.0, 15.0, 5.0, 4.0, 5.0, 10.0, 1.0, 12.0, 6.0, 3.0, 3.0, 4.0, 13.0, 6.0, 13.0, 13.0, 8.0, 11.0, 7.0, 3.0, 6.0, 11.0, 9.0], [15.0, 15.0, 5.0, 15.0, 5.0, 15.0, 15.0, 15.0, 15.0, 5.0, 14.0, 13.0, 10.0, 12.0, 2.0, 13.0, 8.0, 10.0, 9.0, 12.0, 4.0, 17.0, 16.0, 7.0, 14.0, 12.0, 7.0, 3.0, 12.0, 14.0, 12.0, 1.0, 7.0, 3.0, 9.0, 16.0, 20.0, 13.0, 12.0, 15.0, 12.0, 4.0, 7.0, 7.0, 19.0, 9.0, 13.0, 12.0, 9.0, 0.0, 11.0, 6.0, 16.0, 16.0, 12.0, 11.0, 5.0, 0.0, 12.0, 15.0, 5.0, 6.0, 5.0, 15.0, 11.0, 15.0, 3.0, 11.0, 16.0, 9.0, 13.0, 13.0, 11.0, 7.0, 18.0, 15.0, 15.0, 12.0, 12.0, 8.0, 3.0, 9.0, 17.0, 13.0, 4.0, 9.0, 15.0, 12.0, 19.0, 3.0, 7.0, 1.0, 15.0, 4.0, 11.0, 10.0, 4.0, 8.0, 2.0, 17.0, 11.0, 17.0, 18.0, 13.0, 16.0, 11.0, 4.0, 8.0, 11.0, 12.0], [17.0, 17.0, 17.0, 17.0, 17.0, 17.0, 17.0, 17.0, 17.0, 17.0, 3.0, 3.0, 4.0, 7.0, 11.0, 12.0, 14.0, 10.0, 4.0, 8.0, 12.0, 7.0, 4.0, 11.0, 9.0, 14.0, 12.0, 10.0, 6.0, 3.0, 4.0, 13.0, 5.0, 10.0, 6.0, 4.0, 9.0, 7.0, 1.0, 5.0, 6.0, 10.0, 9.0, 6.0, 8.0, 13.0, 7.0, 14.0, 14.0, 12.0, 4.0, 7.0, 6.0, 6.0, 12.0, 6.0, 8.0, 12.0, 0.0, 8.0, 9.0, 11.0, 10.0, 6.0, 6.0, 3.0, 15.0, 7.0, 3.0, 12.0, 2.0, 5.0, 6.0, 9.0, 7.0, 7.0, 8.0, 12.0, 13.0, 6.0, 11.0, 10.0, 7.0, 5.0, 10.0, 8.0, 7.0, 1.0, 8.0, 13.0, 9.0, 13.0, 3.0, 8.0, 14.0, 3.0, 9.0, 5.0, 12.0, 7.0, 5.0, 5.0, 6.0, 2.0, 6.0, 3.0, 9.0, 8.0, 12.0, 6.0], [12.0, 12.0, 21.0, 12.0, 21.0, 12.0, 12.0, 12.0, 12.0, 21.0, 11.0, 5.0, 11.0, 15.0, 14.0, 7.0, 12.0, 7.0, 8.0, 4.0, 12.0, 3.0, 10.0, 10.0, 3.0, 9.0, 11.0, 13.0, 4.0, 10.0, 12.0, 16.0, 11.0, 13.0, 13.0, 6.0, 7.0, 15.0, 7.0, 3.0, 13.0, 12.0, 8.0, 10.0, 6.0, 11.0, 14.0, 10.0, 11.0, 15.0, 6.0, 10.0, 13.0, 3.0, 7.0, 4.0, 12.0, 15.0, 8.0, 0.0, 14.0, 11.0, 15.0, 13.0, 13.0, 10.0, 18.0, 14.0, 9.0, 10.0, 10.0, 3.0, 14.0, 15.0, 4.0, 0.0, 0.0, 7.0, 9.0, 12.0, 13.0, 8.0, 3.0, 13.0, 11.0, 7.0, 15.0, 9.0, 6.0, 17.0, 15.0, 16.0, 5.0, 12.0, 11.0, 7.0, 12.0, 11.0, 16.0, 4.0, 12.0, 8.0, 6.0, 6.0, 13.0, 6.0, 11.0, 8.0, 8.0, 4.0], [17.0, 17.0, 8.0, 17.0, 8.0, 17.0, 17.0, 17.0, 17.0, 8.0, 10.0, 10.0, 5.0, 7.0, 4.0, 13.0, 11.0, 11.0, 6.0, 11.0, 7.0, 15.0, 11.0, 9.0, 13.0, 14.0, 9.0, 3.0, 11.0, 10.0, 7.0, 5.0, 4.0, 3.0, 5.0, 12.0, 18.0, 8.0, 9.0, 13.0, 8.0, 6.0, 8.0, 4.0, 17.0, 11.0, 8.0, 14.0, 12.0, 4.0, 8.0, 4.0, 11.0, 14.0, 14.0, 10.0, 2.0, 5.0, 9.0, 14.0, 0.0, 8.0, 1.0, 10.0, 6.0, 11.0, 6.0, 6.0, 12.0, 11.0, 8.0, 11.0, 6.0, 2.0, 15.0, 14.0, 14.0, 13.0, 14.0, 4.0, 6.0, 10.0, 15.0, 8.0, 6.0, 8.0, 10.0, 8.0, 17.0, 4.0, 2.0, 5.0, 12.0, 2.0, 13.0, 7.0, 4.0, 4.0, 4.0, 15.0, 6.0, 14.0, 15.0, 10.0, 11.0, 8.0, 4.0, 8.0, 12.0, 11.0], [9.0, 9.0, 11.0, 9.0, 11.0, 9.0, 9.0, 9.0, 9.0, 11.0, 14.0, 10.0, 10.0, 14.0, 4.0, 7.0, 3.0, 5.0, 7.0, 7.0, 1.0, 14.0, 15.0, 1.0, 9.0, 7.0, 2.0, 5.0, 8.0, 13.0, 12.0, 7.0, 8.0, 5.0, 11.0, 13.0, 17.0, 15.0, 11.0, 12.0, 14.0, 2.0, 3.0, 6.0, 16.0, 4.0, 15.0, 7.0, 4.0, 6.0, 8.0, 6.0, 17.0, 13.0, 7.0, 8.0, 7.0, 6.0, 11.0, 11.0, 8.0, 0.0, 9.0, 16.0, 12.0, 15.0, 8.0, 13.0, 14.0, 3.0, 13.0, 9.0, 13.0, 10.0, 14.0, 11.0, 11.0, 7.0, 7.0, 10.0, 2.0, 4.0, 14.0, 14.0, 2.0, 5.0, 16.0, 11.0, 16.0, 8.0, 10.0, 6.0, 12.0, 6.0, 5.0, 9.0, 4.0, 9.0, 7.0, 14.0, 12.0, 16.0, 15.0, 11.0, 16.0, 8.0, 4.0, 4.0, 5.0, 8.0], [18.0, 18.0, 7.0, 18.0, 7.0, 18.0, 18.0, 18.0, 18.0, 7.0, 11.0, 12.0, 6.0, 8.0, 5.0, 15.0, 12.0, 12.0, 8.0, 12.0, 8.0, 16.0, 12.0, 10.0, 14.0, 15.0, 10.0, 4.0, 12.0, 11.0, 8.0, 5.0, 5.0, 4.0, 5.0, 14.0, 19.0, 8.0, 10.0, 14.0, 8.0, 7.0, 9.0, 5.0, 18.0, 12.0, 9.0, 15.0, 13.0, 4.0, 10.0, 5.0, 12.0, 15.0, 15.0, 11.0, 3.0, 5.0, 10.0, 15.0, 1.0, 9.0, 0.0, 11.0, 7.0, 12.0, 6.0, 7.0, 13.0, 12.0, 9.0, 12.0, 6.0, 2.0, 16.0, 15.0, 15.0, 14.0, 15.0, 4.0, 7.0, 11.0, 16.0, 9.0, 7.0, 10.0, 11.0, 9.0, 18.0, 3.0, 2.0, 5.0, 13.0, 3.0, 14.0, 8.0, 5.0, 5.0, 3.0, 16.0, 7.0, 15.0, 16.0, 11.0, 12.0, 10.0, 6.0, 9.0, 13.0, 12.0], [23.0, 23.0, 18.0, 23.0, 18.0, 23.0, 23.0, 23.0, 23.0, 18.0, 3.0, 9.0, 6.0, 4.0, 14.0, 17.0, 19.0, 16.0, 9.0, 13.0, 16.0, 12.0, 4.0, 16.0, 15.0, 19.0, 17.0, 13.0, 12.0, 4.0, 4.0, 15.0, 8.0, 12.0, 6.0, 8.0, 13.0, 3.0, 7.0, 11.0, 3.0, 14.0, 14.0, 9.0, 12.0, 19.0, 3.0, 20.0, 19.0, 15.0, 9.0, 10.0, 1.0, 12.0, 18.0, 12.0, 10.0, 15.0, 6.0, 13.0, 10.0, 16.0, 11.0, 0.0, 4.0, 4.0, 17.0, 4.0, 5.0, 17.0, 4.0, 11.0, 5.0, 9.0, 11.0, 13.0, 13.0, 17.0, 19.0, 7.0, 15.0, 15.0, 12.0, 2.0, 14.0, 13.0, 2.0, 5.0, 12.0, 14.0, 9.0, 15.0, 8.0, 11.0, 20.0, 8.0, 12.0, 7.0, 14.0, 12.0, 4.0, 8.0, 10.0, 8.0, 1.0, 9.0, 12.0, 13.0, 18.0, 12.0], [20.0, 20.0, 14.0, 20.0, 14.0, 20.0, 20.0, 20.0, 20.0, 14.0, 5.0, 8.0, 3.0, 2.0, 10.0, 15.0, 15.0, 14.0, 7.0, 12.0, 12.0, 13.0, 6.0, 13.0, 13.0, 17.0, 13.0, 8.0, 11.0, 5.0, 2.0, 11.0, 4.0, 8.0, 1.0, 9.0, 14.0, 2.0, 6.0, 11.0, 2.0, 10.0, 11.0, 6.0, 14.0, 15.0, 3.0, 17.0, 16.0, 10.0, 8.0, 6.0, 5.0, 12.0, 16.0, 10.0, 6.0, 11.0, 6.0, 13.0, 6.0, 12.0, 7.0, 4.0, 0.0, 6.0, 12.0, 1.0, 7.0, 14.0, 4.0, 10.0, 1.0, 4.0, 12.0, 13.0, 13.0, 15.0, 17.0, 3.0, 11.0, 13.0, 12.0, 2.0, 10.0, 10.0, 4.0, 4.0, 14.0, 10.0, 4.0, 11.0, 9.0, 7.0, 17.0, 6.0, 8.0, 3.0, 10.0, 13.0, 1.0, 10.0, 12.0, 7.0, 5.0, 7.0, 9.0, 10.0, 15.0, 11.0], [20.0, 20.0, 19.0, 20.0, 19.0, 20.0, 20.0, 20.0, 20.0, 19.0, 1.0, 6.0, 6.0, 7.0, 14.0, 15.0, 17.0, 14.0, 8.0, 11.0, 15.0, 8.0, 1.0, 14.0, 12.0, 17.0, 15.0, 12.0, 9.0, 1.0, 4.0, 16.0, 8.0, 12.0, 7.0, 4.0, 9.0, 6.0, 4.0, 7.0, 5.0, 13.0, 12.0, 9.0, 8.0, 17.0, 6.0, 18.0, 17.0, 15.0, 7.0, 10.0, 4.0, 8.0, 15.0, 9.0, 10.0, 15.0, 3.0, 10.0, 11.0, 15.0, 12.0, 4.0, 6.0, 0.0, 17.0, 7.0, 1.0, 15.0, 3.0, 8.0, 7.0, 10.0, 8.0, 10.0, 10.0, 15.0, 17.0, 8.0, 14.0, 13.0, 8.0, 4.0, 13.0, 11.0, 6.0, 3.0, 8.0, 15.0, 10.0, 15.0, 5.0, 11.0, 18.0, 6.0, 12.0, 7.0, 14.0, 8.0, 6.0, 4.0, 6.0, 4.0, 4.0, 7.0, 12.0, 11.0, 15.0, 10.0], [17.0, 17.0, 3.0, 17.0, 3.0, 17.0, 17.0, 17.0, 17.0, 3.0, 16.0, 15.0, 11.0, 13.0, 4.0, 15.0, 10.0, 13.0, 11.0, 14.0, 7.0, 20.0, 18.0, 9.0, 16.0, 14.0, 9.0, 5.0, 14.0, 16.0, 13.0, 1.0, 9.0, 5.0, 11.0, 18.0, 23.0, 14.0, 14.0, 18.0, 14.0, 6.0, 10.0, 9.0, 22.0, 11.0, 15.0, 14.0, 11.0, 2.0, 13.0, 8.0, 18.0, 19.0, 15.0, 14.0, 7.0, 3.0, 15.0, 18.0, 6.0, 8.0, 6.0, 17.0, 12.0, 17.0, 0.0, 13.0, 18.0, 11.0, 15.0, 15.0, 12.0, 8.0, 20.0, 18.0, 18.0, 14.0, 14.0, 10.0, 6.0, 12.0, 19.0, 15.0, 7.0, 11.0, 16.0, 14.0, 22.0, 3.0, 8.0, 2.0, 17.0, 6.0, 13.0, 12.0, 6.0, 10.0, 3.0, 20.0, 12.0, 20.0, 20.0, 15.0, 17.0, 13.0, 7.0, 10.0, 13.0, 14.0], [21.0, 21.0, 14.0, 21.0, 14.0, 21.0, 21.0, 21.0, 21.0, 14.0, 5.0, 10.0, 4.0, 1.0, 11.0, 16.0, 16.0, 15.0, 8.0, 13.0, 13.0, 14.0, 7.0, 14.0, 15.0, 18.0, 14.0, 9.0, 12.0, 6.0, 3.0, 11.0, 5.0, 9.0, 2.0, 10.0, 15.0, 2.0, 7.0, 12.0, 2.0, 11.0, 12.0, 7.0, 14.0, 16.0, 2.0, 18.0, 17.0, 11.0, 9.0, 7.0, 5.0, 13.0, 17.0, 11.0, 7.0, 11.0, 7.0, 14.0, 6.0, 13.0, 7.0, 4.0, 1.0, 7.0, 13.0, 0.0, 8.0, 15.0, 5.0, 11.0, 1.0, 5.0, 13.0, 14.0, 14.0, 16.0, 18.0, 3.0, 12.0, 14.0, 13.0, 3.0, 11.0, 12.0, 4.0, 6.0, 14.0, 10.0, 5.0, 11.0, 10.0, 8.0, 18.0, 7.0, 9.0, 4.0, 10.0, 14.0, 2.0, 10.0, 13.0, 8.0, 5.0, 9.0, 10.0, 11.0, 16.0, 12.0], [20.0, 20.0, 20.0, 20.0, 20.0, 20.0, 20.0, 20.0, 20.0, 20.0, 3.0, 5.0, 6.0, 8.0, 14.0, 14.0, 17.0, 13.0, 8.0, 10.0, 15.0, 7.0, 2.0, 14.0, 11.0, 16.0, 15.0, 13.0, 9.0, 2.0, 5.0, 16.0, 8.0, 13.0, 8.0, 3.0, 7.0, 8.0, 4.0, 6.0, 6.0, 14.0, 12.0, 9.0, 7.0, 16.0, 7.0, 17.0, 17.0, 15.0, 6.0, 10.0, 5.0, 6.0, 15.0, 8.0, 11.0, 16.0, 3.0, 9.0, 12.0, 14.0, 13.0, 5.0, 7.0, 1.0, 18.0, 8.0, 0.0, 15.0, 4.0, 7.0, 8.0, 11.0, 6.0, 8.0, 9.0, 14.0, 16.0, 8.0, 15.0, 13.0, 7.0, 6.0, 13.0, 10.0, 7.0, 4.0, 7.0, 15.0, 11.0, 16.0, 3.0, 11.0, 17.0, 6.0, 12.0, 8.0, 15.0, 7.0, 7.0, 2.0, 5.0, 4.0, 5.0, 6.0, 12.0, 11.0, 15.0, 9.0], [6.0, 6.0, 14.0, 6.0, 14.0, 6.0, 6.0, 6.0, 6.0, 14.0, 15.0, 10.0, 12.0, 16.0, 8.0, 4.0, 3.0, 3.0, 8.0, 6.0, 5.0, 13.0, 16.0, 2.0, 7.0, 3.0, 2.0, 8.0, 7.0, 14.0, 14.0, 10.0, 10.0, 8.0, 13.0, 13.0, 16.0, 17.0, 11.0, 11.0, 16.0, 6.0, 3.0, 8.0, 15.0, 2.0, 17.0, 3.0, 2.0, 9.0, 9.0, 8.0, 18.0, 12.0, 4.0, 7.0, 9.0, 9.0, 12.0, 10.0, 11.0, 3.0, 12.0, 17.0, 14.0, 15.0, 11.0, 15.0, 15.0, 0.0, 14.0, 9.0, 15.0, 13.0, 14.0, 10.0, 10.0, 3.0, 3.0, 12.0, 6.0, 2.0, 13.0, 16.0, 5.0, 4.0, 18.0, 13.0, 15.0, 12.0, 13.0, 10.0, 12.0, 9.0, 2.0, 9.0, 7.0, 11.0, 10.0, 13.0, 14.0, 16.0, 14.0, 11.0, 18.0, 9.0, 6.0, 4.0, 2.0, 7.0], [19.0, 19.0, 17.0, 19.0, 17.0, 19.0, 19.0, 19.0, 19.0, 17.0, 2.0, 6.0, 3.0, 5.0, 11.0, 14.0, 15.0, 12.0, 6.0, 10.0, 13.0, 9.0, 3.0, 13.0, 11.0, 16.0, 13.0, 10.0, 8.0, 1.0, 2.0, 13.0, 5.0, 10.0, 5.0, 6.0, 11.0, 5.0, 3.0, 8.0, 3.0, 11.0, 11.0, 6.0, 10.0, 15.0, 4.0, 16.0, 15.0, 12.0, 6.0, 7.0, 4.0, 9.0, 14.0, 8.0, 8.0, 13.0, 2.0, 10.0, 8.0, 13.0, 9.0, 4.0, 4.0, 3.0, 15.0, 5.0, 4.0, 14.0, 0.0, 8.0, 5.0, 8.0, 9.0, 10.0, 10.0, 14.0, 15.0, 5.0, 12.0, 12.0, 9.0, 3.0, 11.0, 9.0, 5.0, 1.0, 10.0, 12.0, 8.0, 13.0, 5.0, 8.0, 16.0, 4.0, 10.0, 4.0, 12.0, 9.0, 3.0, 6.0, 8.0, 4.0, 4.0, 5.0, 9.0, 9.0, 14.0, 9.0], [13.0, 13.0, 18.0, 13.0, 18.0, 13.0, 13.0, 13.0, 13.0, 18.0, 9.0, 2.0, 8.0, 12.0, 11.0, 7.0, 11.0, 6.0, 5.0, 3.0, 10.0, 4.0, 9.0, 9.0, 4.0, 9.0, 9.0, 10.0, 2.0, 8.0, 9.0, 14.0, 8.0, 10.0, 10.0, 5.0, 8.0, 12.0, 5.0, 3.0, 11.0, 10.0, 7.0, 7.0, 7.0, 10.0, 12.0, 10.0, 10.0, 13.0, 3.0, 8.0, 11.0, 3.0, 8.0, 2.0, 9.0, 13.0, 5.0, 3.0, 11.0, 9.0, 12.0, 11.0, 10.0, 8.0, 15.0, 11.0, 7.0, 9.0, 8.0, 0.0, 11.0, 12.0, 5.0, 3.0, 3.0, 7.0, 9.0, 10.0, 10.0, 6.0, 4.0, 10.0, 9.0, 5.0, 13.0, 6.0, 7.0, 14.0, 12.0, 13.0, 4.0, 10.0, 10.0, 4.0, 9.0, 8.0, 13.0, 5.0, 10.0, 7.0, 6.0, 4.0, 11.0, 3.0, 8.0, 5.0, 8.0, 2.0], [21.0, 21.0, 14.0, 21.0, 14.0, 21.0, 21.0, 21.0, 21.0, 14.0, 5.0, 9.0, 3.0, 2.0, 10.0, 16.0, 16.0, 14.0, 7.0, 12.0, 12.0, 13.0, 7.0, 13.0, 14.0, 17.0, 14.0, 9.0, 11.0, 6.0, 3.0, 11.0, 5.0, 8.0, 1.0, 10.0, 15.0, 2.0, 7.0, 12.0, 2.0, 11.0, 12.0, 6.0, 14.0, 16.0, 3.0, 18.0, 16.0, 10.0, 8.0, 7.0, 6.0, 13.0, 16.0, 11.0, 6.0, 11.0, 6.0, 14.0, 6.0, 13.0, 6.0, 5.0, 1.0, 7.0, 12.0, 1.0, 8.0, 15.0, 5.0, 11.0, 0.0, 4.0, 13.0, 14.0, 14.0, 16.0, 17.0, 3.0, 11.0, 13.0, 13.0, 3.0, 10.0, 11.0, 4.0, 5.0, 14.0, 9.0, 4.0, 11.0, 10.0, 7.0, 17.0, 7.0, 9.0, 4.0, 9.0, 14.0, 1.0, 10.0, 13.0, 8.0, 6.0, 8.0, 9.0, 11.0, 16.0, 12.0], [19.0, 19.0, 9.0, 19.0, 9.0, 19.0, 19.0, 19.0, 19.0, 9.0, 9.0, 11.0, 5.0, 5.0, 7.0, 15.0, 13.0, 13.0, 7.0, 12.0, 9.0, 15.0, 11.0, 11.0, 14.0, 16.0, 12.0, 5.0, 12.0, 9.0, 6.0, 7.0, 4.0, 5.0, 3.0, 12.0, 18.0, 6.0, 9.0, 13.0, 6.0, 8.0, 10.0, 5.0, 17.0, 14.0, 7.0, 16.0, 14.0, 7.0, 9.0, 5.0, 10.0, 14.0, 15.0, 11.0, 4.0, 7.0, 9.0, 15.0, 2.0, 10.0, 2.0, 9.0, 4.0, 10.0, 8.0, 5.0, 11.0, 13.0, 8.0, 12.0, 4.0, 0.0, 15.0, 15.0, 15.0, 15.0, 16.0, 3.0, 8.0, 12.0, 15.0, 7.0, 8.0, 10.0, 8.0, 8.0, 17.0, 5.0, 0.0, 7.0, 12.0, 4.0, 15.0, 8.0, 6.0, 4.0, 5.0, 16.0, 5.0, 13.0, 15.0, 10.0, 10.0, 9.0, 7.0, 10.0, 14.0, 12.0], [17.0, 17.0, 23.0, 17.0, 23.0, 17.0, 17.0, 17.0, 17.0, 23.0, 9.0, 5.0, 10.0, 14.0, 16.0, 11.0, 16.0, 11.0, 9.0, 8.0, 15.0, 1.0, 8.0, 14.0, 7.0, 14.0, 14.0, 15.0, 7.0, 8.0, 11.0, 19.0, 11.0, 15.0, 13.0, 3.0, 3.0, 13.0, 7.0, 2.0, 12.0, 14.0, 12.0, 11.0, 2.0, 15.0, 13.0, 15.0, 15.0, 18.0, 7.0, 12.0, 11.0, 2.0, 12.0, 7.0, 13.0, 18.0, 7.0, 4.0, 15.0, 14.0, 16.0, 11.0, 12.0, 8.0, 20.0, 13.0, 6.0, 14.0, 9.0, 5.0, 13.0, 15.0, 0.0, 4.0, 4.0, 11.0, 13.0, 13.0, 15.0, 11.0, 1.0, 11.0, 14.0, 10.0, 13.0, 8.0, 2.0, 18.0, 15.0, 18.0, 4.0, 14.0, 15.0, 8.0, 14.0, 11.0, 18.0, 1.0, 12.0, 4.0, 1.0, 5.0, 11.0, 7.0, 13.0, 11.0, 12.0, 7.0], [13.0, 13.0, 21.0, 13.0, 21.0, 13.0, 13.0, 13.0, 13.0, 21.0, 11.0, 4.0, 10.0, 15.0, 14.0, 7.0, 13.0, 7.0, 8.0, 4.0, 12.0, 3.0, 10.0, 11.0, 3.0, 10.0, 11.0, 13.0, 4.0, 10.0, 11.0, 17.0, 11.0, 13.0, 13.0, 5.0, 6.0, 15.0, 7.0, 3.0, 13.0, 12.0, 9.0, 10.0, 5.0, 11.0, 14.0, 11.0, 11.0, 15.0, 6.0, 10.0, 13.0, 2.0, 8.0, 4.0, 12.0, 15.0, 7.0, 0.0, 14.0, 11.0, 15.0, 13.0, 13.0, 10.0, 18.0, 14.0, 8.0, 10.0, 10.0, 3.0, 14.0, 15.0, 4.0, 0.0, 0.0, 7.0, 9.0, 12.0, 13.0, 8.0, 3.0, 13.0, 11.0, 7.0, 15.0, 9.0, 5.0, 17.0, 15.0, 16.0, 5.0, 12.0, 11.0, 7.0, 12.0, 11.0, 16.0, 3.0, 12.0, 8.0, 5.0, 6.0, 13.0, 6.0, 11.0, 8.0, 9.0, 4.0], [12.0, 12.0, 21.0, 12.0, 21.0, 12.0, 12.0, 12.0, 12.0, 21.0, 11.0, 5.0, 11.0, 15.0, 14.0, 7.0, 13.0, 7.0, 8.0, 4.0, 12.0, 3.0, 10.0, 10.0, 3.0, 9.0, 11.0, 13.0, 4.0, 10.0, 12.0, 17.0, 11.0, 13.0, 13.0, 6.0, 7.0, 15.0, 7.0, 3.0, 13.0, 12.0, 8.0, 10.0, 6.0, 11.0, 14.0, 10.0, 11.0, 15.0, 6.0, 10.0, 13.0, 3.0, 8.0, 4.0, 12.0, 15.0, 8.0, 0.0, 14.0, 11.0, 15.0, 13.0, 13.0, 10.0, 18.0, 14.0, 9.0, 10.0, 10.0, 3.0, 14.0, 15.0, 4.0, 0.0, 0.0, 7.0, 9.0, 12.0, 13.0, 8.0, 3.0, 13.0, 11.0, 7.0, 15.0, 9.0, 6.0, 17.0, 15.0, 16.0, 5.0, 12.0, 11.0, 7.0, 12.0, 11.0, 16.0, 4.0, 12.0, 8.0, 6.0, 6.0, 13.0, 6.0, 11.0, 8.0, 8.0, 4.0], [6.0, 6.0, 17.0, 6.0, 17.0, 6.0, 6.0, 6.0, 6.0, 17.0, 15.0, 9.0, 12.0, 17.0, 10.0, 1.0, 6.0, 2.0, 8.0, 4.0, 8.0, 10.0, 15.0, 5.0, 4.0, 2.0, 5.0, 10.0, 6.0, 14.0, 14.0, 13.0, 11.0, 11.0, 15.0, 12.0, 14.0, 17.0, 11.0, 9.0, 16.0, 8.0, 5.0, 10.0, 13.0, 5.0, 17.0, 3.0, 5.0, 12.0, 8.0, 10.0, 18.0, 10.0, 1.0, 6.0, 11.0, 12.0, 12.0, 7.0, 13.0, 7.0, 14.0, 17.0, 15.0, 15.0, 14.0, 16.0, 14.0, 3.0, 14.0, 7.0, 16.0, 15.0, 11.0, 7.0, 7.0, 0.0, 2.0, 13.0, 9.0, 3.0, 10.0, 16.0, 8.0, 5.0, 19.0, 12.0, 13.0, 14.0, 15.0, 13.0, 11.0, 11.0, 4.0, 9.0, 9.0, 12.0, 13.0, 11.0, 15.0, 14.0, 13.0, 10.0, 18.0, 8.0, 9.0, 5.0, 1.0, 5.0], [4.0, 4.0, 17.0, 4.0, 17.0, 4.0, 4.0, 4.0, 4.0, 17.0, 17.0, 11.0, 14.0, 19.0, 11.0, 2.0, 5.0, 3.0, 10.0, 6.0, 8.0, 12.0, 17.0, 6.0, 6.0, 0.0, 5.0, 11.0, 7.0, 16.0, 16.0, 13.0, 13.0, 11.0, 16.0, 14.0, 16.0, 19.0, 13.0, 11.0, 18.0, 9.0, 6.0, 11.0, 15.0, 4.0, 19.0, 1.0, 4.0, 13.0, 10.0, 11.0, 20.0, 12.0, 1.0, 8.0, 12.0, 12.0, 13.0, 9.0, 14.0, 7.0, 15.0, 19.0, 17.0, 17.0, 14.0, 18.0, 16.0, 3.0, 15.0, 9.0, 17.0, 16.0, 13.0, 9.0, 9.0, 2.0, 0.0, 15.0, 9.0, 4.0, 12.0, 18.0, 8.0, 6.0, 20.0, 14.0, 15.0, 15.0, 16.0, 13.0, 13.0, 12.0, 3.0, 11.0, 10.0, 13.0, 13.0, 13.0, 16.0, 16.0, 14.0, 12.0, 19.0, 10.0, 9.0, 7.0, 2.0, 7.0], [18.0, 18.0, 12.0, 18.0, 12.0, 18.0, 18.0, 18.0, 18.0, 12.0, 6.0, 8.0, 2.0, 4.0, 7.0, 14.0, 13.0, 12.0, 5.0, 10.0, 9.0, 13.0, 8.0, 10.0, 12.0, 15.0, 11.0, 6.0, 9.0, 6.0, 3.0, 9.0, 2.0, 6.0, 1.0, 10.0, 15.0, 5.0, 6.0, 11.0, 4.0, 8.0, 9.0, 4.0, 14.0, 13.0, 5.0, 15.0, 13.0, 8.0, 7.0, 4.0, 8.0, 12.0, 14.0, 9.0, 3.0, 8.0, 6.0, 12.0, 4.0, 10.0, 4.0, 7.0, 3.0, 8.0, 10.0, 3.0, 8.0, 12.0, 5.0, 10.0, 3.0, 3.0, 13.0, 12.0, 12.0, 13.0, 15.0, 0.0, 9.0, 11.0, 12.0, 5.0, 8.0, 9.0, 7.0, 5.0, 14.0, 7.0, 3.0, 8.0, 9.0, 4.0, 14.0, 5.0, 6.0, 2.0, 7.0, 13.0, 2.0, 11.0, 12.0, 7.0, 8.0, 7.0, 6.0, 8.0, 13.0, 10.0], [11.0, 11.0, 9.0, 11.0, 9.0, 11.0, 11.0, 11.0, 11.0, 9.0, 14.0, 11.0, 9.0, 13.0, 2.0, 9.0, 5.0, 7.0, 7.0, 9.0, 1.0, 15.0, 15.0, 3.0, 10.0, 9.0, 4.0, 3.0, 9.0, 13.0, 12.0, 5.0, 7.0, 3.0, 10.0, 14.0, 18.0, 14.0, 11.0, 13.0, 13.0, 1.0, 4.0, 6.0, 17.0, 6.0, 14.0, 9.0, 6.0, 4.0, 9.0, 5.0, 16.0, 14.0, 9.0, 9.0, 5.0, 3.0, 11.0, 13.0, 6.0, 2.0, 7.0, 15.0, 11.0, 14.0, 6.0, 12.0, 15.0, 6.0, 12.0, 10.0, 11.0, 8.0, 15.0, 13.0, 13.0, 9.0, 9.0, 9.0, 0.0, 6.0, 15.0, 13.0, 2.0, 6.0, 15.0, 11.0, 17.0, 6.0, 9.0, 4.0, 13.0, 4.0, 7.0, 9.0, 3.0, 8.0, 5.0, 15.0, 11.0, 16.0, 16.0, 11.0, 16.0, 9.0, 3.0, 5.0, 8.0, 9.0], [8.0, 8.0, 15.0, 8.0, 15.0, 8.0, 8.0, 8.0, 8.0, 15.0, 13.0, 8.0, 10.0, 15.0, 8.0, 3.0, 5.0, 1.0, 6.0, 4.0, 5.0, 10.0, 14.0, 3.0, 5.0, 4.0, 3.0, 8.0, 5.0, 12.0, 12.0, 10.0, 9.0, 8.0, 12.0, 11.0, 14.0, 15.0, 9.0, 9.0, 14.0, 5.0, 2.0, 7.0, 13.0, 4.0, 15.0, 5.0, 4.0, 9.0, 6.0, 7.0, 16.0, 10.0, 4.0, 5.0, 8.0, 9.0, 10.0, 8.0, 10.0, 4.0, 11.0, 15.0, 13.0, 13.0, 12.0, 14.0, 13.0, 2.0, 12.0, 6.0, 13.0, 12.0, 11.0, 8.0, 8.0, 3.0, 4.0, 11.0, 6.0, 0.0, 10.0, 14.0, 5.0, 2.0, 16.0, 10.0, 13.0, 11.0, 12.0, 10.0, 10.0, 8.0, 4.0, 7.0, 6.0, 9.0, 10.0, 11.0, 12.0, 13.0, 12.0, 9.0, 16.0, 7.0, 6.0, 3.0, 2.0, 4.0], [16.0, 16.0, 22.0, 16.0, 22.0, 16.0, 16.0, 16.0, 16.0, 22.0, 9.0, 4.0, 10.0, 14.0, 15.0, 10.0, 15.0, 10.0, 9.0, 7.0, 14.0, 0.0, 8.0, 13.0, 6.0, 12.0, 13.0, 14.0, 6.0, 8.0, 11.0, 18.0, 11.0, 14.0, 13.0, 3.0, 4.0, 14.0, 7.0, 2.0, 12.0, 14.0, 11.0, 11.0, 3.0, 14.0, 13.0, 13.0, 14.0, 17.0, 6.0, 11.0, 11.0, 1.0, 11.0, 6.0, 13.0, 17.0, 7.0, 3.0, 15.0, 14.0, 16.0, 12.0, 12.0, 8.0, 19.0, 13.0, 7.0, 13.0, 9.0, 4.0, 13.0, 15.0, 1.0, 3.0, 3.0, 10.0, 12.0, 12.0, 15.0, 10.0, 0.0, 12.0, 13.0, 9.0, 14.0, 8.0, 3.0, 18.0, 15.0, 17.0, 4.0, 13.0, 14.0, 7.0, 13.0, 11.0, 17.0, 1.0, 12.0, 5.0, 3.0, 5.0, 12.0, 6.0, 13.0, 10.0, 11.0, 6.0], [22.0, 22.0, 16.0, 22.0, 16.0, 22.0, 22.0, 22.0, 22.0, 16.0, 3.0, 8.0, 4.0, 3.0, 12.0, 16.0, 17.0, 15.0, 8.0, 12.0, 14.0, 12.0, 4.0, 14.0, 14.0, 18.0, 15.0, 11.0, 11.0, 3.0, 2.0, 13.0, 6.0, 10.0, 4.0, 8.0, 13.0, 2.0, 6.0, 10.0, 1.0, 12.0, 13.0, 8.0, 12.0, 17.0, 1.0, 19.0, 17.0, 13.0, 8.0, 8.0, 3.0, 11.0, 17.0, 11.0, 8.0, 13.0, 5.0, 13.0, 8.0, 14.0, 9.0, 2.0, 2.0, 4.0, 15.0, 3.0, 6.0, 16.0, 3.0, 10.0, 3.0, 7.0, 11.0, 13.0, 13.0, 16.0, 18.0, 5.0, 13.0, 14.0, 12.0, 0.0, 12.0, 12.0, 2.0, 4.0, 12.0, 12.0, 7.0, 13.0, 8.0, 9.0, 18.0, 7.0, 11.0, 5.0, 12.0, 12.0, 2.0, 8.0, 10.0, 7.0, 3.0, 8.0, 11.0, 11.0, 16.0, 11.0], [11.0, 11.0, 10.0, 11.0, 10.0, 11.0, 11.0, 11.0, 11.0, 10.0, 12.0, 9.0, 8.0, 12.0, 3.0, 8.0, 5.0, 6.0, 5.0, 7.0, 2.0, 13.0, 13.0, 3.0, 9.0, 8.0, 4.0, 3.0, 7.0, 12.0, 10.0, 6.0, 6.0, 3.0, 9.0, 12.0, 17.0, 13.0, 9.0, 11.0, 12.0, 1.0, 3.0, 4.0, 15.0, 6.0, 13.0, 8.0, 6.0, 5.0, 7.0, 4.0, 15.0, 12.0, 8.0, 7.0, 4.0, 4.0, 10.0, 11.0, 6.0, 2.0, 7.0, 14.0, 10.0, 13.0, 7.0, 11.0, 13.0, 5.0, 11.0, 9.0, 10.0, 8.0, 14.0, 11.0, 11.0, 8.0, 8.0, 8.0, 2.0, 5.0, 13.0, 12.0, 0.0, 4.0, 14.0, 10.0, 15.0, 7.0, 8.0, 5.0, 11.0, 4.0, 7.0, 7.0, 2.0, 7.0, 5.0, 14.0, 10.0, 14.0, 14.0, 10.0, 14.0, 7.0, 1.0, 4.0, 7.0, 7.0], [10.0, 10.0, 14.0, 10.0, 14.0, 10.0, 10.0, 10.0, 10.0, 14.0, 11.0, 6.0, 8.0, 13.0, 7.0, 5.0, 7.0, 3.0, 4.0, 3.0, 5.0, 9.0, 11.0, 4.0, 5.0, 6.0, 5.0, 7.0, 3.0, 10.0, 10.0, 10.0, 6.0, 7.0, 10.0, 9.0, 13.0, 13.0, 7.0, 8.0, 12.0, 5.0, 2.0, 5.0, 11.0, 6.0, 13.0, 7.0, 6.0, 9.0, 4.0, 5.0, 14.0, 8.0, 5.0, 3.0, 7.0, 9.0, 8.0, 7.0, 8.0, 5.0, 10.0, 13.0, 10.0, 11.0, 11.0, 12.0, 10.0, 4.0, 9.0, 5.0, 11.0, 10.0, 10.0, 7.0, 7.0, 5.0, 6.0, 9.0, 6.0, 2.0, 9.0, 12.0, 4.0, 0.0, 14.0, 8.0, 11.0, 10.0, 10.0, 9.0, 8.0, 6.0, 7.0, 5.0, 5.0, 7.0, 9.0, 10.0, 10.0, 11.0, 11.0, 7.0, 13.0, 4.0, 5.0, 1.0, 5.0, 3.0], [24.0, 24.0, 18.0, 24.0, 18.0, 24.0, 24.0, 24.0, 24.0, 18.0, 4.0, 11.0, 6.0, 3.0, 14.0, 19.0, 20.0, 17.0, 10.0, 15.0, 16.0, 14.0, 6.0, 17.0, 16.0, 20.0, 17.0, 13.0, 13.0, 5.0, 4.0, 15.0, 8.0, 12.0, 6.0, 10.0, 14.0, 2.0, 8.0, 12.0, 3.0, 15.0, 15.0, 10.0, 14.0, 19.0, 2.0, 21.0, 20.0, 15.0, 11.0, 11.0, 3.0, 13.0, 19.0, 13.0, 10.0, 15.0, 7.0, 15.0, 10.0, 16.0, 11.0, 2.0, 4.0, 6.0, 16.0, 4.0, 7.0, 18.0, 5.0, 13.0, 4.0, 8.0, 13.0, 15.0, 15.0, 19.0, 20.0, 7.0, 15.0, 16.0, 14.0, 2.0, 14.0, 14.0, 0.0, 6.0, 14.0, 14.0, 8.0, 15.0, 10.0, 11.0, 21.0, 9.0, 13.0, 7.0, 14.0, 14.0, 5.0, 9.0, 12.0, 9.0, 2.0, 10.0, 13.0, 14.0, 19.0, 14.0], [18.0, 18.0, 16.0, 18.0, 16.0, 18.0, 18.0, 18.0, 18.0, 16.0, 3.0, 4.0, 3.0, 6.0, 11.0, 12.0, 14.0, 11.0, 5.0, 8.0, 12.0, 8.0, 4.0, 11.0, 10.0, 14.0, 12.0, 9.0, 7.0, 2.0, 3.0, 13.0, 5.0, 9.0, 5.0, 5.0, 10.0, 6.0, 2.0, 6.0, 5.0, 10.0, 10.0, 6.0, 9.0, 14.0, 6.0, 15.0, 14.0, 12.0, 4.0, 6.0, 5.0, 7.0, 13.0, 7.0, 7.0, 12.0, 1.0, 9.0, 8.0, 11.0, 9.0, 5.0, 4.0, 3.0, 14.0, 6.0, 4.0, 13.0, 1.0, 6.0, 5.0, 8.0, 8.0, 9.0, 9.0, 12.0, 14.0, 5.0, 11.0, 10.0, 8.0, 4.0, 10.0, 8.0, 6.0, 0.0, 9.0, 12.0, 8.0, 12.0, 4.0, 8.0, 15.0, 3.0, 9.0, 4.0, 11.0, 8.0, 4.0, 6.0, 7.0, 3.0, 5.0, 4.0, 8.0, 8.0, 13.0, 7.0], [18.0, 18.0, 24.0, 18.0, 24.0, 18.0, 18.0, 18.0, 18.0, 24.0, 10.0, 6.0, 12.0, 15.0, 18.0, 12.0, 18.0, 13.0, 11.0, 9.0, 17.0, 2.0, 8.0, 15.0, 9.0, 15.0, 16.0, 17.0, 8.0, 9.0, 12.0, 20.0, 13.0, 16.0, 14.0, 4.0, 1.0, 14.0, 8.0, 4.0, 13.0, 16.0, 13.0, 13.0, 0.0, 17.0, 14.0, 16.0, 17.0, 19.0, 9.0, 14.0, 12.0, 3.0, 13.0, 9.0, 15.0, 19.0, 8.0, 6.0, 17.0, 16.0, 18.0, 12.0, 14.0, 8.0, 22.0, 14.0, 7.0, 15.0, 10.0, 7.0, 14.0, 17.0, 2.0, 5.0, 6.0, 13.0, 15.0, 14.0, 17.0, 13.0, 3.0, 12.0, 15.0, 11.0, 14.0, 9.0, 0.0, 20.0, 17.0, 20.0, 5.0, 15.0, 17.0, 9.0, 16.0, 13.0, 19.0, 2.0, 13.0, 5.0, 2.0, 7.0, 12.0, 9.0, 15.0, 12.0, 14.0, 9.0], [17.0, 17.0, 5.0, 17.0, 5.0, 17.0, 17.0, 17.0, 17.0, 5.0, 14.0, 14.0, 9.0, 11.0, 4.0, 15.0, 11.0, 13.0, 9.0, 13.0, 7.0, 18.0, 15.0, 9.0, 15.0, 15.0, 10.0, 4.0, 13.0, 13.0, 11.0, 2.0, 7.0, 4.0, 8.0, 16.0, 21.0, 11.0, 12.0, 16.0, 11.0, 6.0, 10.0, 7.0, 20.0, 11.0, 12.0, 15.0, 12.0, 2.0, 11.0, 6.0, 15.0, 17.0, 15.0, 13.0, 5.0, 3.0, 13.0, 17.0, 4.0, 8.0, 3.0, 14.0, 10.0, 15.0, 3.0, 10.0, 15.0, 12.0, 12.0, 14.0, 9.0, 5.0, 18.0, 17.0, 17.0, 14.0, 15.0, 7.0, 6.0, 11.0, 18.0, 12.0, 7.0, 10.0, 14.0, 12.0, 20.0, 0.0, 5.0, 2.0, 15.0, 5.0, 13.0, 11.0, 5.0, 8.0, 1.0, 18.0, 10.0, 17.0, 18.0, 13.0, 15.0, 11.0, 6.0, 10.0, 13.0, 13.0], [19.0, 19.0, 10.0, 19.0, 10.0, 19.0, 19.0, 19.0, 19.0, 10.0, 9.0, 11.0, 5.0, 5.0, 7.0, 15.0, 13.0, 13.0, 7.0, 12.0, 9.0, 15.0, 11.0, 11.0, 14.0, 16.0, 12.0, 5.0, 12.0, 9.0, 6.0, 7.0, 4.0, 5.0, 3.0, 12.0, 18.0, 6.0, 9.0, 13.0, 6.0, 8.0, 10.0, 5.0, 17.0, 14.0, 7.0, 16.0, 14.0, 7.0, 9.0, 5.0, 10.0, 14.0, 15.0, 11.0, 4.0, 7.0, 9.0, 15.0, 2.0, 10.0, 2.0, 9.0, 4.0, 10.0, 8.0, 5.0, 11.0, 13.0, 8.0, 12.0, 4.0, 0.0, 15.0, 15.0, 15.0, 15.0, 16.0, 3.0, 9.0, 12.0, 15.0, 7.0, 8.0, 10.0, 8.0, 8.0, 17.0, 5.0, 0.0, 7.0, 12.0, 4.0, 15.0, 8.0, 6.0, 4.0, 6.0, 15.0, 5.0, 13.0, 15.0, 10.0, 10.0, 9.0, 7.0, 10.0, 14.0, 12.0], [15.0, 15.0, 5.0, 15.0, 5.0, 15.0, 15.0, 15.0, 15.0, 5.0, 14.0, 13.0, 10.0, 12.0, 2.0, 13.0, 8.0, 11.0, 9.0, 12.0, 5.0, 18.0, 16.0, 7.0, 14.0, 13.0, 8.0, 3.0, 12.0, 14.0, 12.0, 1.0, 8.0, 3.0, 9.0, 16.0, 21.0, 13.0, 12.0, 16.0, 13.0, 4.0, 8.0, 7.0, 20.0, 9.0, 13.0, 13.0, 10.0, 1.0, 11.0, 6.0, 16.0, 17.0, 13.0, 12.0, 5.0, 1.0, 13.0, 16.0, 5.0, 6.0, 5.0, 15.0, 11.0, 15.0, 2.0, 11.0, 16.0, 10.0, 13.0, 13.0, 11.0, 7.0, 18.0, 16.0, 16.0, 13.0, 13.0, 8.0, 4.0, 10.0, 17.0, 13.0, 5.0, 9.0, 15.0, 12.0, 20.0, 2.0, 7.0, 0.0, 15.0, 5.0, 11.0, 10.0, 4.0, 9.0, 1.0, 18.0, 11.0, 18.0, 18.0, 13.0, 16.0, 11.0, 5.0, 8.0, 12.0, 12.0], [17.0, 17.0, 20.0, 17.0, 20.0, 17.0, 17.0, 17.0, 17.0, 20.0, 6.0, 2.0, 7.0, 11.0, 13.0, 11.0, 15.0, 10.0, 6.0, 7.0, 13.0, 4.0, 5.0, 12.0, 7.0, 13.0, 13.0, 12.0, 5.0, 5.0, 7.0, 16.0, 8.0, 12.0, 9.0, 1.0, 6.0, 10.0, 3.0, 2.0, 9.0, 12.0, 10.0, 8.0, 5.0, 14.0, 10.0, 14.0, 14.0, 15.0, 4.0, 9.0, 8.0, 3.0, 12.0, 5.0, 10.0, 15.0, 3.0, 5.0, 12.0, 12.0, 13.0, 8.0, 9.0, 5.0, 17.0, 10.0, 3.0, 12.0, 5.0, 4.0, 10.0, 12.0, 4.0, 5.0, 5.0, 11.0, 13.0, 9.0, 13.0, 10.0, 4.0, 8.0, 11.0, 8.0, 10.0, 4.0, 5.0, 15.0, 12.0, 15.0, 0.0, 11.0, 14.0, 5.0, 11.0, 8.0, 14.0, 4.0, 8.0, 3.0, 3.0, 2.0, 8.0, 4.0, 10.0, 8.0, 12.0, 6.0], [15.0, 15.0, 9.0, 15.0, 9.0, 15.0, 15.0, 15.0, 15.0, 9.0, 10.0, 9.0, 5.0, 9.0, 3.0, 11.0, 9.0, 9.0, 5.0, 9.0, 5.0, 14.0, 11.0, 7.0, 11.0, 12.0, 7.0, 2.0, 9.0, 10.0, 7.0, 5.0, 3.0, 1.0, 6.0, 12.0, 17.0, 9.0, 8.0, 12.0, 9.0, 4.0, 6.0, 3.0, 15.0, 9.0, 9.0, 12.0, 10.0, 4.0, 7.0, 2.0, 12.0, 13.0, 11.0, 8.0, 1.0, 4.0, 8.0, 12.0, 2.0, 6.0, 3.0, 11.0, 7.0, 11.0, 6.0, 8.0, 11.0, 9.0, 8.0, 10.0, 7.0, 4.0, 14.0, 12.0, 12.0, 11.0, 12.0, 4.0, 4.0, 8.0, 13.0, 9.0, 4.0, 6.0, 11.0, 8.0, 15.0, 5.0, 4.0, 5.0, 11.0, 0.0, 11.0, 6.0, 2.0, 4.0, 4.0, 14.0, 7.0, 13.0, 14.0, 9.0, 12.0, 7.0, 2.0, 6.0, 10.0, 9.0], [4.0, 4.0, 15.0, 4.0, 15.0, 4.0, 4.0, 4.0, 4.0, 15.0, 18.0, 12.0, 14.0, 19.0, 9.0, 5.0, 3.0, 4.0, 10.0, 8.0, 6.0, 14.0, 18.0, 4.0, 8.0, 2.0, 4.0, 10.0, 9.0, 17.0, 16.0, 12.0, 12.0, 10.0, 16.0, 15.0, 18.0, 19.0, 13.0, 13.0, 18.0, 7.0, 5.0, 11.0, 17.0, 2.0, 19.0, 2.0, 1.0, 11.0, 11.0, 10.0, 20.0, 13.0, 4.0, 9.0, 12.0, 11.0, 14.0, 11.0, 13.0, 5.0, 14.0, 20.0, 17.0, 18.0, 13.0, 18.0, 17.0, 2.0, 16.0, 10.0, 17.0, 15.0, 15.0, 11.0, 11.0, 4.0, 3.0, 14.0, 7.0, 4.0, 14.0, 18.0, 7.0, 7.0, 21.0, 15.0, 17.0, 13.0, 15.0, 11.0, 14.0, 11.0, 0.0, 12.0, 9.0, 13.0, 12.0, 15.0, 16.0, 18.0, 16.0, 13.0, 20.0, 11.0, 9.0, 7.0, 3.0, 9.0], [15.0, 15.0, 15.0, 15.0, 15.0, 15.0, 15.0, 15.0, 15.0, 15.0, 6.0, 3.0, 3.0, 8.0, 8.0, 9.0, 11.0, 8.0, 2.0, 6.0, 9.0, 8.0, 7.0, 8.0, 7.0, 11.0, 9.0, 7.0, 5.0, 5.0, 5.0, 11.0, 4.0, 7.0, 6.0, 6.0, 11.0, 8.0, 2.0, 6.0, 7.0, 8.0, 6.0, 3.0, 9.0, 11.0, 8.0, 12.0, 11.0, 10.0, 2.0, 4.0, 9.0, 7.0, 10.0, 4.0, 6.0, 10.0, 3.0, 7.0, 7.0, 9.0, 8.0, 8.0, 6.0, 6.0, 12.0, 7.0, 6.0, 9.0, 4.0, 4.0, 7.0, 8.0, 8.0, 7.0, 7.0, 9.0, 11.0, 5.0, 9.0, 7.0, 7.0, 7.0, 7.0, 5.0, 9.0, 3.0, 9.0, 11.0, 8.0, 10.0, 5.0, 6.0, 12.0, 0.0, 6.0, 4.0, 10.0, 8.0, 6.0, 7.0, 8.0, 3.0, 8.0, 1.0, 6.0, 5.0, 10.0, 5.0], [13.0, 13.0, 9.0, 13.0, 9.0, 13.0, 13.0, 13.0, 13.0, 9.0, 11.0, 9.0, 7.0, 10.0, 2.0, 10.0, 7.0, 8.0, 5.0, 8.0, 4.0, 13.0, 12.0, 5.0, 10.0, 10.0, 5.0, 1.0, 8.0, 11.0, 9.0, 5.0, 4.0, 1.0, 7.0, 12.0, 17.0, 11.0, 8.0, 12.0, 10.0, 2.0, 5.0, 3.0, 16.0, 8.0, 11.0, 10.0, 8.0, 4.0, 7.0, 2.0, 13.0, 13.0, 10.0, 8.0, 3.0, 4.0, 9.0, 12.0, 4.0, 4.0, 5.0, 12.0, 8.0, 12.0, 6.0, 9.0, 12.0, 7.0, 10.0, 9.0, 9.0, 6.0, 14.0, 12.0, 12.0, 9.0, 10.0, 6.0, 3.0, 6.0, 13.0, 11.0, 2.0, 5.0, 13.0, 9.0, 16.0, 5.0, 6.0, 4.0, 11.0, 2.0, 9.0, 6.0, 0.0, 5.0, 4.0, 14.0, 8.0, 14.0, 14.0, 9.0, 13.0, 7.0, 1.0, 5.0, 9.0, 8.0], [17.0, 17.0, 12.0, 17.0, 12.0, 17.0, 17.0, 17.0, 17.0, 12.0, 6.0, 7.0, 1.0, 6.0, 7.0, 12.0, 12.0, 10.0, 4.0, 9.0, 9.0, 11.0, 7.0, 9.0, 11.0, 13.0, 10.0, 6.0, 8.0, 6.0, 3.0, 9.0, 1.0, 5.0, 3.0, 8.0, 14.0, 6.0, 5.0, 9.0, 5.0, 7.0, 8.0, 3.0, 13.0, 12.0, 6.0, 14.0, 12.0, 8.0, 5.0, 3.0, 8.0, 10.0, 13.0, 7.0, 3.0, 8.0, 5.0, 11.0, 4.0, 9.0, 5.0, 7.0, 3.0, 7.0, 10.0, 4.0, 8.0, 11.0, 4.0, 8.0, 4.0, 4.0, 11.0, 11.0, 11.0, 12.0, 13.0, 2.0, 8.0, 9.0, 11.0, 5.0, 7.0, 7.0, 7.0, 4.0, 13.0, 8.0, 4.0, 9.0, 8.0, 4.0, 13.0, 4.0, 5.0, 0.0, 7.0, 11.0, 3.0, 10.0, 11.0, 6.0, 8.0, 5.0, 5.0, 7.0, 12.0, 8.0], [16.0, 16.0, 5.0, 16.0, 5.0, 16.0, 16.0, 16.0, 16.0, 5.0, 13.0, 13.0, 9.0, 11.0, 3.0, 14.0, 9.0, 11.0, 8.0, 12.0, 6.0, 17.0, 15.0, 8.0, 14.0, 13.0, 8.0, 3.0, 12.0, 13.0, 11.0, 1.0, 7.0, 3.0, 8.0, 15.0, 20.0, 12.0, 12.0, 15.0, 11.0, 5.0, 8.0, 6.0, 19.0, 10.0, 12.0, 13.0, 11.0, 1.0, 10.0, 6.0, 15.0, 16.0, 14.0, 11.0, 4.0, 2.0, 12.0, 16.0, 4.0, 7.0, 3.0, 14.0, 10.0, 14.0, 3.0, 10.0, 15.0, 10.0, 12.0, 13.0, 9.0, 5.0, 18.0, 16.0, 16.0, 13.0, 13.0, 7.0, 5.0, 10.0, 17.0, 12.0, 5.0, 9.0, 14.0, 11.0, 19.0, 1.0, 6.0, 1.0, 14.0, 4.0, 12.0, 10.0, 4.0, 7.0, 0.0, 17.0, 10.0, 17.0, 18.0, 13.0, 15.0, 11.0, 5.0, 8.0, 12.0, 12.0], [16.0, 16.0, 23.0, 16.0, 23.0, 16.0, 16.0, 16.0, 16.0, 23.0, 9.0, 5.0, 11.0, 14.0, 16.0, 10.0, 16.0, 11.0, 9.0, 7.0, 15.0, 0.0, 8.0, 13.0, 7.0, 13.0, 14.0, 15.0, 6.0, 9.0, 11.0, 19.0, 12.0, 15.0, 13.0, 4.0, 3.0, 14.0, 7.0, 2.0, 13.0, 14.0, 11.0, 11.0, 2.0, 15.0, 13.0, 14.0, 15.0, 17.0, 7.0, 12.0, 12.0, 1.0, 11.0, 7.0, 13.0, 17.0, 7.0, 4.0, 15.0, 14.0, 16.0, 12.0, 13.0, 8.0, 20.0, 14.0, 7.0, 13.0, 9.0, 5.0, 14.0, 16.0, 1.0, 3.0, 4.0, 11.0, 13.0, 13.0, 15.0, 11.0, 1.0, 12.0, 14.0, 10.0, 14.0, 8.0, 2.0, 18.0, 15.0, 18.0, 4.0, 14.0, 15.0, 8.0, 14.0, 11.0, 17.0, 0.0, 12.0, 5.0, 2.0, 6.0, 12.0, 7.0, 13.0, 10.0, 12.0, 6.0], [20.0, 20.0, 14.0, 20.0, 14.0, 20.0, 20.0, 20.0, 20.0, 14.0, 4.0, 8.0, 2.0, 3.0, 10.0, 15.0, 15.0, 13.0, 6.0, 11.0, 12.0, 12.0, 6.0, 12.0, 13.0, 16.0, 13.0, 8.0, 10.0, 4.0, 1.0, 11.0, 4.0, 8.0, 2.0, 9.0, 14.0, 3.0, 5.0, 10.0, 2.0, 10.0, 11.0, 6.0, 13.0, 15.0, 3.0, 17.0, 15.0, 10.0, 7.0, 6.0, 5.0, 11.0, 15.0, 9.0, 6.0, 11.0, 5.0, 12.0, 6.0, 12.0, 7.0, 4.0, 1.0, 6.0, 12.0, 2.0, 7.0, 14.0, 3.0, 10.0, 1.0, 5.0, 12.0, 12.0, 12.0, 15.0, 16.0, 2.0, 11.0, 12.0, 12.0, 2.0, 10.0, 10.0, 5.0, 4.0, 13.0, 10.0, 5.0, 11.0, 8.0, 7.0, 16.0, 6.0, 8.0, 3.0, 10.0, 12.0, 0.0, 9.0, 11.0, 7.0, 5.0, 7.0, 8.0, 10.0, 15.0, 10.0], [20.0, 20.0, 22.0, 20.0, 22.0, 20.0, 20.0, 20.0, 20.0, 22.0, 5.0, 5.0, 9.0, 11.0, 16.0, 14.0, 18.0, 13.0, 9.0, 10.0, 16.0, 5.0, 4.0, 15.0, 10.0, 16.0, 16.0, 15.0, 9.0, 5.0, 8.0, 18.0, 10.0, 14.0, 11.0, 2.0, 5.0, 10.0, 5.0, 5.0, 9.0, 15.0, 13.0, 11.0, 5.0, 17.0, 9.0, 17.0, 17.0, 17.0, 7.0, 12.0, 7.0, 5.0, 15.0, 9.0, 13.0, 17.0, 5.0, 8.0, 14.0, 16.0, 15.0, 8.0, 10.0, 4.0, 20.0, 10.0, 2.0, 16.0, 6.0, 7.0, 10.0, 13.0, 4.0, 8.0, 8.0, 14.0, 16.0, 11.0, 16.0, 13.0, 5.0, 8.0, 14.0, 11.0, 9.0, 6.0, 5.0, 17.0, 13.0, 18.0, 3.0, 13.0, 18.0, 7.0, 14.0, 10.0, 17.0, 5.0, 9.0, 0.0, 3.0, 5.0, 7.0, 7.0, 13.0, 12.0, 15.0, 9.0], [18.0, 18.0, 23.0, 18.0, 23.0, 18.0, 18.0, 18.0, 18.0, 23.0, 8.0, 5.0, 10.0, 13.0, 16.0, 12.0, 17.0, 12.0, 9.0, 9.0, 16.0, 3.0, 7.0, 15.0, 9.0, 15.0, 15.0, 15.0, 7.0, 7.0, 10.0, 19.0, 11.0, 15.0, 12.0, 2.0, 3.0, 13.0, 6.0, 3.0, 11.0, 15.0, 12.0, 11.0, 2.0, 16.0, 12.0, 16.0, 16.0, 18.0, 7.0, 12.0, 10.0, 3.0, 13.0, 8.0, 13.0, 18.0, 6.0, 6.0, 15.0, 15.0, 16.0, 10.0, 12.0, 6.0, 20.0, 13.0, 5.0, 14.0, 8.0, 6.0, 13.0, 15.0, 1.0, 5.0, 6.0, 13.0, 14.0, 12.0, 16.0, 12.0, 3.0, 10.0, 14.0, 11.0, 12.0, 7.0, 2.0, 18.0, 15.0, 18.0, 3.0, 14.0, 16.0, 8.0, 14.0, 11.0, 18.0, 2.0, 11.0, 3.0, 0.0, 5.0, 10.0, 7.0, 13.0, 11.0, 13.0, 8.0], [16.0, 16.0, 18.0, 16.0, 18.0, 16.0, 16.0, 16.0, 16.0, 18.0, 5.0, 2.0, 5.0, 9.0, 11.0, 10.0, 13.0, 9.0, 4.0, 6.0, 11.0, 5.0, 5.0, 11.0, 7.0, 12.0, 11.0, 10.0, 5.0, 4.0, 6.0, 14.0, 6.0, 10.0, 8.0, 3.0, 8.0, 9.0, 1.0, 4.0, 7.0, 10.0, 8.0, 6.0, 7.0, 13.0, 8.0, 13.0, 13.0, 13.0, 3.0, 7.0, 8.0, 5.0, 11.0, 4.0, 8.0, 13.0, 2.0, 6.0, 10.0, 11.0, 11.0, 8.0, 7.0, 4.0, 15.0, 8.0, 4.0, 11.0, 4.0, 4.0, 8.0, 10.0, 5.0, 6.0, 6.0, 10.0, 12.0, 7.0, 11.0, 9.0, 5.0, 7.0, 10.0, 7.0, 9.0, 3.0, 7.0, 13.0, 10.0, 13.0, 2.0, 9.0, 13.0, 3.0, 9.0, 6.0, 13.0, 6.0, 7.0, 5.0, 5.0, 0.0, 8.0, 2.0, 9.0, 7.0, 11.0, 5.0], [23.0, 23.0, 19.0, 23.0, 19.0, 23.0, 23.0, 23.0, 23.0, 19.0, 3.0, 9.0, 7.0, 5.0, 15.0, 18.0, 19.0, 16.0, 10.0, 14.0, 16.0, 12.0, 3.0, 16.0, 15.0, 20.0, 17.0, 13.0, 12.0, 4.0, 4.0, 16.0, 9.0, 13.0, 7.0, 8.0, 12.0, 4.0, 7.0, 11.0, 4.0, 15.0, 15.0, 10.0, 12.0, 19.0, 3.0, 20.0, 19.0, 15.0, 10.0, 11.0, 0.0, 11.0, 18.0, 12.0, 11.0, 16.0, 6.0, 13.0, 11.0, 16.0, 12.0, 1.0, 5.0, 4.0, 17.0, 5.0, 5.0, 18.0, 4.0, 11.0, 6.0, 10.0, 11.0, 13.0, 13.0, 18.0, 19.0, 8.0, 16.0, 16.0, 12.0, 3.0, 14.0, 13.0, 2.0, 5.0, 12.0, 15.0, 10.0, 16.0, 8.0, 12.0, 20.0, 8.0, 13.0, 8.0, 15.0, 12.0, 5.0, 7.0, 10.0, 8.0, 0.0, 9.0, 13.0, 13.0, 18.0, 13.0], [14.0, 14.0, 16.0, 14.0, 16.0, 14.0, 14.0, 14.0, 14.0, 16.0, 7.0, 2.0, 5.0, 10.0, 9.0, 8.0, 11.0, 7.0, 2.0, 4.0, 9.0, 7.0, 7.0, 8.0, 6.0, 10.0, 9.0, 8.0, 3.0, 6.0, 6.0, 12.0, 5.0, 8.0, 7.0, 5.0, 10.0, 9.0, 2.0, 5.0, 8.0, 8.0, 6.0, 4.0, 9.0, 10.0, 9.0, 11.0, 10.0, 11.0, 0.0, 5.0, 9.0, 6.0, 9.0, 3.0, 7.0, 11.0, 3.0, 6.0, 8.0, 8.0, 10.0, 9.0, 7.0, 7.0, 13.0, 9.0, 6.0, 9.0, 5.0, 3.0, 8.0, 9.0, 7.0, 6.0, 6.0, 8.0, 10.0, 7.0, 9.0, 7.0, 6.0, 8.0, 7.0, 4.0, 10.0, 4.0, 9.0, 11.0, 9.0, 11.0, 4.0, 7.0, 11.0, 1.0, 7.0, 5.0, 11.0, 7.0, 7.0, 7.0, 7.0, 2.0, 9.0, 0.0, 6.0, 5.0, 9.0, 3.0], [13.0, 13.0, 10.0, 13.0, 10.0, 13.0, 13.0, 13.0, 13.0, 10.0, 11.0, 8.0, 7.0, 11.0, 3.0, 9.0, 7.0, 7.0, 4.0, 7.0, 3.0, 13.0, 12.0, 4.0, 9.0, 10.0, 5.0, 2.0, 7.0, 10.0, 9.0, 6.0, 4.0, 2.0, 7.0, 11.0, 16.0, 11.0, 8.0, 11.0, 10.0, 2.0, 4.0, 3.0, 15.0, 7.0, 11.0, 10.0, 7.0, 4.0, 6.0, 2.0, 13.0, 12.0, 9.0, 7.0, 3.0, 4.0, 9.0, 11.0, 4.0, 4.0, 6.0, 12.0, 9.0, 12.0, 7.0, 10.0, 12.0, 6.0, 9.0, 8.0, 9.0, 7.0, 13.0, 11.0, 11.0, 9.0, 9.0, 6.0, 3.0, 6.0, 13.0, 11.0, 1.0, 5.0, 13.0, 8.0, 15.0, 6.0, 7.0, 5.0, 10.0, 2.0, 9.0, 6.0, 1.0, 5.0, 5.0, 13.0, 8.0, 13.0, 13.0, 9.0, 13.0, 6.0, 0.0, 4.0, 8.0, 7.0], [10.0, 10.0, 13.0, 10.0, 13.0, 10.0, 10.0, 10.0, 10.0, 13.0, 11.0, 6.0, 7.0, 12.0, 6.0, 6.0, 6.0, 4.0, 4.0, 4.0, 5.0, 10.0, 12.0, 3.0, 6.0, 7.0, 4.0, 6.0, 4.0, 10.0, 10.0, 9.0, 6.0, 6.0, 9.0, 9.0, 13.0, 13.0, 7.0, 8.0, 11.0, 4.0, 1.0, 4.0, 12.0, 6.0, 12.0, 7.0, 6.0, 8.0, 4.0, 4.0, 14.0, 9.0, 6.0, 4.0, 6.0, 8.0, 8.0, 8.0, 8.0, 4.0, 9.0, 13.0, 10.0, 11.0, 10.0, 11.0, 11.0, 4.0, 9.0, 5.0, 11.0, 10.0, 11.0, 8.0, 8.0, 5.0, 7.0, 8.0, 5.0, 3.0, 10.0, 11.0, 4.0, 1.0, 14.0, 8.0, 12.0, 10.0, 10.0, 8.0, 8.0, 6.0, 7.0, 5.0, 5.0, 7.0, 8.0, 10.0, 10.0, 12.0, 11.0, 7.0, 13.0, 5.0, 4.0, 0.0, 5.0, 4.0], [5.0, 5.0, 16.0, 5.0, 16.0, 5.0, 5.0, 5.0, 5.0, 16.0, 15.0, 10.0, 12.0, 17.0, 9.0, 2.0, 5.0, 2.0, 8.0, 5.0, 7.0, 11.0, 16.0, 4.0, 5.0, 2.0, 4.0, 10.0, 6.0, 15.0, 14.0, 12.0, 11.0, 10.0, 14.0, 12.0, 15.0, 17.0, 11.0, 10.0, 16.0, 7.0, 4.0, 9.0, 14.0, 3.0, 17.0, 2.0, 3.0, 11.0, 8.0, 9.0, 18.0, 11.0, 2.0, 7.0, 11.0, 11.0, 12.0, 8.0, 12.0, 5.0, 13.0, 18.0, 15.0, 15.0, 13.0, 16.0, 15.0, 2.0, 14.0, 8.0, 16.0, 14.0, 12.0, 9.0, 8.0, 1.0, 2.0, 13.0, 8.0, 2.0, 11.0, 16.0, 7.0, 5.0, 19.0, 13.0, 14.0, 13.0, 14.0, 12.0, 12.0, 10.0, 3.0, 10.0, 9.0, 12.0, 12.0, 12.0, 15.0, 15.0, 13.0, 11.0, 18.0, 9.0, 8.0, 5.0, 0.0, 6.0], [11.0, 11.0, 17.0, 11.0, 17.0, 11.0, 11.0, 11.0, 11.0, 17.0, 10.0, 4.0, 8.0, 13.0, 10.0, 5.0, 9.0, 4.0, 4.0, 1.0, 9.0, 6.0, 10.0, 7.0, 3.0, 7.0, 7.0, 9.0, 0.0, 9.0, 10.0, 13.0, 8.0, 9.0, 11.0, 7.0, 10.0, 13.0, 6.0, 5.0, 12.0, 8.0, 5.0, 7.0, 9.0, 8.0, 13.0, 8.0, 8.0, 12.0, 3.0, 7.0, 13.0, 5.0, 6.0, 1.0, 9.0, 12.0, 6.0, 4.0, 11.0, 8.0, 12.0, 12.0, 11.0, 10.0, 14.0, 12.0, 9.0, 7.0, 9.0, 2.0, 12.0, 12.0, 7.0, 4.0, 4.0, 5.0, 7.0, 10.0, 9.0, 4.0, 6.0, 11.0, 7.0, 3.0, 14.0, 7.0, 9.0, 13.0, 12.0, 12.0, 6.0, 9.0, 9.0, 5.0, 8.0, 8.0, 12.0, 6.0, 10.0, 9.0, 8.0, 5.0, 13.0, 3.0, 7.0, 4.0, 6.0, 0.0]]
