100 4283.35 0 1680 28 60
[4269.85, 6798.25, 8171.75, 1929.95, 6988.6, 3715.79, 6894.75, 4859.53, 4671.24, 8236.05, 5234.25, 2805.22, 130.89, 6124.43, 5735.32, 7404.08, 6409.55, 4755.26, 972.71, 6225.71, 1737.68, 8361.35, 7544.77, 5348.07, 3659.93, 6248.46, 3145.96, 741.66, 6991.25, 2876.25, 3061.76, 5436.95, 5197.13, 8252.63, 1570.21, 199.65, 8498.45, 6125.16, 630.74, 5359.37, 3157.36, 8202.83, 1267.99, 258.1, 5380.29, 4208.62, 8717.88, 3886.42, 5110.24, 3455.98, 8076.62, 6993.59, 4759.79, 4747.9, 8231.96, 4811.28, 6888.62, 2918.65, 3175.02, 2942.33, 599.71, 1864.31, 3987.48, 4952.01, 4856.3, 780.68, 4612.25, 2652.69, 9588.03, 8642.78, 5208.35, 1328.81, 3467.13, 3653.5, 6268.35, 6323.39, 2950.53, 9431.74, 2827.18, 5681.91, 6921.72, 8751.01, 5328.96, 9859.56, 8229.66, 7494.21, 9171.7, 5283.49, 7936.5, 2751.0, 7256.22, 6195.91, 9027.9, 9737.16, 774.25, 6078.06, 5106.25, 3140.84, 1741.67, 8188.71]
[1531.54, 3724.21, 3272.15, 6067.36, 6584.09, 7255.91, 3052.79, 5204.1, 2428.66, 8717.16, 7482.42, 2119.23, 5231.96, 7512.42, 8110.62, 5721.21, 3148.61, 7763.71, 2137.0, 2633.78, 7094.51, 8252.68, 1061.25, 2532.72, 1878.26, 6838.21, 1286.24, 7851.5, 7127.56, 8241.97, 3570.44, 4086.48, 2382.6, 1385.7, 8737.51, 4961.06, 1916.06, 5762.8, 4640.83, 4117.1, 3434.24, 7755.64, 7248.49, 1467.32, 3640.37, 7776.12, 4290.31, 4073.09, 2167.84, 3851.18, 8417.12, 2121.12, 6302.1, 3352.57, 7671.25, 3686.68, 3468.84, 1542.42, 2038.09, 6776.5, 1714.87, 3576.15, 4633.16, 7509.91, 4468.12, 4127.56, 6604.76, 7956.15, 8562.76, 3087.63, 7511.3, 6628.22, 6548.53, 6522.27, 2707.79, 4221.43, 8015.53, 6261.31, 6355.98, 7649.29, 5174.52, 1190.53, 3095.54, 6665.09, 7722.65, 8839.05, 5564.52, 1215.52, 6025.19, 7222.17, 4858.87, 5360.08, 7101.51, 2152.99, 5397.72, 2434.91, 1633.82, 6286.37, 3093.15, 8212.7]
[4, 7, 8, 2, 7, 4, 7, 5, 5, 8, 5, 3, 1, 6, 6, 7, 6, 5, 1, 6, 2, 8, 7, 5, 4, 6, 3, 1, 7, 3, 3, 5, 5, 8, 2, 1, 8, 6, 1, 5, 3, 8, 2, 1, 5, 4, 8, 4, 5, 4, 8, 7, 5, 5, 8, 5, 7, 3, 3, 3, 1, 2, 4, 5, 5, 1, 5, 3, 9, 8, 5, 2, 4, 4, 6, 6, 3, 9, 3, 6, 7, 8, 5, 9, 8, 7, 9, 5, 8, 3, 7, 6, 9, 9, 1, 6, 5, 3, 2, 8]
[1, 2, 3, 4, 5, 6, 7, 8, 9, 10, 11, 12, 13, 14, 15, 16, 17, 18, 19, 20, 21, 22, 23, 24, 25, 26, 27, 28, 29, 30, 31, 32, 33, 34, 35, 36, 37, 38, 39, 40, 41, 42, 43, 44, 45, 46, 47, 48, 49, 50, 51, 52, 53, 54, 55, 56, 57, 58, 59, 60, 61, 62, 63, 64, 65, 66, 67, 68, 69, 70, 71, 72, 73, 74, 75, 76, 77, 78, 79, 80, 81, 82, 83, 84, 85, 86, 87, 88, 89, 90, 91, 92, 93, 94, 95, 96, 97, 98, 99, 100]
[1, 1, 1, 3, 1, 1, 1, 2, 2, 1, 2, 3, 1, 2, 2, 1, 2, 2, 1, 2, 3, 1, 1, 2, 1, 2, 3, 1, 1, 3, 3, 2, 2, 1, 3, 1, 1, 2, 1, 2, 3, 1, 3, 1, 2, 1, 1, 1, 2, 1, 1, 1, 2, 2, 1, 2, 1, 3, 3, 3, 1, 3, 1, 2, 2, 1, 2, 3, 1, 1, 2, 3, 1, 1, 2, 2, 3, 1, 3, 2, 1, 1, 2, 1, 1, 1, 1, 2, 1, 3, 1, 2, 1, 1, 1, 2, 2, 3, 3, 1]
[1, 3, 2, 3, 3, 1, 3, 1, 1, 2, 1, 3, 2, 1, 1, 3, 1, 1, 2, 1, 3, 2, 3, 1, 1, 1, 3, 2, 3, 3, 3, 1, 1, 2, 3, 2, 2, 1, 2, 1, 3, 2, 3, 2, 1, 1, 2, 1, 1, 1, 2, 3, 1, 1, 2, 1, 3, 3, 3, 3, 2, 3, 1, 1, 1, 2, 1, 3, 1, 2, 1, 3, 1, 1, 1, 1, 3, 1, 3, 1, 3, 2, 1, 1, 2, 3, 1, 1, 2, 3, 3, 1, 1, 1, 2, 1, 1, 3, 3, 2]
[2, 3, 3, 10, 5, 4, 8, 5, 3, 6, 5, 4, 7, 4, 9, 7, 2, 2, 10, 5, 8, 1, 10, 10, 2, 1, 10, 1, 3, 8, 5, 5, 9, 3, 1, 9, 8, 7, 4, 7, 5, 3, 2, 7, 2, 7, 2, 7, 6, 9, 5, 8, 4, 9, 8, 4, 8, 7, 10, 1, 3, 9, 6, 2, 4, 5, 7, 8, 8, 3, 3, 1, 5, 2, 4, 7, 4, 8, 4, 6, 10, 10, 2, 7, 2, 6, 4, 2, 4, 7, 5, 4, 2, 10, 4, 1, 10, 10, 2, 8]
[3942.03, 3546.51, 3785.13, 4392.68, 3956.83, 4064.9, 4246.64, 4287.17, 3941.83, 3518.62, 4399.37, 3569.42, 4491.88, 3599.36, 4209.1, 3233.57, 4164.18, 4319.5, 4420.83, 4290.96, 4295.39, 3426.83, 4385.95, 4369.04, 3760.11, 3116.74, 4383.41, 3560.93, 3402.99, 4233.53, 4223.19, 4410.02, 4100.27, 4033.15, 3540.37, 4068.76, 4228.34, 3430.95, 3519.26, 3521.2, 4139.44, 3415.71, 3651.16, 3974.85, 3534.73, 4697.57, 3768.12, 3942.24, 3184.16, 4069.57, 4023.41, 4265.32, 3589.98, 4265.7, 4321.11, 3936.54, 4217.17, 3280.33, 4372.3, 3882.61, 3283.89, 4217.17, 3332.5, 3881.91, 4003.69, 4184.55, 3668.9, 4261.3, 4273.85, 3663.52, 3738.84, 3762.89, 4055.43, 4076.37, 4101.42, 3671.5, 3660.42, 4314.15, 3775.82, 3120.88, 4390.47, 4369.47, 3909.89, 4529.16, 4225.31, 3584.56, 3510.49, 3787.06, 3755.17, 3603.46, 4299.4, 4282.73, 4403.07, 4404.46, 4366.97, 3664.68, 4369.19, 4364.99, 3653.32, 4272.68]
[0.42, 0.38, 0.42, 0.54, 0.4, 0.73, 0.68, 0.5, 0.39, 0.73, 0.31, 0.87, 0.8, 0.89, 0.98, 0.8, 0.66, 0.64, 0.54, 0.28, 0.67, 0.75, 0.77, 0.71, 0.48, 0.73, 0.55, 0.64, 0.24, 0.77, 0.27, 0.66, 0.94, 0.23, 0.62, 0.72, 0.59, 0.54, 0.68, 0.75, 0.49, 0.37, 0.48, 0.59, 0.67, 0.75, 0.66, 0.81, 0.55, 0.95, 0.24, 0.73, 0.51, 0.97, 0.64, 0.8, 0.59, 0.74, 0.58, 0.56, 0.32, 0.82, 0.49, 0.69, 0.69, 0.25, 0.84, 0.62, 0.7, 0.41, 0.33, 0.54, 0.47, 0.57, 0.83, 0.6, 0.77, 0.74, 0.84, 0.75, 0.63, 0.48, 0.41, 0.69, 0.44, 0.79, 0.79, 0.63, 0.73, 0.66, 0.54, 0.59, 0.69, 0.77, 0.66, 0.77, 0.61, 0.62, 0.44, 0.68]
[0.94, 0.51, 1.07, 0.54, 1.05, 0.95, 0.86, 0.55, 0.8, 0.61, 0.63, 1.07, 0.79, 0.53, 0.54, 1.01, 0.68, 0.86, 1.04, 0.89, 1.01, 0.58, 1.01, 0.95, 0.79, 0.82, 0.75, 1.03, 0.9, 0.87, 0.64, 0.75, 0.55, 0.65, 0.9, 0.96, 0.79, 0.96, 0.91, 0.76, 0.85, 0.71, 0.82, 0.65, 1.07, 0.88, 0.82, 0.86, 0.71, 0.78, 0.58, 0.73, 0.87, 0.72, 0.87, 0.85, 0.55, 0.81, 1.06, 0.76, 0.77, 0.51, 0.71, 0.61, 0.75, 0.56, 0.76, 1.09, 0.83, 0.74, 0.91, 1.0, 0.93, 0.55, 0.93, 0.94, 0.53, 0.72, 0.52, 0.71, 0.81, 0.8, 0.88, 0.75, 0.67, 0.9, 0.82, 0.98, 1.0, 1.07, 0.54, 0.82, 1.05, 0.66, 1.06, 1.01, 0.97, 0.64, 0.51, 0.7]
[0.58, 0.62, 1.01, 0.5, 1.0, 0.62, 0.82, 0.52, 0.89, 1.05, 0.86, 0.51, 0.63, 0.64, 0.97, 1.03, 0.68, 0.52, 0.7, 0.69, 0.84, 0.62, 0.72, 0.6, 1.01, 0.72, 0.61, 0.84, 0.52, 0.74, 1.01, 0.76, 0.67, 0.96, 0.71, 0.84, 0.9, 0.99, 0.95, 0.86, 0.63, 1.02, 0.91, 0.76, 0.61, 0.52, 0.57, 0.62, 0.72, 0.66, 1.08, 0.95, 0.81, 1.03, 0.93, 1.04, 1.06, 1.07, 0.76, 0.96, 0.96, 0.53, 0.64, 0.67, 0.54, 0.7, 0.7, 0.86, 0.52, 1.0, 0.63, 0.93, 0.74, 0.68, 0.77, 0.56, 1.07, 0.78, 1.04, 0.64, 1.01, 1.03, 0.85, 1.03, 0.78, 0.7, 0.81, 0.82, 0.86, 0.59, 0.6, 1.09, 0.69, 0.72, 1.0, 0.63, 0.72, 0.54, 0.6, 0.87]
[0.52, 0.91, 0.8, 1.1, 1.01, 0.98, 0.69, 0.9, 0.81, 0.77, 0.76, 0.84, 0.64, 1.07, 0.84, 0.54, 0.84, 0.79, 1.03, 0.54, 0.83, 0.97, 1.09, 0.64, 0.97, 1.09, 0.91, 0.91, 1.06, 0.63, 0.86, 0.53, 0.51, 0.52, 0.66, 1.0, 1.08, 0.73, 0.72, 0.99, 0.7, 0.6, 0.72, 0.53, 1.02, 1.0, 0.8, 0.85, 0.6, 0.97, 0.5, 0.79, 0.79, 1.05, 0.93, 0.83, 1.09, 0.8, 0.57, 0.51, 0.97, 0.94, 0.61, 0.64, 0.54, 0.64, 0.56, 0.99, 0.68, 1.06, 0.77, 0.52, 0.82, 0.55, 0.71, 0.67, 1.02, 1.06, 0.93, 0.92, 0.87, 0.62, 0.94, 0.53, 0.74, 0.77, 0.7, 0.68, 0.6, 0.74, 1.07, 0.75, 0.75, 0.94, 1.01, 0.73, 0.98, 0.72, 0.88, 0.57]
[0.83, 1.06, 0.68, 0.5, 0.78, 0.76, 0.97, 1.01, 0.9, 0.62, 1.06, 0.53, 0.96, 0.91, 0.85, 0.84, 0.71, 0.98, 1.03, 0.83, 0.53, 0.84, 0.61, 0.56, 0.65, 0.53, 0.6, 1.01, 0.68, 0.71, 0.58, 0.79, 1.04, 0.8, 0.71, 1.0, 0.79, 0.86, 1.0, 0.51, 0.52, 0.67, 1.02, 0.84, 0.74, 1.1, 0.53, 0.66, 0.87, 0.66, 0.93, 0.91, 0.85, 0.73, 0.57, 0.69, 0.52, 0.75, 0.72, 0.78, 0.83, 0.7, 0.59, 0.71, 0.8, 1.06, 0.56, 0.88, 0.83, 0.52, 1.06, 1.07, 0.7, 1.1, 1.07, 1.04, 1.02, 0.54, 1.04, 0.72, 0.84, 0.57, 0.85, 0.85, 0.57, 1.04, 0.6, 0.96, 1.02, 0.52, 0.98, 0.78, 1.1, 1.09, 0.53, 1.04, 1.03, 0.8, 0.91, 1.09]
[0.81, 1.01, 0.51, 0.75, 0.52, 0.8, 0.64, 0.86, 1.07, 0.52, 0.97, 1.08, 0.73, 0.58, 0.98, 0.92, 0.95, 0.74, 1.0, 0.58, 0.97, 0.66, 0.54, 1.1, 1.04, 1.04, 0.71, 0.68, 1.02, 0.92, 0.76, 0.64, 0.63, 0.79, 0.57, 0.54, 0.86, 0.7, 1.05, 1.09, 0.53, 0.79, 1.04, 0.97, 0.75, 0.79, 0.51, 0.95, 0.53, 0.61, 0.89, 0.52, 1.01, 0.98, 0.71, 0.98, 0.79, 0.65, 1.08, 0.65, 0.92, 0.67, 1.04, 0.85, 0.64, 0.74, 1.06, 0.65, 1.04, 1.02, 0.55, 0.51, 0.78, 1.05, 0.62, 0.74, 0.61, 0.64, 1.01, 0.54, 0.5, 0.52, 1.03, 0.62, 0.97, 0.57, 0.76, 1.08, 0.98, 0.65, 0.63, 0.65, 0.95, 0.94, 0.59, 0.57, 1.02, 0.76, 0.85, 0.72]
[0.19, 0.3, 0.3, 0.11, 0.43, 0.35, 0.3, 0.22, 0.55, 0.16, 0.42, 0.26, 0.23, 0.19, 0.37, 0.43, 0.26, 0.26, 0.77, 0.16, 0.37, 0.19, 0.26, 0.22, 0.53, 0.36, 0.18, 0.55, 0.35, 0.27, 0.25, 0.15, 0.12, 0.21, 0.17, 0.43, 0.52, 0.42, 0.65, 0.36, 0.1, 0.23, 0.57, 0.21, 0.37, 0.4, 0.1, 0.28, 0.14, 0.2, 0.26, 0.26, 0.47, 0.55, 0.3, 0.5, 0.26, 0.34, 0.36, 0.19, 0.54, 0.12, 0.17, 0.16, 0.11, 0.19, 0.18, 0.53, 0.25, 0.42, 0.26, 0.27, 0.31, 0.24, 0.34, 0.27, 0.36, 0.21, 0.53, 0.16, 0.3, 0.15, 0.61, 0.22, 0.21, 0.29, 0.21, 0.57, 0.51, 0.16, 0.21, 0.34, 0.56, 0.46, 0.34, 0.27, 0.72, 0.15, 0.21, 0.27]
[690.14, 835.69, 596.87, 924.06, 1119.24, 2549.1, 2165.24, 1233.49, 618.35, 1231.21, 1015.28, 2166.24, 1504.38, 2318.82, 1271.49, 1364.36, 631.39, 700.76, 813.15, 1088.95, 2108.87, 1458.59, 1059.19, 837.25, 591.38, 1539.2, 919.13, 1238.24, 571.22, 2110.67, 689.7, 1107.04, 1254.05, 779.29, 1377.03, 877.47, 2159.76, 1180.17, 2383.45, 1430.71, 862.19, 806.63, 634.88, 1195.19, 737.2, 1094.25, 665.94, 1459.79, 1116.65, 947.01, 1075.82, 2206.65, 1850.97, 825.93, 2335.58, 2525.19, 2052.8, 1317.39, 857.4, 1216.21, 436.07, 1219.38, 1503.54, 736.67, 2315.26, 680.07, 1266.99, 2117.92, 2424.31, 590.24, 632.91, 1365.53, 821.6, 712.14, 2859.32, 1377.08, 2315.04, 2324.27, 2024.24, 1954.96, 943.98, 805.32, 614.07, 1403.76, 683.97, 1772.39, 2563.3, 609.75, 2248.62, 1205.78, 977.73, 2075.07, 708.7, 1119.55, 2189.07, 1429.08, 883.69, 849.13, 646.03, 2004.9]
[137.09, 266.46, 163.79, 116.31, 471.61, 922.52, 602.74, 295.23, 335.71, 168.23, 434.74, 570.26, 392.74, 479.38, 489.37, 561.01, 179.56, 179.26, 611.92, 172.38, 784.41, 277.27, 291.36, 166.17, 323.06, 585.08, 148.66, 690.86, 197.38, 571.7, 161.32, 170.64, 134.27, 161.03, 242.82, 384.05, 1121.57, 506.7, 1507.36, 521.16, 90.03, 198.97, 360.35, 247.33, 273.61, 448.17, 65.62, 424.31, 152.81, 186.02, 271.88, 522.24, 828.94, 467.08, 691.44, 1280.89, 494.25, 492.02, 308.29, 230.59, 248.37, 149.04, 264.93, 133.29, 266.94, 135.3, 236.98, 1163.43, 634.56, 257.6, 167.56, 368.47, 240.53, 168.75, 922.0, 383.49, 788.27, 441.56, 1091.44, 360.29, 296.76, 144.97, 363.3, 310.52, 152.15, 503.9, 553.03, 343.99, 1164.69, 178.85, 221.37, 653.07, 387.46, 532.21, 708.51, 381.35, 637.37, 117.16, 130.36, 542.41]
[2950.72, 3678.44, 2484.36, 4120.28, 5096.18, 12245.51, 10326.2, 5667.46, 2591.76, 5656.05, 4576.38, 10331.22, 7021.88, 11094.08, 5857.45, 6321.79, 2656.97, 3003.79, 3565.76, 4944.74, 10044.36, 6792.95, 4795.95, 3686.23, 2456.9, 7196.01, 4095.65, 5691.21, 2356.08, 10053.33, 2948.49, 5035.2, 5770.25, 3396.46, 6385.15, 3887.33, 10298.79, 5400.84, 11417.23, 6653.57, 3810.95, 3533.13, 2674.4, 5475.95, 3185.99, 4971.25, 2829.68, 6798.96, 5083.24, 4235.04, 4879.09, 10533.25, 8754.87, 3629.63, 11177.92, 12125.94, 9764.01, 6086.96, 3787.01, 5581.04, 1680.35, 5596.89, 7017.71, 3183.36, 11076.29, 2900.35, 5834.97, 10089.61, 11621.53, 2451.22, 2664.57, 6327.64, 3608.0, 3060.69, 13796.59, 6385.41, 11075.22, 11121.33, 9621.18, 9274.79, 4219.9, 3526.61, 2570.34, 6518.79, 2919.86, 8361.94, 12316.5, 2548.73, 10743.08, 5528.91, 4388.67, 9875.35, 3043.51, 5097.76, 10445.35, 6645.39, 3918.43, 3745.64, 2730.14, 9524.52]
[185.47, 832.28, 318.95, 81.55, 1858.07, 4112.59, 2513.72, 976.14, 1178.54, 341.17, 1673.7, 2351.29, 1463.69, 1896.88, 1946.84, 2305.03, 397.78, 396.28, 2559.61, 361.89, 3422.04, 886.36, 956.81, 330.84, 1115.29, 2425.41, 243.3, 2954.31, 486.91, 2358.48, 306.61, 353.21, 171.35, 305.16, 714.11, 1420.23, 5107.83, 2033.52, 7036.8, 2105.79, -49.85, 494.85, 1301.73, 736.67, 868.05, 1740.86, -171.91, 1621.54, 264.06, 430.1, 859.38, 2111.22, 3644.68, 1835.38, 2957.21, 5904.44, 1971.23, 1960.1, 1041.45, 652.96, 741.84, 245.18, 824.65, 166.47, 834.72, 176.49, 684.89, 5317.17, 2672.78, 787.98, 337.8, 1342.34, 702.67, 343.73, 4109.99, 1417.47, 3441.37, 1707.8, 4957.22, 1301.46, 983.79, 224.86, 1316.48, 1052.61, 260.76, 2019.48, 2265.15, 1219.93, 5323.43, 394.23, 606.84, 2765.34, 1437.29, 2161.05, 3042.57, 1406.74, 2686.83, 85.82, 151.78, 2212.05]
[78.84, 70.93, 75.7, 175.71, 79.14, 81.3, 84.93, 128.61, 118.25, 70.37, 131.98, 142.78, 89.84, 107.98, 126.27, 64.67, 124.93, 129.59, 88.42, 128.73, 171.82, 68.54, 87.72, 131.07, 75.2, 93.5, 175.34, 71.22, 68.06, 169.34, 168.93, 132.3, 123.01, 80.66, 141.61, 81.38, 84.57, 102.93, 70.39, 105.64, 165.58, 68.31, 146.05, 79.5, 106.04, 93.95, 75.36, 78.84, 95.52, 81.39, 80.47, 85.31, 107.7, 127.97, 86.42, 118.1, 84.34, 131.21, 174.89, 155.3, 65.68, 168.69, 66.65, 116.46, 120.11, 83.69, 110.07, 170.45, 85.48, 73.27, 112.17, 150.52, 81.11, 81.53, 123.04, 110.14, 146.42, 86.28, 151.03, 93.63, 87.81, 87.39, 117.3, 90.58, 84.51, 71.69, 70.21, 113.61, 75.1, 144.14, 85.99, 128.48, 88.06, 88.09, 87.34, 109.94, 131.08, 174.6, 146.13, 85.45]
[2, 2, 2, 9, 2, 2, 3, 6, 5, 2, 6, 7, 3, 5, 6, 2, 5, 6, 3, 6, 9, 2, 3, 6, 2, 4, 9, 2, 2, 9, 9, 6, 5, 2, 7, 2, 3, 4, 2, 5, 8, 2, 7, 2, 5, 3, 2, 2, 4, 2, 2, 3, 5, 6, 3, 5, 3, 7, 9, 8, 2, 9, 2, 5, 5, 2, 5, 9, 3, 2, 5, 8, 2, 2, 5, 5, 7, 3, 8, 4, 3, 3, 5, 3, 3, 2, 2, 5, 2, 7, 3, 6, 3, 3, 3, 5, 6, 9, 7, 3]
[3, 43, 19, 6, 36, 13, 48, 0, 33, 23, 31, 31, 1, 29, 10, 4, 58, 16, 53, 34, 9, 43, 58, 28, 5, 17, 50, 50, 22, 18, 39, 22, 46, 41, 32, 56, 35, 13, 23, 9, 9, 34, 8, 10, 57, 1, 46, 58, 43, 19, 49, 3, 26, 1, 41, 14, 10, 49, 2, 24, 30, 27, 21, 59, 13, 23, 23, 44, 11, 16, 51, 13, 7, 46, 12, 39, 13, 31, 12, 43, 7, 0, 12, 1, 30, 42, 32, 20, 38, 2, 20, 28, 34, 19, 7, 3, 9, 59, 3, 41]
[59, 60, 60, 60, 60, 33, 60, 8, 60, 40, 50, 47, 40, 60, 45, 21, 60, 54, 60, 45, 53, 60, 60, 60, 60, 26, 60, 60, 34, 60, 60, 35, 60, 60, 60, 60, 60, 50, 56, 58, 35, 60, 56, 52, 60, 60, 52, 60, 60, 40, 60, 33, 60, 14, 60, 38, 47, 60, 51, 47, 39, 60, 60, 60, 23, 52, 60, 60, 43, 38, 60, 60, 48, 60, 25, 54, 39, 37, 22, 60, 23, 58, 36, 50, 60, 60, 60, 38, 58, 59, 38, 60, 58, 33, 37, 23, 52, 60, 60, 60]
10
[0.0, 0.0, 0.0, 0.0, 0.0, 0.0, 0.0, 0.0, 0.0, 0.0]
[10000.0, 10000.0, 10000.0, 0.0, 0.0, 10000.0, 0.0, 0.0, 10000.0, 0.0]
[[0.0, 0.0, 0.0, 5.0, 5.0, 0.0, 5.0, 5.0, 0.0, 5.0, 5.0, 4.0, 5.0, 2.0, 4.0, 2.0, 5.0, 3.0, 4.0, 4.0, 3.0, 4.0, 2.0, 3.0, 3.0, 4.0, 5.0, 3.0, 4.0, 5.0, 2.0, 4.0, 6.0, 4.0, 4.0, 3.0, 4.0, 1.0, 4.0, 2.0, 3.0, 4.0, 4.0, 6.0, 1.0, 2.0, 6.0, 4.0, 3.0, 4.0, 3.0, 4.0, 1.0, 4.0, 4.0, 2.0, 5.0, 3.0, 4.0, 3.0, 4.0, 5.0, 3.0, 4.0, 4.0, 4.0, 5.0, 4.0, 4.0, 2.0, 4.0, 3.0, 3.0, 3.0, 4.0, 3.0, 3.0, 2.0, 5.0, 5.0, 3.0, 2.0, 2.0, 2.0, 5.0, 4.0, 2.0, 5.0, 2.0, 3.0, 4.0, 6.0, 4.0, 5.0, 4.0, 4.0, 5.0, 5.0, 4.0, 2.0, 4.0, 4.0, 5.0, 6.0, 2.0, 5.0, 5.0, 2.0, 3.0, 4.0], [0.0, 0.0, 0.0, 5.0, 5.0, 0.0, 5.0, 5.0, 0.0, 5.0, 5.0, 4.0, 5.0, 2.0, 4.0, 2.0, 5.0, 3.0, 4.0, 4.0, 3.0, 4.0, 2.0, 3.0, 3.0, 4.0, 5.0, 3.0, 4.0, 5.0, 2.0, 4.0, 6.0, 4.0, 4.0, 3.0, 4.0, 1.0, 4.0, 2.0, 3.0, 4.0, 4.0, 6.0, 1.0, 2.0, 6.0, 4.0, 3.0, 4.0, 3.0, 4.0, 1.0, 4.0, 4.0, 2.0, 5.0, 3.0, 4.0, 3.0, 4.0, 5.0, 3.0, 4.0, 4.0, 4.0, 5.0, 4.0, 4.0, 2.0, 4.0, 3.0, 3.0, 3.0, 4.0, 3.0, 3.0, 2.0, 5.0, 5.0, 3.0, 2.0, 2.0, 2.0, 5.0, 4.0, 2.0, 5.0, 2.0, 3.0, 4.0, 6.0, 4.0, 5.0, 4.0, 4.0, 5.0, 5.0, 4.0, 2.0, 4.0, 4.0, 5.0, 6.0, 2.0, 5.0, 5.0, 2.0, 3.0, 4.0], [0.0, 0.0, 0.0, 5.0, 5.0, 0.0, 5.0, 5.0, 0.0, 5.0, 5.0, 4.0, 5.0, 2.0, 4.0, 2.0, 5.0, 3.0, 4.0, 4.0, 3.0, 4.0, 2.0, 3.0, 3.0, 4.0, 5.0, 3.0, 4.0, 5.0, 2.0, 4.0, 6.0, 4.0, 4.0, 3.0, 4.0, 1.0, 4.0, 2.0, 3.0, 4.0, 4.0, 6.0, 1.0, 2.0, 6.0, 4.0, 3.0, 4.0, 3.0, 4.0, 1.0, 4.0, 4.0, 2.0, 5.0, 3.0, 4.0, 3.0, 4.0, 5.0, 3.0, 4.0, 4.0, 4.0, 5.0, 4.0, 4.0, 2.0, 4.0, 3.0, 3.0, 3.0, 4.0, 3.0, 3.0, 2.0, 5.0, 5.0, 3.0, 2.0, 2.0, 2.0, 5.0, 4.0, 2.0, 5.0, 2.0, 3.0, 4.0, 6.0, 4.0, 5.0, 4.0, 4.0, 5.0, 5.0, 4.0, 2.0, 4.0, 4.0, 5.0, 6.0, 2.0, 5.0, 5.0, 2.0, 3.0, 4.0], [5.0, 5.0, 5.0, 0.0, 0.0, 5.0, 0.0, 0.0, 5.0, 0.0, 2.0, 4.0, 4.0, 3.0, 5.0, 4.0, 4.0, 3.0, 3.0, 6.0, 4.0, 2.0, 3.0, 5.0, 5.0, 4.0, 3.0, 4.0, 1.0, 3.0, 3.0, 6.0, 4.0, 3.0, 2.0, 4.0, 2.0, 4.0, 5.0, 4.0, 2.0, 3.0, 3.0, 4.0, 4.0, 2.0, 4.0, 4.0, 2.0, 3.0, 2.0, 5.0, 4.0, 1.0, 3.0, 4.0, 5.0, 3.0, 3.0, 2.0, 6.0, 4.0, 4.0, 3.0, 5.0, 3.0, 4.0, 2.0, 2.0, 4.0, 1.0, 2.0, 3.0, 4.0, 3.0, 2.0, 4.0, 4.0, 6.0, 4.0, 4.0, 3.0, 4.0, 4.0, 3.0, 4.0, 4.0, 5.0, 3.0, 5.0, 4.0, 4.0, 3.0, 6.0, 5.0, 6.0, 5.0, 3.0, 5.0, 4.0, 4.0, 4.0, 6.0, 5.0, 3.0, 3.0, 3.0, 3.0, 2.0, 6.0], [5.0, 5.0, 5.0, 0.0, 0.0, 5.0, 0.0, 0.0, 5.0, 0.0, 2.0, 4.0, 4.0, 3.0, 5.0, 4.0, 4.0, 3.0, 3.0, 6.0, 4.0, 2.0, 3.0, 5.0, 5.0, 4.0, 3.0, 4.0, 1.0, 3.0, 3.0, 6.0, 4.0, 3.0, 2.0, 4.0, 2.0, 4.0, 5.0, 4.0, 2.0, 3.0, 3.0, 4.0, 4.0, 2.0, 4.0, 4.0, 2.0, 3.0, 2.0, 5.0, 4.0, 1.0, 3.0, 4.0, 5.0, 3.0, 3.0, 2.0, 6.0, 4.0, 4.0, 3.0, 5.0, 3.0, 4.0, 2.0, 2.0, 4.0, 1.0, 2.0, 3.0, 4.0, 3.0, 2.0, 4.0, 4.0, 6.0, 4.0, 4.0, 3.0, 4.0, 4.0, 3.0, 4.0, 4.0, 5.0, 3.0, 5.0, 4.0, 4.0, 3.0, 6.0, 5.0, 6.0, 5.0, 3.0, 5.0, 4.0, 4.0, 4.0, 6.0, 5.0, 3.0, 3.0, 3.0, 3.0, 2.0, 6.0], [0.0, 0.0, 0.0, 5.0, 5.0, 0.0, 5.0, 5.0, 0.0, 5.0, 5.0, 4.0, 5.0, 2.0, 4.0, 2.0, 5.0, 3.0, 4.0, 4.0, 3.0, 4.0, 2.0, 3.0, 3.0, 4.0, 5.0, 3.0, 4.0, 5.0, 2.0, 4.0, 6.0, 4.0, 4.0, 3.0, 4.0, 1.0, 4.0, 2.0, 3.0, 4.0, 4.0, 6.0, 1.0, 2.0, 6.0, 4.0, 3.0, 4.0, 3.0, 4.0, 1.0, 4.0, 4.0, 2.0, 5.0, 3.0, 4.0, 3.0, 4.0, 5.0, 3.0, 4.0, 4.0, 4.0, 5.0, 4.0, 4.0, 2.0, 4.0, 3.0, 3.0, 3.0, 4.0, 3.0, 3.0, 2.0, 5.0, 5.0, 3.0, 2.0, 2.0, 2.0, 5.0, 4.0, 2.0, 5.0, 2.0, 3.0, 4.0, 6.0, 4.0, 5.0, 4.0, 4.0, 5.0, 5.0, 4.0, 2.0, 4.0, 4.0, 5.0, 6.0, 2.0, 5.0, 5.0, 2.0, 3.0, 4.0], [5.0, 5.0, 5.0, 0.0, 0.0, 5.0, 0.0, 0.0, 5.0, 0.0, 2.0, 4.0, 4.0, 3.0, 5.0, 4.0, 4.0, 3.0, 3.0, 6.0, 4.0, 2.0, 3.0, 5.0, 5.0, 4.0, 3.0, 4.0, 1.0, 3.0, 3.0, 6.0, 4.0, 3.0, 2.0, 4.0, 2.0, 4.0, 5.0, 4.0, 2.0, 3.0, 3.0, 4.0, 4.0, 2.0, 4.0, 4.0, 2.0, 3.0, 2.0, 5.0, 4.0, 1.0, 3.0, 4.0, 5.0, 3.0, 3.0, 2.0, 6.0, 4.0, 4.0, 3.0, 5.0, 3.0, 4.0, 2.0, 2.0, 4.0, 1.0, 2.0, 3.0, 4.0, 3.0, 2.0, 4.0, 4.0, 6.0, 4.0, 4.0, 3.0, 4.0, 4.0, 3.0, 4.0, 4.0, 5.0, 3.0, 5.0, 4.0, 4.0, 3.0, 6.0, 5.0, 6.0, 5.0, 3.0, 5.0, 4.0, 4.0, 4.0, 6.0, 5.0, 3.0, 3.0, 3.0, 3.0, 2.0, 6.0], [5.0, 5.0, 5.0, 0.0, 0.0, 5.0, 0.0, 0.0, 5.0, 0.0, 2.0, 4.0, 4.0, 3.0, 5.0, 4.0, 4.0, 3.0, 3.0, 6.0, 4.0, 2.0, 3.0, 5.0, 5.0, 4.0, 3.0, 4.0, 1.0, 3.0, 3.0, 6.0, 4.0, 3.0, 2.0, 4.0, 2.0, 4.0, 5.0, 4.0, 2.0, 3.0, 3.0, 4.0, 4.0, 2.0, 4.0, 4.0, 2.0, 3.0, 2.0, 5.0, 4.0, 1.0, 3.0, 4.0, 5.0, 3.0, 3.0, 2.0, 6.0, 4.0, 4.0, 3.0, 5.0, 3.0, 4.0, 2.0, 2.0, 4.0, 1.0, 2.0, 3.0, 4.0, 3.0, 2.0, 4.0, 4.0, 6.0, 4.0, 4.0, 3.0, 4.0, 4.0, 3.0, 4.0, 4.0, 5.0, 3.0, 5.0, 4.0, 4.0, 3.0, 6.0, 5.0, 6.0, 5.0, 3.0, 5.0, 4.0, 4.0, 4.0, 6.0, 5.0, 3.0, 3.0, 3.0, 3.0, 2.0, 6.0], [0.0, 0.0, 0.0, 5.0, 5.0, 0.0, 5.0, 5.0, 0.0, 5.0, 5.0, 4.0, 5.0, 2.0, 4.0, 2.0, 5.0, 3.0, 4.0, 4.0, 3.0, 4.0, 2.0, 3.0, 3.0, 4.0, 5.0, 3.0, 4.0, 5.0, 2.0, 4.0, 6.0, 4.0, 4.0, 3.0, 4.0, 1.0, 4.0, 2.0, 3.0, 4.0, 4.0, 6.0, 1.0, 2.0, 6.0, 4.0, 3.0, 4.0, 3.0, 4.0, 1.0, 4.0, 4.0, 2.0, 5.0, 3.0, 4.0, 3.0, 4.0, 5.0, 3.0, 4.0, 4.0, 4.0, 5.0, 4.0, 4.0, 2.0, 4.0, 3.0, 3.0, 3.0, 4.0, 3.0, 3.0, 2.0, 5.0, 5.0, 3.0, 2.0, 2.0, 2.0, 5.0, 4.0, 2.0, 5.0, 2.0, 3.0, 4.0, 6.0, 4.0, 5.0, 4.0, 4.0, 5.0, 5.0, 4.0, 2.0, 4.0, 4.0, 5.0, 6.0, 2.0, 5.0, 5.0, 2.0, 3.0, 4.0], [5.0, 5.0, 5.0, 0.0, 0.0, 5.0, 0.0, 0.0, 5.0, 0.0, 2.0, 4.0, 4.0, 3.0, 5.0, 4.0, 4.0, 3.0, 3.0, 6.0, 4.0, 2.0, 3.0, 5.0, 5.0, 4.0, 3.0, 4.0, 1.0, 3.0, 3.0, 6.0, 4.0, 3.0, 2.0, 4.0, 2.0, 4.0, 5.0, 4.0, 2.0, 3.0, 3.0, 4.0, 4.0, 2.0, 4.0, 4.0, 2.0, 3.0, 2.0, 5.0, 4.0, 1.0, 3.0, 4.0, 5.0, 3.0, 3.0, 2.0, 6.0, 4.0, 4.0, 3.0, 5.0, 3.0, 4.0, 2.0, 2.0, 4.0, 1.0, 2.0, 3.0, 4.0, 3.0, 2.0, 4.0, 4.0, 6.0, 4.0, 4.0, 3.0, 4.0, 4.0, 3.0, 4.0, 4.0, 5.0, 3.0, 5.0, 4.0, 4.0, 3.0, 6.0, 5.0, 6.0, 5.0, 3.0, 5.0, 4.0, 4.0, 4.0, 6.0, 5.0, 3.0, 3.0, 3.0, 3.0, 2.0, 6.0], [5.0, 5.0, 5.0, 2.0, 2.0, 5.0, 2.0, 2.0, 5.0, 2.0, 0.0, 2.0, 2.0, 2.0, 3.0, 3.0, 1.0, 2.0, 0.0, 4.0, 3.0, 1.0, 3.0, 3.0, 3.0, 3.0, 1.0, 3.0, 2.0, 1.0, 3.0, 4.0, 2.0, 1.0, 0.0, 3.0, 1.0, 3.0, 3.0, 3.0, 1.0, 1.0, 1.0, 2.0, 4.0, 3.0, 2.0, 2.0, 2.0, 1.0, 1.0, 4.0, 3.0, 2.0, 1.0, 3.0, 3.0, 1.0, 0.0, 1.0, 4.0, 1.0, 2.0, 1.0, 3.0, 1.0, 2.0, 1.0, 1.0, 3.0, 2.0, 2.0, 1.0, 3.0, 1.0, 2.0, 2.0, 3.0, 4.0, 2.0, 3.0, 3.0, 2.0, 2.0, 1.0, 2.0, 3.0, 3.0, 2.0, 3.0, 2.0, 2.0, 1.0, 4.0, 4.0, 4.0, 3.0, 0.0, 3.0, 3.0, 2.0, 2.0, 4.0, 3.0, 3.0, 1.0, 0.0, 2.0, 1.0, 4.0], [4.0, 4.0, 4.0, 4.0, 4.0, 4.0, 4.0, 4.0, 4.0, 4.0, 2.0, 0.0, 1.0, 3.0, 1.0, 2.0, 0.0, 1.0, 1.0, 2.0, 2.0, 2.0, 3.0, 2.0, 2.0, 1.0, 0.0, 2.0, 3.0, 1.0, 3.0, 2.0, 1.0, 1.0, 2.0, 2.0, 2.0, 4.0, 2.0, 3.0, 2.0, 1.0, 1.0, 1.0, 3.0, 3.0, 1.0, 1.0, 3.0, 1.0, 2.0, 2.0, 3.0, 3.0, 1.0, 2.0, 1.0, 1.0, 1.0, 2.0, 2.0, 1.0, 2.0, 1.0, 2.0, 1.0, 0.0, 2.0, 2.0, 2.0, 3.0, 2.0, 1.0, 2.0, 1.0, 3.0, 2.0, 3.0, 3.0, 1.0, 2.0, 3.0, 2.0, 2.0, 1.0, 0.0, 3.0, 2.0, 2.0, 2.0, 1.0, 2.0, 1.0, 2.0, 2.0, 2.0, 1.0, 1.0, 1.0, 3.0, 1.0, 1.0, 2.0, 2.0, 3.0, 1.0, 1.0, 2.0, 2.0, 2.0], [5.0, 5.0, 5.0, 4.0, 4.0, 5.0, 4.0, 4.0, 5.0, 4.0, 2.0, 1.0, 0.0, 3.0, 2.0, 3.0, 1.0, 2.0, 2.0, 3.0, 2.0, 3.0, 4.0, 2.0, 3.0, 1.0, 1.0, 3.0, 3.0, 1.0, 4.0, 2.0, 1.0, 1.0, 2.0, 2.0, 3.0, 4.0, 2.0, 3.0, 2.0, 1.0, 1.0, 1.0, 4.0, 4.0, 1.0, 2.0, 4.0, 1.0, 2.0, 2.0, 4.0, 4.0, 1.0, 3.0, 1.0, 2.0, 2.0, 2.0, 2.0, 1.0, 2.0, 2.0, 2.0, 2.0, 1.0, 3.0, 2.0, 3.0, 4.0, 3.0, 2.0, 3.0, 2.0, 4.0, 2.0, 3.0, 3.0, 0.0, 2.0, 4.0, 3.0, 3.0, 1.0, 1.0, 3.0, 2.0, 3.0, 2.0, 1.0, 1.0, 1.0, 2.0, 2.0, 3.0, 1.0, 2.0, 1.0, 3.0, 1.0, 1.0, 2.0, 1.0, 4.0, 1.0, 2.0, 3.0, 3.0, 2.0], [2.0, 2.0, 2.0, 3.0, 3.0, 2.0, 3.0, 3.0, 2.0, 3.0, 2.0, 3.0, 3.0, 0.0, 2.0, 1.0, 3.0, 1.0, 2.0, 3.0, 2.0, 2.0, 1.0, 2.0, 2.0, 3.0, 3.0, 2.0, 2.0, 3.0, 0.0, 3.0, 4.0, 2.0, 2.0, 2.0, 2.0, 1.0, 2.0, 1.0, 1.0, 2.0, 2.0, 4.0, 1.0, 1.0, 4.0, 2.0, 1.0, 2.0, 1.0, 3.0, 1.0, 2.0, 2.0, 1.0, 3.0, 1.0, 2.0, 1.0, 3.0, 3.0, 1.0, 2.0, 3.0, 2.0, 3.0, 2.0, 2.0, 1.0, 2.0, 1.0, 1.0, 2.0, 2.0, 1.0, 1.0, 1.0, 4.0, 4.0, 2.0, 0.0, 1.0, 1.0, 3.0, 2.0, 1.0, 4.0, 0.0, 2.0, 2.0, 4.0, 2.0, 4.0, 3.0, 3.0, 3.0, 3.0, 3.0, 1.0, 3.0, 2.0, 3.0, 4.0, 1.0, 3.0, 3.0, 1.0, 1.0, 3.0], [4.0, 4.0, 4.0, 5.0, 5.0, 4.0, 5.0, 5.0, 4.0, 5.0, 3.0, 1.0, 2.0, 2.0, 0.0, 2.0, 2.0, 1.0, 2.0, 1.0, 1.0, 3.0, 3.0, 1.0, 1.0, 0.0, 2.0, 1.0, 4.0, 2.0, 3.0, 1.0, 3.0, 2.0, 3.0, 0.0, 3.0, 3.0, 0.0, 2.0, 2.0, 1.0, 2.0, 3.0, 3.0, 3.0, 2.0, 1.0, 3.0, 1.0, 2.0, 1.0, 3.0, 4.0, 2.0, 1.0, 1.0, 2.0, 2.0, 2.0, 1.0, 2.0, 1.0, 2.0, 1.0, 2.0, 1.0, 3.0, 3.0, 2.0, 4.0, 3.0, 2.0, 1.0, 1.0, 3.0, 1.0, 2.0, 2.0, 2.0, 1.0, 3.0, 2.0, 2.0, 2.0, 1.0, 2.0, 1.0, 2.0, 1.0, 1.0, 3.0, 2.0, 1.0, 1.0, 1.0, 1.0, 3.0, 1.0, 2.0, 1.0, 1.0, 1.0, 3.0, 3.0, 2.0, 3.0, 2.0, 3.0, 1.0], [2.0, 2.0, 2.0, 4.0, 4.0, 2.0, 4.0, 4.0, 2.0, 4.0, 3.0, 2.0, 3.0, 1.0, 2.0, 0.0, 3.0, 1.0, 2.0, 2.0, 1.0, 3.0, 2.0, 1.0, 1.0, 2.0, 2.0, 1.0, 3.0, 3.0, 1.0, 2.0, 3.0, 2.0, 3.0, 1.0, 3.0, 1.0, 2.0, 1.0, 2.0, 2.0, 2.0, 4.0, 1.0, 2.0, 3.0, 1.0, 2.0, 2.0, 2.0, 2.0, 1.0, 3.0, 2.0, 0.0, 3.0, 2.0, 3.0, 2.0, 2.0, 3.0, 1.0, 2.0, 2.0, 2.0, 2.0, 3.0, 3.0, 0.0, 3.0, 2.0, 1.0, 1.0, 1.0, 2.0, 1.0, 1.0, 3.0, 3.0, 1.0, 1.0, 0.0, 0.0, 3.0, 2.0, 1.0, 3.0, 1.0, 1.0, 2.0, 4.0, 2.0, 3.0, 2.0, 2.0, 3.0, 3.0, 2.0, 0.0, 2.0, 1.0, 3.0, 4.0, 2.0, 3.0, 3.0, 1.0, 2.0, 2.0], [5.0, 5.0, 5.0, 4.0, 4.0, 5.0, 4.0, 4.0, 5.0, 4.0, 1.0, 0.0, 1.0, 3.0, 2.0, 3.0, 0.0, 1.0, 1.0, 3.0, 2.0, 2.0, 3.0, 2.0, 2.0, 1.0, 0.0, 2.0, 3.0, 0.0, 3.0, 3.0, 1.0, 1.0, 2.0, 2.0, 2.0, 4.0, 2.0, 3.0, 2.0, 1.0, 1.0, 1.0, 4.0, 3.0, 1.0, 1.0, 3.0, 1.0, 2.0, 2.0, 3.0, 3.0, 1.0, 3.0, 1.0, 2.0, 1.0, 2.0, 3.0, 0.0, 2.0, 1.0, 2.0, 1.0, 0.0, 2.0, 2.0, 3.0, 3.0, 2.0, 2.0, 2.0, 1.0, 3.0, 2.0, 3.0, 3.0, 1.0, 2.0, 3.0, 2.0, 2.0, 0.0, 1.0, 3.0, 2.0, 3.0, 2.0, 1.0, 1.0, 1.0, 2.0, 2.0, 3.0, 2.0, 1.0, 2.0, 3.0, 1.0, 1.0, 2.0, 1.0, 3.0, 0.0, 1.0, 2.0, 2.0, 3.0], [3.0, 3.0, 3.0, 3.0, 3.0, 3.0, 3.0, 3.0, 3.0, 3.0, 2.0, 1.0, 2.0, 1.0, 1.0, 1.0, 1.0, 0.0, 1.0, 2.0, 1.0, 2.0, 2.0, 1.0, 1.0, 1.0, 1.0, 1.0, 2.0, 1.0, 2.0, 2.0, 2.0, 1.0, 2.0, 1.0, 2.0, 2.0, 1.0, 2.0, 1.0, 1.0, 1.0, 2.0, 2.0, 2.0, 2.0, 1.0, 2.0, 1.0, 1.0, 2.0, 2.0, 3.0, 1.0, 1.0, 2.0, 1.0, 1.0, 1.0, 2.0, 2.0, 1.0, 1.0, 2.0, 1.0, 1.0, 2.0, 2.0, 1.0, 3.0, 2.0, 0.0, 1.0, 0.0, 2.0, 1.0, 2.0, 3.0, 2.0, 1.0, 2.0, 1.0, 1.0, 1.0, 1.0, 2.0, 2.0, 1.0, 1.0, 1.0, 3.0, 1.0, 3.0, 2.0, 2.0, 2.0, 2.0, 2.0, 1.0, 1.0, 1.0, 2.0, 3.0, 2.0, 1.0, 2.0, 1.0, 2.0, 2.0], [4.0, 4.0, 4.0, 3.0, 3.0, 4.0, 3.0, 3.0, 4.0, 3.0, 0.0, 1.0, 2.0, 2.0, 2.0, 2.0, 1.0, 1.0, 0.0, 3.0, 2.0, 1.0, 3.0, 3.0, 3.0, 2.0, 1.0, 3.0, 2.0, 1.0, 3.0, 3.0, 2.0, 0.0, 1.0, 2.0, 1.0, 3.0, 3.0, 3.0, 1.0, 1.0, 0.0, 2.0, 3.0, 2.0, 2.0, 2.0, 2.0, 1.0, 1.0, 3.0, 3.0, 2.0, 1.0, 3.0, 2.0, 1.0, 0.0, 1.0, 3.0, 1.0, 2.0, 0.0, 3.0, 1.0, 1.0, 1.0, 1.0, 2.0, 2.0, 1.0, 1.0, 2.0, 1.0, 2.0, 2.0, 3.0, 4.0, 2.0, 2.0, 3.0, 2.0, 2.0, 1.0, 1.0, 3.0, 3.0, 2.0, 3.0, 2.0, 2.0, 0.0, 3.0, 3.0, 3.0, 3.0, 1.0, 2.0, 2.0, 2.0, 2.0, 3.0, 2.0, 2.0, 1.0, 0.0, 2.0, 1.0, 3.0], [4.0, 4.0, 4.0, 6.0, 6.0, 4.0, 6.0, 6.0, 4.0, 6.0, 4.0, 2.0, 3.0, 3.0, 1.0, 2.0, 3.0, 2.0, 3.0, 0.0, 2.0, 4.0, 4.0, 1.0, 1.0, 1.0, 3.0, 2.0, 5.0, 3.0, 3.0, 0.0, 4.0, 3.0, 4.0, 1.0, 4.0, 4.0, 1.0, 3.0, 3.0, 3.0, 3.0, 4.0, 3.0, 4.0, 3.0, 2.0, 4.0, 3.0, 4.0, 0.0, 3.0, 5.0, 3.0, 2.0, 2.0, 3.0, 3.0, 3.0, 0.0, 3.0, 2.0, 3.0, 0.0, 3.0, 3.0, 4.0, 4.0, 3.0, 5.0, 4.0, 3.0, 2.0, 3.0, 4.0, 2.0, 3.0, 1.0, 3.0, 2.0, 3.0, 3.0, 2.0, 3.0, 2.0, 3.0, 1.0, 3.0, 1.0, 2.0, 4.0, 3.0, 1.0, 0.0, 0.0, 2.0, 4.0, 1.0, 3.0, 2.0, 2.0, 1.0, 3.0, 4.0, 3.0, 4.0, 3.0, 4.0, 0.0], [3.0, 3.0, 3.0, 4.0, 4.0, 3.0, 4.0, 4.0, 3.0, 4.0, 3.0, 2.0, 2.0, 2.0, 1.0, 1.0, 2.0, 1.0, 2.0, 2.0, 0.0, 3.0, 3.0, 0.0, 0.0, 1.0, 2.0, 0.0, 3.0, 2.0, 2.0, 2.0, 3.0, 2.0, 3.0, 1.0, 3.0, 2.0, 1.0, 1.0, 2.0, 2.0, 2.0, 3.0, 2.0, 3.0, 3.0, 1.0, 3.0, 2.0, 2.0, 1.0, 2.0, 4.0, 2.0, 1.0, 2.0, 2.0, 3.0, 2.0, 1.0, 3.0, 1.0, 2.0, 1.0, 2.0, 2.0, 3.0, 3.0, 1.0, 4.0, 2.0, 1.0, 0.0, 1.0, 3.0, 1.0, 1.0, 2.0, 3.0, 0.0, 2.0, 1.0, 1.0, 2.0, 2.0, 1.0, 2.0, 1.0, 0.0, 1.0, 3.0, 2.0, 2.0, 1.0, 1.0, 2.0, 3.0, 1.0, 1.0, 2.0, 1.0, 2.0, 3.0, 2.0, 2.0, 3.0, 1.0, 3.0, 1.0], [4.0, 4.0, 4.0, 2.0, 2.0, 4.0, 2.0, 2.0, 4.0, 2.0, 1.0, 2.0, 3.0, 2.0, 3.0, 3.0, 2.0, 2.0, 1.0, 4.0, 3.0, 0.0, 2.0, 3.0, 3.0, 3.0, 2.0, 3.0, 1.0, 2.0, 2.0, 4.0, 2.0, 1.0, 0.0, 3.0, 0.0, 3.0, 3.0, 3.0, 1.0, 2.0, 1.0, 3.0, 3.0, 2.0, 3.0, 2.0, 2.0, 2.0, 1.0, 4.0, 3.0, 1.0, 1.0, 3.0, 3.0, 1.0, 1.0, 1.0, 4.0, 2.0, 2.0, 1.0, 4.0, 1.0, 2.0, 0.0, 0.0, 2.0, 1.0, 1.0, 1.0, 3.0, 1.0, 1.0, 2.0, 3.0, 4.0, 3.0, 3.0, 2.0, 2.0, 2.0, 2.0, 2.0, 3.0, 4.0, 2.0, 3.0, 2.0, 3.0, 1.0, 4.0, 4.0, 4.0, 3.0, 1.0, 3.0, 2.0, 3.0, 2.0, 4.0, 3.0, 2.0, 2.0, 1.0, 2.0, 1.0, 4.0], [2.0, 2.0, 2.0, 3.0, 3.0, 2.0, 3.0, 3.0, 2.0, 3.0, 3.0, 3.0, 4.0, 1.0, 3.0, 2.0, 3.0, 2.0, 3.0, 4.0, 3.0, 2.0, 0.0, 3.0, 3.0, 3.0, 3.0, 3.0, 2.0, 3.0, 1.0, 4.0, 4.0, 3.0, 2.0, 3.0, 2.0, 1.0, 3.0, 2.0, 2.0, 3.0, 3.0, 4.0, 2.0, 0.0, 4.0, 3.0, 0.0, 3.0, 2.0, 4.0, 1.0, 2.0, 3.0, 2.0, 4.0, 2.0, 3.0, 2.0, 4.0, 4.0, 2.0, 2.0, 4.0, 2.0, 3.0, 2.0, 2.0, 2.0, 2.0, 1.0, 2.0, 3.0, 2.0, 1.0, 2.0, 2.0, 5.0, 4.0, 3.0, 1.0, 2.0, 2.0, 3.0, 3.0, 2.0, 4.0, 1.0, 3.0, 3.0, 5.0, 3.0, 5.0, 4.0, 4.0, 4.0, 3.0, 4.0, 2.0, 3.0, 3.0, 4.0, 5.0, 0.0, 3.0, 3.0, 2.0, 1.0, 4.0], [3.0, 3.0, 3.0, 5.0, 5.0, 3.0, 5.0, 5.0, 3.0, 5.0, 3.0, 2.0, 2.0, 2.0, 1.0, 1.0, 2.0, 1.0, 3.0, 1.0, 0.0, 3.0, 3.0, 0.0, 0.0, 1.0, 2.0, 1.0, 4.0, 2.0, 2.0, 1.0, 3.0, 2.0, 3.0, 0.0, 3.0, 3.0, 0.0, 2.0, 2.0, 2.0, 3.0, 3.0, 2.0, 3.0, 3.0, 1.0, 3.0, 2.0, 2.0, 1.0, 2.0, 4.0, 2.0, 1.0, 2.0, 2.0, 3.0, 2.0, 1.0, 3.0, 1.0, 2.0, 1.0, 2.0, 2.0, 3.0, 3.0, 2.0, 4.0, 3.0, 2.0, 1.0, 2.0, 3.0, 1.0, 2.0, 2.0, 2.0, 0.0, 2.0, 1.0, 1.0, 2.0, 2.0, 2.0, 2.0, 2.0, 0.0, 1.0, 3.0, 2.0, 2.0, 1.0, 1.0, 2.0, 3.0, 1.0, 2.0, 1.0, 1.0, 1.0, 3.0, 3.0, 2.0, 3.0, 2.0, 3.0, 1.0], [3.0, 3.0, 3.0, 5.0, 5.0, 3.0, 5.0, 5.0, 3.0, 5.0, 3.0, 2.0, 3.0, 2.0, 1.0, 1.0, 2.0, 1.0, 3.0, 1.0, 0.0, 3.0, 3.0, 0.0, 0.0, 1.0, 2.0, 0.0, 4.0, 3.0, 2.0, 1.0, 3.0, 3.0, 3.0, 1.0, 3.0, 2.0, 1.0, 1.0, 3.0, 2.0, 3.0, 3.0, 2.0, 3.0, 3.0, 1.0, 3.0, 2.0, 3.0, 1.0, 2.0, 4.0, 2.0, 1.0, 2.0, 2.0, 3.0, 2.0, 1.0, 3.0, 1.0, 2.0, 1.0, 2.0, 2.0, 3.0, 3.0, 1.0, 4.0, 3.0, 2.0, 0.0, 2.0, 3.0, 1.0, 1.0, 2.0, 3.0, 0.0, 2.0, 1.0, 1.0, 3.0, 2.0, 1.0, 2.0, 2.0, 0.0, 2.0, 4.0, 2.0, 2.0, 1.0, 1.0, 2.0, 3.0, 1.0, 1.0, 2.0, 1.0, 2.0, 3.0, 3.0, 3.0, 3.0, 2.0, 3.0, 1.0], [4.0, 4.0, 4.0, 4.0, 4.0, 4.0, 4.0, 4.0, 4.0, 4.0, 3.0, 1.0, 1.0, 3.0, 0.0, 2.0, 1.0, 1.0, 2.0, 1.0, 1.0, 3.0, 3.0, 1.0, 1.0, 0.0, 1.0, 2.0, 4.0, 2.0, 3.0, 1.0, 2.0, 2.0, 3.0, 1.0, 3.0, 3.0, 1.0, 2.0, 2.0, 1.0, 2.0, 2.0, 3.0, 3.0, 2.0, 1.0, 3.0, 1.0, 2.0, 1.0, 3.0, 4.0, 1.0, 2.0, 1.0, 2.0, 2.0, 2.0, 1.0, 2.0, 1.0, 2.0, 1.0, 2.0, 1.0, 3.0, 3.0, 2.0, 4.0, 3.0, 2.0, 1.0, 1.0, 3.0, 1.0, 3.0, 2.0, 1.0, 1.0, 3.0, 2.0, 2.0, 2.0, 1.0, 2.0, 1.0, 2.0, 1.0, 0.0, 2.0, 2.0, 1.0, 1.0, 1.0, 1.0, 2.0, 0.0, 2.0, 0.0, 1.0, 1.0, 2.0, 3.0, 2.0, 2.0, 2.0, 3.0, 1.0], [5.0, 5.0, 5.0, 3.0, 3.0, 5.0, 3.0, 3.0, 5.0, 3.0, 1.0, 0.0, 1.0, 3.0, 2.0, 2.0, 0.0, 1.0, 1.0, 3.0, 2.0, 2.0, 3.0, 2.0, 2.0, 1.0, 0.0, 2.0, 3.0, 0.0, 3.0, 3.0, 1.0, 1.0, 1.0, 2.0, 2.0, 4.0, 2.0, 3.0, 2.0, 1.0, 1.0, 1.0, 4.0, 3.0, 1.0, 1.0, 3.0, 1.0, 2.0, 2.0, 3.0, 3.0, 1.0, 2.0, 1.0, 1.0, 1.0, 1.0, 3.0, 1.0, 2.0, 1.0, 2.0, 1.0, 0.0, 2.0, 2.0, 2.0, 3.0, 2.0, 1.0, 2.0, 1.0, 3.0, 2.0, 3.0, 3.0, 1.0, 2.0, 3.0, 2.0, 2.0, 0.0, 1.0, 3.0, 2.0, 2.0, 2.0, 1.0, 1.0, 1.0, 2.0, 2.0, 3.0, 2.0, 1.0, 2.0, 3.0, 1.0, 1.0, 2.0, 2.0, 3.0, 0.0, 1.0, 2.0, 2.0, 3.0], [3.0, 3.0, 3.0, 4.0, 4.0, 3.0, 4.0, 4.0, 3.0, 4.0, 3.0, 2.0, 3.0, 2.0, 1.0, 1.0, 2.0, 1.0, 3.0, 2.0, 0.0, 3.0, 3.0, 1.0, 0.0, 2.0, 2.0, 0.0, 3.0, 3.0, 1.0, 2.0, 3.0, 3.0, 3.0, 1.0, 3.0, 2.0, 1.0, 1.0, 2.0, 2.0, 3.0, 3.0, 2.0, 3.0, 3.0, 1.0, 2.0, 2.0, 2.0, 2.0, 2.0, 4.0, 2.0, 0.0, 3.0, 2.0, 3.0, 2.0, 2.0, 3.0, 1.0, 2.0, 2.0, 2.0, 2.0, 3.0, 3.0, 1.0, 4.0, 2.0, 2.0, 0.0, 2.0, 3.0, 1.0, 1.0, 2.0, 3.0, 0.0, 2.0, 1.0, 1.0, 3.0, 2.0, 1.0, 2.0, 1.0, 0.0, 2.0, 4.0, 2.0, 3.0, 2.0, 1.0, 2.0, 3.0, 2.0, 1.0, 2.0, 1.0, 2.0, 4.0, 2.0, 3.0, 3.0, 1.0, 3.0, 2.0], [4.0, 4.0, 4.0, 1.0, 1.0, 4.0, 1.0, 1.0, 4.0, 1.0, 2.0, 3.0, 3.0, 2.0, 4.0, 3.0, 3.0, 2.0, 2.0, 5.0, 3.0, 1.0, 2.0, 4.0, 4.0, 4.0, 3.0, 3.0, 0.0, 3.0, 2.0, 5.0, 3.0, 2.0, 1.0, 3.0, 1.0, 3.0, 4.0, 3.0, 1.0, 2.0, 2.0, 4.0, 3.0, 1.0, 4.0, 3.0, 1.0, 2.0, 1.0, 4.0, 2.0, 0.0, 2.0, 3.0, 4.0, 2.0, 2.0, 1.0, 5.0, 3.0, 3.0, 2.0, 4.0, 2.0, 3.0, 1.0, 1.0, 2.0, 0.0, 1.0, 2.0, 3.0, 2.0, 1.0, 3.0, 3.0, 5.0, 4.0, 3.0, 2.0, 2.0, 2.0, 3.0, 3.0, 3.0, 5.0, 2.0, 3.0, 3.0, 4.0, 2.0, 5.0, 4.0, 4.0, 4.0, 2.0, 4.0, 3.0, 3.0, 3.0, 5.0, 4.0, 2.0, 2.0, 2.0, 2.0, 1.0, 5.0], [5.0, 5.0, 5.0, 3.0, 3.0, 5.0, 3.0, 3.0, 5.0, 3.0, 1.0, 1.0, 1.0, 3.0, 2.0, 3.0, 0.0, 1.0, 1.0, 3.0, 2.0, 2.0, 3.0, 2.0, 3.0, 2.0, 0.0, 3.0, 3.0, 0.0, 3.0, 3.0, 1.0, 0.0, 1.0, 2.0, 2.0, 4.0, 2.0, 3.0, 2.0, 1.0, 0.0, 1.0, 4.0, 3.0, 1.0, 1.0, 3.0, 1.0, 2.0, 3.0, 3.0, 3.0, 1.0, 3.0, 1.0, 1.0, 1.0, 1.0, 3.0, 0.0, 2.0, 1.0, 3.0, 1.0, 1.0, 2.0, 1.0, 3.0, 3.0, 2.0, 1.0, 2.0, 1.0, 3.0, 2.0, 3.0, 3.0, 1.0, 2.0, 3.0, 2.0, 2.0, 0.0, 1.0, 3.0, 2.0, 2.0, 2.0, 1.0, 1.0, 0.0, 3.0, 3.0, 3.0, 2.0, 1.0, 2.0, 3.0, 1.0, 1.0, 3.0, 2.0, 3.0, 0.0, 1.0, 2.0, 2.0, 3.0], [2.0, 2.0, 2.0, 3.0, 3.0, 2.0, 3.0, 3.0, 2.0, 3.0, 3.0, 3.0, 4.0, 0.0, 3.0, 1.0, 3.0, 2.0, 3.0, 3.0, 2.0, 2.0, 1.0, 2.0, 2.0, 3.0, 3.0, 1.0, 2.0, 3.0, 0.0, 3.0, 4.0, 3.0, 3.0, 2.0, 3.0, 1.0, 3.0, 1.0, 2.0, 2.0, 3.0, 4.0, 1.0, 1.0, 4.0, 2.0, 1.0, 2.0, 2.0, 3.0, 0.0, 3.0, 2.0, 1.0, 4.0, 2.0, 3.0, 2.0, 3.0, 3.0, 1.0, 2.0, 3.0, 2.0, 3.0, 3.0, 3.0, 1.0, 3.0, 2.0, 2.0, 2.0, 2.0, 1.0, 1.0, 1.0, 4.0, 4.0, 2.0, 0.0, 1.0, 1.0, 3.0, 3.0, 1.0, 4.0, 1.0, 2.0, 3.0, 4.0, 3.0, 4.0, 3.0, 3.0, 4.0, 3.0, 3.0, 0.0, 3.0, 2.0, 3.0, 5.0, 1.0, 3.0, 3.0, 1.0, 2.0, 3.0], [4.0, 4.0, 4.0, 6.0, 6.0, 4.0, 6.0, 6.0, 4.0, 6.0, 4.0, 2.0, 2.0, 3.0, 1.0, 2.0, 3.0, 2.0, 3.0, 0.0, 2.0, 4.0, 4.0, 1.0, 1.0, 1.0, 3.0, 2.0, 5.0, 3.0, 3.0, 0.0, 3.0, 3.0, 4.0, 1.0, 4.0, 4.0, 1.0, 3.0, 3.0, 2.0, 3.0, 3.0, 3.0, 4.0, 3.0, 2.0, 4.0, 2.0, 3.0, 0.0, 3.0, 5.0, 3.0, 2.0, 2.0, 3.0, 3.0, 3.0, 0.0, 3.0, 2.0, 3.0, 0.0, 3.0, 2.0, 4.0, 4.0, 3.0, 5.0, 4.0, 3.0, 2.0, 2.0, 4.0, 2.0, 3.0, 1.0, 2.0, 2.0, 3.0, 2.0, 2.0, 3.0, 2.0, 3.0, 1.0, 3.0, 1.0, 2.0, 3.0, 3.0, 1.0, 0.0, 0.0, 1.0, 4.0, 1.0, 3.0, 2.0, 2.0, 1.0, 3.0, 4.0, 3.0, 4.0, 3.0, 4.0, 0.0], [6.0, 6.0, 6.0, 4.0, 4.0, 6.0, 4.0, 4.0, 6.0, 4.0, 2.0, 1.0, 1.0, 4.0, 3.0, 3.0, 1.0, 2.0, 2.0, 4.0, 3.0, 2.0, 4.0, 3.0, 3.0, 2.0, 1.0, 3.0, 3.0, 1.0, 4.0, 3.0, 0.0, 1.0, 2.0, 3.0, 2.0, 5.0, 3.0, 4.0, 2.0, 2.0, 1.0, 0.0, 5.0, 4.0, 1.0, 2.0, 4.0, 2.0, 2.0, 3.0, 4.0, 3.0, 2.0, 4.0, 2.0, 2.0, 1.0, 2.0, 4.0, 1.0, 3.0, 2.0, 3.0, 2.0, 1.0, 2.0, 2.0, 4.0, 3.0, 3.0, 2.0, 3.0, 2.0, 4.0, 3.0, 4.0, 4.0, 1.0, 3.0, 4.0, 3.0, 3.0, 1.0, 2.0, 4.0, 3.0, 3.0, 3.0, 2.0, 1.0, 1.0, 3.0, 3.0, 4.0, 2.0, 1.0, 2.0, 4.0, 2.0, 2.0, 3.0, 1.0, 4.0, 1.0, 1.0, 3.0, 3.0, 3.0], [4.0, 4.0, 4.0, 3.0, 3.0, 4.0, 3.0, 3.0, 4.0, 3.0, 1.0, 1.0, 1.0, 2.0, 2.0, 2.0, 1.0, 1.0, 0.0, 3.0, 2.0, 1.0, 3.0, 2.0, 3.0, 2.0, 1.0, 3.0, 2.0, 0.0, 3.0, 3.0, 1.0, 0.0, 1.0, 2.0, 1.0, 3.0, 2.0, 3.0, 1.0, 1.0, 0.0, 1.0, 3.0, 3.0, 2.0, 2.0, 2.0, 1.0, 1.0, 3.0, 3.0, 2.0, 1.0, 3.0, 2.0, 1.0, 0.0, 1.0, 3.0, 1.0, 2.0, 0.0, 3.0, 1.0, 1.0, 1.0, 1.0, 2.0, 2.0, 2.0, 1.0, 2.0, 1.0, 2.0, 2.0, 3.0, 4.0, 2.0, 2.0, 3.0, 2.0, 2.0, 0.0, 1.0, 3.0, 3.0, 2.0, 2.0, 1.0, 2.0, 0.0, 3.0, 3.0, 3.0, 2.0, 1.0, 2.0, 3.0, 1.0, 1.0, 3.0, 2.0, 3.0, 0.0, 0.0, 2.0, 2.0, 3.0], [4.0, 4.0, 4.0, 2.0, 2.0, 4.0, 2.0, 2.0, 4.0, 2.0, 0.0, 2.0, 2.0, 2.0, 3.0, 3.0, 2.0, 2.0, 1.0, 4.0, 3.0, 0.0, 2.0, 3.0, 3.0, 3.0, 1.0, 3.0, 1.0, 1.0, 3.0, 4.0, 2.0, 1.0, 0.0, 3.0, 0.0, 3.0, 3.0, 3.0, 1.0, 1.0, 1.0, 2.0, 3.0, 2.0, 2.0, 2.0, 2.0, 1.0, 1.0, 4.0, 3.0, 2.0, 1.0, 3.0, 3.0, 1.0, 1.0, 1.0, 4.0, 2.0, 2.0, 1.0, 4.0, 1.0, 2.0, 0.0, 0.0, 2.0, 1.0, 1.0, 1.0, 3.0, 1.0, 2.0, 2.0, 3.0, 4.0, 2.0, 3.0, 3.0, 2.0, 2.0, 1.0, 2.0, 3.0, 3.0, 2.0, 3.0, 2.0, 2.0, 1.0, 4.0, 4.0, 4.0, 3.0, 1.0, 3.0, 3.0, 2.0, 2.0, 4.0, 3.0, 2.0, 1.0, 1.0, 2.0, 1.0, 4.0], [3.0, 3.0, 3.0, 4.0, 4.0, 3.0, 4.0, 4.0, 3.0, 4.0, 3.0, 2.0, 2.0, 2.0, 0.0, 1.0, 2.0, 1.0, 2.0, 1.0, 1.0, 3.0, 3.0, 0.0, 1.0, 1.0, 2.0, 1.0, 3.0, 2.0, 2.0, 1.0, 3.0, 2.0, 3.0, 0.0, 3.0, 3.0, 0.0, 2.0, 2.0, 1.0, 2.0, 3.0, 2.0, 3.0, 3.0, 1.0, 3.0, 1.0, 2.0, 1.0, 2.0, 4.0, 2.0, 1.0, 2.0, 2.0, 2.0, 2.0, 1.0, 2.0, 1.0, 2.0, 1.0, 2.0, 2.0, 3.0, 3.0, 2.0, 4.0, 3.0, 2.0, 1.0, 1.0, 3.0, 1.0, 2.0, 2.0, 2.0, 1.0, 2.0, 1.0, 1.0, 2.0, 1.0, 2.0, 2.0, 2.0, 0.0, 1.0, 3.0, 2.0, 2.0, 1.0, 1.0, 2.0, 3.0, 1.0, 2.0, 1.0, 1.0, 1.0, 3.0, 3.0, 2.0, 3.0, 2.0, 3.0, 1.0], [4.0, 4.0, 4.0, 2.0, 2.0, 4.0, 2.0, 2.0, 4.0, 2.0, 1.0, 2.0, 3.0, 2.0, 3.0, 3.0, 2.0, 2.0, 1.0, 4.0, 3.0, 0.0, 2.0, 3.0, 3.0, 3.0, 2.0, 3.0, 1.0, 2.0, 3.0, 4.0, 2.0, 1.0, 0.0, 3.0, 0.0, 3.0, 3.0, 3.0, 1.0, 2.0, 1.0, 2.0, 4.0, 2.0, 3.0, 3.0, 2.0, 2.0, 1.0, 4.0, 3.0, 1.0, 2.0, 3.0, 3.0, 1.0, 1.0, 1.0, 4.0, 2.0, 3.0, 1.0, 4.0, 1.0, 2.0, 0.0, 0.0, 3.0, 1.0, 1.0, 2.0, 3.0, 2.0, 2.0, 3.0, 3.0, 5.0, 3.0, 3.0, 3.0, 3.0, 3.0, 2.0, 2.0, 3.0, 4.0, 2.0, 3.0, 3.0, 3.0, 1.0, 4.0, 4.0, 4.0, 4.0, 1.0, 3.0, 3.0, 3.0, 2.0, 4.0, 3.0, 2.0, 2.0, 1.0, 2.0, 1.0, 4.0], [1.0, 1.0, 1.0, 4.0, 4.0, 1.0, 4.0, 4.0, 1.0, 4.0, 3.0, 4.0, 4.0, 1.0, 3.0, 1.0, 4.0, 2.0, 3.0, 4.0, 2.0, 3.0, 1.0, 3.0, 2.0, 3.0, 4.0, 2.0, 3.0, 4.0, 1.0, 4.0, 5.0, 3.0, 3.0, 3.0, 3.0, 0.0, 3.0, 1.0, 2.0, 3.0, 3.0, 5.0, 1.0, 1.0, 5.0, 3.0, 2.0, 3.0, 2.0, 4.0, 0.0, 3.0, 3.0, 2.0, 4.0, 2.0, 3.0, 2.0, 4.0, 4.0, 2.0, 3.0, 4.0, 3.0, 4.0, 3.0, 3.0, 1.0, 3.0, 2.0, 2.0, 2.0, 3.0, 2.0, 2.0, 1.0, 4.0, 4.0, 2.0, 1.0, 1.0, 2.0, 4.0, 3.0, 1.0, 4.0, 1.0, 2.0, 3.0, 5.0, 3.0, 4.0, 4.0, 3.0, 4.0, 4.0, 4.0, 1.0, 3.0, 3.0, 4.0, 5.0, 1.0, 4.0, 4.0, 1.0, 2.0, 4.0], [4.0, 4.0, 4.0, 5.0, 5.0, 4.0, 5.0, 5.0, 4.0, 5.0, 3.0, 2.0, 2.0, 2.0, 0.0, 2.0, 2.0, 1.0, 3.0, 1.0, 1.0, 3.0, 3.0, 0.0, 1.0, 1.0, 2.0, 1.0, 4.0, 2.0, 3.0, 1.0, 3.0, 2.0, 3.0, 0.0, 3.0, 3.0, 0.0, 2.0, 3.0, 2.0, 2.0, 3.0, 3.0, 3.0, 3.0, 1.0, 3.0, 2.0, 3.0, 1.0, 3.0, 4.0, 2.0, 1.0, 2.0, 2.0, 3.0, 2.0, 1.0, 2.0, 1.0, 2.0, 1.0, 2.0, 2.0, 3.0, 3.0, 2.0, 4.0, 3.0, 2.0, 1.0, 2.0, 3.0, 1.0, 2.0, 1.0, 2.0, 1.0, 3.0, 2.0, 2.0, 2.0, 1.0, 2.0, 1.0, 2.0, 1.0, 1.0, 3.0, 2.0, 1.0, 1.0, 1.0, 1.0, 3.0, 1.0, 2.0, 1.0, 1.0, 1.0, 3.0, 3.0, 2.0, 3.0, 2.0, 3.0, 1.0], [2.0, 2.0, 2.0, 4.0, 4.0, 2.0, 4.0, 4.0, 2.0, 4.0, 3.0, 3.0, 3.0, 1.0, 2.0, 1.0, 3.0, 2.0, 3.0, 3.0, 1.0, 3.0, 2.0, 2.0, 1.0, 2.0, 3.0, 1.0, 3.0, 3.0, 1.0, 3.0, 4.0, 3.0, 3.0, 2.0, 3.0, 1.0, 2.0, 0.0, 2.0, 2.0, 3.0, 4.0, 1.0, 2.0, 4.0, 2.0, 2.0, 2.0, 2.0, 3.0, 1.0, 3.0, 3.0, 1.0, 3.0, 2.0, 3.0, 2.0, 2.0, 4.0, 1.0, 3.0, 3.0, 2.0, 3.0, 3.0, 3.0, 1.0, 3.0, 2.0, 2.0, 1.0, 2.0, 2.0, 1.0, 0.0, 3.0, 4.0, 1.0, 1.0, 1.0, 1.0, 3.0, 3.0, 0.0, 3.0, 1.0, 1.0, 2.0, 4.0, 3.0, 3.0, 3.0, 2.0, 3.0, 4.0, 3.0, 0.0, 3.0, 2.0, 3.0, 4.0, 2.0, 3.0, 3.0, 1.0, 3.0, 3.0], [3.0, 3.0, 3.0, 2.0, 2.0, 3.0, 2.0, 2.0, 3.0, 2.0, 1.0, 2.0, 2.0, 1.0, 2.0, 2.0, 2.0, 1.0, 1.0, 3.0, 2.0, 1.0, 2.0, 2.0, 3.0, 2.0, 2.0, 2.0, 1.0, 2.0, 2.0, 3.0, 2.0, 1.0, 1.0, 2.0, 1.0, 2.0, 3.0, 2.0, 0.0, 1.0, 1.0, 3.0, 3.0, 2.0, 3.0, 2.0, 1.0, 1.0, 0.0, 3.0, 2.0, 2.0, 1.0, 2.0, 3.0, 0.0, 1.0, 0.0, 3.0, 2.0, 2.0, 1.0, 3.0, 1.0, 2.0, 1.0, 1.0, 2.0, 1.0, 1.0, 1.0, 2.0, 1.0, 1.0, 2.0, 2.0, 4.0, 3.0, 2.0, 2.0, 1.0, 1.0, 2.0, 2.0, 2.0, 3.0, 1.0, 2.0, 2.0, 3.0, 1.0, 4.0, 3.0, 3.0, 3.0, 2.0, 3.0, 2.0, 2.0, 2.0, 3.0, 3.0, 1.0, 2.0, 1.0, 1.0, 1.0, 3.0], [4.0, 4.0, 4.0, 3.0, 3.0, 4.0, 3.0, 3.0, 4.0, 3.0, 1.0, 1.0, 1.0, 2.0, 1.0, 2.0, 1.0, 1.0, 1.0, 3.0, 2.0, 2.0, 3.0, 2.0, 2.0, 1.0, 1.0, 2.0, 2.0, 1.0, 2.0, 2.0, 2.0, 1.0, 1.0, 1.0, 2.0, 3.0, 2.0, 2.0, 1.0, 0.0, 1.0, 2.0, 3.0, 3.0, 2.0, 1.0, 2.0, 0.0, 1.0, 2.0, 3.0, 3.0, 0.0, 2.0, 2.0, 1.0, 1.0, 1.0, 2.0, 1.0, 1.0, 0.0, 2.0, 0.0, 1.0, 2.0, 1.0, 2.0, 3.0, 2.0, 1.0, 2.0, 0.0, 2.0, 1.0, 2.0, 3.0, 2.0, 2.0, 2.0, 2.0, 1.0, 1.0, 0.0, 2.0, 2.0, 2.0, 2.0, 1.0, 2.0, 0.0, 2.0, 2.0, 2.0, 2.0, 1.0, 2.0, 2.0, 1.0, 1.0, 2.0, 2.0, 2.0, 1.0, 1.0, 2.0, 2.0, 2.0], [4.0, 4.0, 4.0, 3.0, 3.0, 4.0, 3.0, 3.0, 4.0, 3.0, 1.0, 1.0, 1.0, 2.0, 2.0, 2.0, 1.0, 1.0, 0.0, 3.0, 2.0, 1.0, 3.0, 3.0, 3.0, 2.0, 1.0, 3.0, 2.0, 0.0, 3.0, 3.0, 1.0, 0.0, 1.0, 2.0, 1.0, 3.0, 2.0, 3.0, 1.0, 1.0, 0.0, 2.0, 4.0, 3.0, 2.0, 2.0, 2.0, 1.0, 1.0, 3.0, 3.0, 2.0, 1.0, 3.0, 2.0, 1.0, 0.0, 1.0, 3.0, 1.0, 2.0, 1.0, 3.0, 1.0, 1.0, 1.0, 1.0, 2.0, 2.0, 2.0, 1.0, 2.0, 1.0, 2.0, 2.0, 3.0, 4.0, 2.0, 2.0, 3.0, 2.0, 2.0, 1.0, 1.0, 3.0, 3.0, 2.0, 3.0, 2.0, 2.0, 0.0, 3.0, 3.0, 3.0, 2.0, 1.0, 2.0, 3.0, 2.0, 2.0, 3.0, 2.0, 3.0, 0.0, 0.0, 2.0, 2.0, 3.0], [6.0, 6.0, 6.0, 4.0, 4.0, 6.0, 4.0, 4.0, 6.0, 4.0, 2.0, 1.0, 1.0, 4.0, 3.0, 4.0, 1.0, 2.0, 2.0, 4.0, 3.0, 3.0, 4.0, 3.0, 3.0, 2.0, 1.0, 3.0, 4.0, 1.0, 4.0, 3.0, 0.0, 1.0, 2.0, 3.0, 2.0, 5.0, 3.0, 4.0, 3.0, 2.0, 2.0, 0.0, 5.0, 4.0, 0.0, 2.0, 4.0, 2.0, 3.0, 3.0, 4.0, 4.0, 2.0, 4.0, 1.0, 2.0, 2.0, 3.0, 3.0, 1.0, 3.0, 2.0, 3.0, 2.0, 1.0, 3.0, 2.0, 4.0, 4.0, 3.0, 3.0, 3.0, 2.0, 4.0, 3.0, 4.0, 3.0, 1.0, 3.0, 4.0, 3.0, 3.0, 1.0, 2.0, 4.0, 2.0, 4.0, 3.0, 2.0, 0.0, 2.0, 3.0, 3.0, 4.0, 2.0, 1.0, 2.0, 4.0, 2.0, 2.0, 3.0, 1.0, 4.0, 1.0, 2.0, 3.0, 3.0, 3.0], [1.0, 1.0, 1.0, 4.0, 4.0, 1.0, 4.0, 4.0, 1.0, 4.0, 4.0, 3.0, 4.0, 1.0, 3.0, 1.0, 4.0, 2.0, 3.0, 3.0, 2.0, 3.0, 2.0, 2.0, 2.0, 3.0, 4.0, 2.0, 3.0, 4.0, 1.0, 3.0, 5.0, 3.0, 3.0, 2.0, 4.0, 1.0, 3.0, 1.0, 3.0, 3.0, 4.0, 5.0, 0.0, 2.0, 5.0, 3.0, 2.0, 3.0, 3.0, 3.0, 1.0, 4.0, 3.0, 1.0, 4.0, 2.0, 4.0, 3.0, 3.0, 4.0, 2.0, 3.0, 3.0, 3.0, 4.0, 4.0, 3.0, 1.0, 3.0, 2.0, 2.0, 2.0, 3.0, 2.0, 2.0, 1.0, 4.0, 4.0, 2.0, 1.0, 1.0, 1.0, 4.0, 3.0, 1.0, 4.0, 1.0, 2.0, 3.0, 5.0, 3.0, 4.0, 3.0, 3.0, 4.0, 4.0, 3.0, 1.0, 3.0, 3.0, 4.0, 5.0, 2.0, 4.0, 4.0, 1.0, 3.0, 3.0], [2.0, 2.0, 2.0, 2.0, 2.0, 2.0, 2.0, 2.0, 2.0, 2.0, 3.0, 3.0, 4.0, 1.0, 3.0, 2.0, 3.0, 2.0, 2.0, 4.0, 3.0, 2.0, 0.0, 3.0, 3.0, 3.0, 3.0, 3.0, 1.0, 3.0, 1.0, 4.0, 4.0, 3.0, 2.0, 3.0, 2.0, 1.0, 3.0, 2.0, 2.0, 3.0, 3.0, 4.0, 2.0, 0.0, 4.0, 3.0, 0.0, 3.0, 2.0, 4.0, 1.0, 2.0, 3.0, 2.0, 4.0, 2.0, 3.0, 2.0, 4.0, 4.0, 2.0, 2.0, 4.0, 2.0, 3.0, 2.0, 2.0, 2.0, 2.0, 1.0, 2.0, 3.0, 2.0, 0.0, 2.0, 2.0, 5.0, 4.0, 3.0, 1.0, 2.0, 2.0, 3.0, 3.0, 2.0, 4.0, 1.0, 3.0, 3.0, 4.0, 3.0, 5.0, 4.0, 4.0, 4.0, 3.0, 4.0, 2.0, 3.0, 3.0, 4.0, 5.0, 0.0, 3.0, 3.0, 2.0, 1.0, 4.0], [6.0, 6.0, 6.0, 4.0, 4.0, 6.0, 4.0, 4.0, 6.0, 4.0, 2.0, 1.0, 1.0, 4.0, 2.0, 3.0, 1.0, 2.0, 2.0, 3.0, 3.0, 3.0, 4.0, 3.0, 3.0, 2.0, 1.0, 3.0, 4.0, 1.0, 4.0, 3.0, 1.0, 2.0, 2.0, 3.0, 3.0, 5.0, 3.0, 4.0, 3.0, 2.0, 2.0, 0.0, 5.0, 4.0, 0.0, 2.0, 4.0, 2.0, 3.0, 3.0, 4.0, 4.0, 2.0, 3.0, 1.0, 2.0, 2.0, 3.0, 3.0, 1.0, 3.0, 2.0, 3.0, 2.0, 1.0, 3.0, 3.0, 4.0, 4.0, 3.0, 3.0, 3.0, 2.0, 4.0, 3.0, 4.0, 3.0, 1.0, 3.0, 4.0, 3.0, 3.0, 1.0, 2.0, 4.0, 2.0, 3.0, 3.0, 2.0, 0.0, 2.0, 2.0, 3.0, 3.0, 2.0, 2.0, 2.0, 4.0, 2.0, 2.0, 3.0, 1.0, 4.0, 1.0, 2.0, 3.0, 3.0, 3.0], [4.0, 4.0, 4.0, 4.0, 4.0, 4.0, 4.0, 4.0, 4.0, 4.0, 2.0, 1.0, 2.0, 2.0, 1.0, 1.0, 1.0, 1.0, 2.0, 2.0, 1.0, 2.0, 3.0, 1.0, 1.0, 1.0, 1.0, 1.0, 3.0, 1.0, 2.0, 2.0, 2.0, 2.0, 2.0, 1.0, 3.0, 3.0, 1.0, 2.0, 2.0, 1.0, 2.0, 2.0, 3.0, 3.0, 2.0, 0.0, 3.0, 1.0, 2.0, 1.0, 2.0, 3.0, 1.0, 1.0, 1.0, 1.0, 2.0, 2.0, 2.0, 2.0, 1.0, 1.0, 1.0, 1.0, 1.0, 3.0, 2.0, 2.0, 3.0, 2.0, 1.0, 1.0, 1.0, 3.0, 1.0, 2.0, 2.0, 2.0, 1.0, 2.0, 1.0, 1.0, 1.0, 1.0, 2.0, 2.0, 2.0, 1.0, 0.0, 3.0, 1.0, 2.0, 1.0, 2.0, 1.0, 2.0, 1.0, 2.0, 1.0, 0.0, 2.0, 2.0, 3.0, 2.0, 2.0, 1.0, 2.0, 2.0], [3.0, 3.0, 3.0, 2.0, 2.0, 3.0, 2.0, 2.0, 3.0, 2.0, 2.0, 3.0, 4.0, 1.0, 3.0, 2.0, 3.0, 2.0, 2.0, 4.0, 3.0, 2.0, 0.0, 3.0, 3.0, 3.0, 3.0, 2.0, 1.0, 3.0, 1.0, 4.0, 4.0, 2.0, 2.0, 3.0, 2.0, 2.0, 3.0, 2.0, 1.0, 2.0, 2.0, 4.0, 2.0, 0.0, 4.0, 3.0, 0.0, 2.0, 1.0, 4.0, 1.0, 2.0, 2.0, 2.0, 4.0, 2.0, 2.0, 1.0, 4.0, 3.0, 2.0, 2.0, 4.0, 2.0, 3.0, 2.0, 2.0, 2.0, 1.0, 1.0, 2.0, 2.0, 2.0, 0.0, 2.0, 2.0, 5.0, 4.0, 3.0, 1.0, 2.0, 2.0, 3.0, 3.0, 2.0, 4.0, 1.0, 3.0, 3.0, 4.0, 2.0, 5.0, 4.0, 4.0, 4.0, 3.0, 4.0, 2.0, 3.0, 3.0, 4.0, 5.0, 0.0, 3.0, 3.0, 1.0, 1.0, 4.0], [4.0, 4.0, 4.0, 3.0, 3.0, 4.0, 3.0, 3.0, 4.0, 3.0, 1.0, 1.0, 1.0, 2.0, 1.0, 2.0, 1.0, 1.0, 1.0, 3.0, 2.0, 2.0, 3.0, 2.0, 2.0, 1.0, 1.0, 2.0, 2.0, 1.0, 2.0, 2.0, 2.0, 1.0, 1.0, 1.0, 2.0, 3.0, 2.0, 2.0, 1.0, 0.0, 1.0, 2.0, 3.0, 3.0, 2.0, 1.0, 2.0, 0.0, 1.0, 2.0, 2.0, 3.0, 0.0, 2.0, 2.0, 1.0, 1.0, 1.0, 2.0, 1.0, 1.0, 0.0, 2.0, 0.0, 1.0, 2.0, 1.0, 2.0, 3.0, 2.0, 1.0, 2.0, 0.0, 2.0, 1.0, 2.0, 3.0, 2.0, 2.0, 2.0, 1.0, 1.0, 1.0, 0.0, 2.0, 2.0, 2.0, 2.0, 1.0, 2.0, 0.0, 2.0, 2.0, 2.0, 2.0, 1.0, 2.0, 2.0, 1.0, 1.0, 2.0, 2.0, 2.0, 1.0, 1.0, 1.0, 2.0, 2.0], [3.0, 3.0, 3.0, 2.0, 2.0, 3.0, 2.0, 2.0, 3.0, 2.0, 1.0, 2.0, 2.0, 1.0, 2.0, 2.0, 2.0, 1.0, 1.0, 4.0, 2.0, 1.0, 2.0, 2.0, 3.0, 2.0, 2.0, 2.0, 1.0, 2.0, 2.0, 3.0, 2.0, 1.0, 1.0, 2.0, 1.0, 2.0, 3.0, 2.0, 0.0, 1.0, 1.0, 3.0, 3.0, 2.0, 3.0, 2.0, 1.0, 1.0, 0.0, 3.0, 2.0, 2.0, 1.0, 2.0, 3.0, 0.0, 1.0, 0.0, 3.0, 2.0, 2.0, 1.0, 3.0, 1.0, 2.0, 1.0, 1.0, 2.0, 1.0, 1.0, 1.0, 2.0, 1.0, 1.0, 2.0, 2.0, 4.0, 3.0, 2.0, 2.0, 1.0, 1.0, 2.0, 2.0, 2.0, 3.0, 1.0, 2.0, 2.0, 3.0, 1.0, 4.0, 3.0, 3.0, 3.0, 1.0, 3.0, 2.0, 2.0, 2.0, 3.0, 3.0, 1.0, 1.0, 1.0, 1.0, 1.0, 3.0], [4.0, 4.0, 4.0, 5.0, 5.0, 4.0, 5.0, 5.0, 4.0, 5.0, 4.0, 2.0, 2.0, 3.0, 1.0, 2.0, 2.0, 2.0, 3.0, 0.0, 1.0, 4.0, 4.0, 1.0, 1.0, 1.0, 2.0, 2.0, 4.0, 3.0, 3.0, 0.0, 3.0, 3.0, 4.0, 1.0, 4.0, 4.0, 1.0, 3.0, 3.0, 2.0, 3.0, 3.0, 3.0, 4.0, 3.0, 1.0, 4.0, 2.0, 3.0, 0.0, 3.0, 5.0, 2.0, 2.0, 2.0, 3.0, 3.0, 3.0, 0.0, 3.0, 2.0, 3.0, 0.0, 3.0, 2.0, 4.0, 4.0, 3.0, 5.0, 4.0, 3.0, 2.0, 2.0, 4.0, 2.0, 3.0, 1.0, 2.0, 1.0, 3.0, 2.0, 2.0, 3.0, 2.0, 3.0, 1.0, 3.0, 1.0, 1.0, 3.0, 3.0, 1.0, 0.0, 1.0, 1.0, 3.0, 1.0, 3.0, 1.0, 1.0, 0.0, 3.0, 4.0, 3.0, 3.0, 3.0, 4.0, 0.0], [1.0, 1.0, 1.0, 4.0, 4.0, 1.0, 4.0, 4.0, 1.0, 4.0, 3.0, 3.0, 4.0, 1.0, 3.0, 1.0, 3.0, 2.0, 3.0, 3.0, 2.0, 3.0, 1.0, 2.0, 2.0, 3.0, 3.0, 2.0, 2.0, 3.0, 0.0, 3.0, 4.0, 3.0, 3.0, 2.0, 3.0, 0.0, 3.0, 1.0, 2.0, 3.0, 3.0, 4.0, 1.0, 1.0, 4.0, 2.0, 1.0, 2.0, 2.0, 3.0, 0.0, 3.0, 3.0, 1.0, 4.0, 2.0, 3.0, 2.0, 3.0, 4.0, 2.0, 3.0, 3.0, 2.0, 3.0, 3.0, 3.0, 1.0, 3.0, 2.0, 2.0, 2.0, 2.0, 2.0, 2.0, 1.0, 4.0, 4.0, 2.0, 0.0, 1.0, 1.0, 3.0, 3.0, 1.0, 4.0, 1.0, 2.0, 3.0, 5.0, 3.0, 4.0, 3.0, 3.0, 4.0, 3.0, 3.0, 1.0, 3.0, 3.0, 4.0, 5.0, 1.0, 3.0, 3.0, 1.0, 2.0, 3.0], [4.0, 4.0, 4.0, 1.0, 1.0, 4.0, 1.0, 1.0, 4.0, 1.0, 2.0, 3.0, 4.0, 2.0, 4.0, 3.0, 3.0, 3.0, 2.0, 5.0, 4.0, 1.0, 2.0, 4.0, 4.0, 4.0, 3.0, 4.0, 0.0, 3.0, 3.0, 5.0, 3.0, 2.0, 2.0, 4.0, 1.0, 3.0, 4.0, 3.0, 2.0, 3.0, 2.0, 4.0, 4.0, 2.0, 4.0, 3.0, 2.0, 3.0, 2.0, 5.0, 3.0, 0.0, 3.0, 4.0, 4.0, 2.0, 2.0, 2.0, 5.0, 3.0, 3.0, 2.0, 5.0, 2.0, 3.0, 1.0, 1.0, 3.0, 0.0, 1.0, 2.0, 4.0, 3.0, 1.0, 3.0, 3.0, 6.0, 4.0, 4.0, 3.0, 3.0, 3.0, 3.0, 3.0, 3.0, 5.0, 3.0, 4.0, 4.0, 4.0, 3.0, 5.0, 5.0, 5.0, 5.0, 2.0, 4.0, 3.0, 4.0, 3.0, 5.0, 5.0, 2.0, 3.0, 2.0, 3.0, 1.0, 5.0], [4.0, 4.0, 4.0, 3.0, 3.0, 4.0, 3.0, 3.0, 4.0, 3.0, 1.0, 1.0, 1.0, 2.0, 2.0, 2.0, 1.0, 1.0, 1.0, 3.0, 2.0, 1.0, 3.0, 2.0, 2.0, 1.0, 1.0, 2.0, 2.0, 1.0, 2.0, 3.0, 2.0, 1.0, 1.0, 2.0, 2.0, 3.0, 2.0, 3.0, 1.0, 0.0, 1.0, 2.0, 3.0, 3.0, 2.0, 1.0, 2.0, 0.0, 1.0, 2.0, 3.0, 3.0, 0.0, 2.0, 2.0, 1.0, 1.0, 1.0, 3.0, 1.0, 1.0, 0.0, 2.0, 0.0, 1.0, 2.0, 1.0, 2.0, 2.0, 2.0, 1.0, 2.0, 0.0, 2.0, 1.0, 2.0, 3.0, 2.0, 2.0, 2.0, 2.0, 2.0, 1.0, 1.0, 2.0, 2.0, 2.0, 2.0, 1.0, 2.0, 0.0, 3.0, 2.0, 3.0, 2.0, 1.0, 2.0, 2.0, 1.0, 1.0, 2.0, 2.0, 2.0, 1.0, 1.0, 2.0, 2.0, 3.0], [2.0, 2.0, 2.0, 4.0, 4.0, 2.0, 4.0, 4.0, 2.0, 4.0, 3.0, 2.0, 3.0, 1.0, 1.0, 0.0, 3.0, 1.0, 3.0, 2.0, 1.0, 3.0, 2.0, 1.0, 1.0, 2.0, 2.0, 0.0, 3.0, 3.0, 1.0, 2.0, 4.0, 3.0, 3.0, 1.0, 3.0, 2.0, 1.0, 1.0, 2.0, 2.0, 3.0, 4.0, 1.0, 2.0, 3.0, 1.0, 2.0, 2.0, 2.0, 2.0, 1.0, 4.0, 2.0, 0.0, 3.0, 2.0, 3.0, 2.0, 2.0, 3.0, 1.0, 2.0, 2.0, 2.0, 2.0, 3.0, 3.0, 1.0, 3.0, 2.0, 2.0, 0.0, 2.0, 2.0, 1.0, 1.0, 3.0, 3.0, 0.0, 1.0, 1.0, 1.0, 3.0, 2.0, 1.0, 3.0, 1.0, 1.0, 2.0, 4.0, 2.0, 3.0, 2.0, 2.0, 3.0, 3.0, 2.0, 1.0, 2.0, 1.0, 2.0, 4.0, 2.0, 3.0, 3.0, 1.0, 3.0, 2.0], [5.0, 5.0, 5.0, 5.0, 5.0, 5.0, 5.0, 5.0, 5.0, 5.0, 3.0, 1.0, 1.0, 3.0, 1.0, 3.0, 1.0, 2.0, 2.0, 2.0, 2.0, 3.0, 4.0, 2.0, 2.0, 1.0, 1.0, 3.0, 4.0, 1.0, 4.0, 2.0, 2.0, 2.0, 3.0, 2.0, 3.0, 4.0, 2.0, 3.0, 3.0, 2.0, 2.0, 1.0, 4.0, 4.0, 1.0, 1.0, 4.0, 2.0, 3.0, 2.0, 4.0, 4.0, 2.0, 3.0, 0.0, 2.0, 2.0, 3.0, 2.0, 1.0, 2.0, 2.0, 2.0, 2.0, 1.0, 3.0, 3.0, 3.0, 4.0, 3.0, 2.0, 2.0, 2.0, 4.0, 2.0, 3.0, 2.0, 1.0, 2.0, 4.0, 3.0, 3.0, 1.0, 1.0, 3.0, 1.0, 3.0, 2.0, 1.0, 1.0, 2.0, 1.0, 2.0, 2.0, 1.0, 2.0, 1.0, 3.0, 1.0, 1.0, 1.0, 1.0, 4.0, 2.0, 2.0, 3.0, 3.0, 2.0], [3.0, 3.0, 3.0, 3.0, 3.0, 3.0, 3.0, 3.0, 3.0, 3.0, 1.0, 1.0, 2.0, 1.0, 2.0, 2.0, 2.0, 1.0, 1.0, 3.0, 2.0, 1.0, 2.0, 2.0, 2.0, 2.0, 1.0, 2.0, 2.0, 1.0, 2.0, 3.0, 2.0, 1.0, 1.0, 2.0, 1.0, 2.0, 2.0, 2.0, 0.0, 1.0, 1.0, 2.0, 2.0, 2.0, 2.0, 1.0, 2.0, 1.0, 0.0, 3.0, 2.0, 2.0, 1.0, 2.0, 2.0, 0.0, 1.0, 0.0, 3.0, 2.0, 1.0, 1.0, 3.0, 0.0, 1.0, 1.0, 1.0, 1.0, 2.0, 1.0, 0.0, 2.0, 0.0, 1.0, 1.0, 2.0, 3.0, 2.0, 2.0, 2.0, 1.0, 1.0, 1.0, 1.0, 2.0, 3.0, 1.0, 2.0, 2.0, 3.0, 1.0, 3.0, 3.0, 3.0, 3.0, 2.0, 2.0, 2.0, 2.0, 1.0, 3.0, 3.0, 2.0, 1.0, 1.0, 1.0, 1.0, 3.0], [4.0, 4.0, 4.0, 3.0, 3.0, 4.0, 3.0, 3.0, 4.0, 3.0, 0.0, 1.0, 2.0, 2.0, 2.0, 3.0, 1.0, 1.0, 0.0, 3.0, 3.0, 1.0, 3.0, 3.0, 3.0, 2.0, 1.0, 3.0, 2.0, 1.0, 3.0, 3.0, 1.0, 0.0, 1.0, 2.0, 1.0, 3.0, 3.0, 3.0, 1.0, 1.0, 0.0, 2.0, 4.0, 3.0, 2.0, 2.0, 2.0, 1.0, 1.0, 3.0, 3.0, 2.0, 1.0, 3.0, 2.0, 1.0, 0.0, 1.0, 3.0, 1.0, 2.0, 1.0, 3.0, 1.0, 1.0, 1.0, 1.0, 2.0, 2.0, 2.0, 1.0, 3.0, 1.0, 2.0, 2.0, 3.0, 4.0, 2.0, 3.0, 3.0, 2.0, 2.0, 1.0, 1.0, 3.0, 3.0, 2.0, 3.0, 2.0, 2.0, 0.0, 3.0, 3.0, 3.0, 3.0, 0.0, 2.0, 3.0, 2.0, 2.0, 3.0, 2.0, 3.0, 0.0, 0.0, 2.0, 2.0, 3.0], [3.0, 3.0, 3.0, 2.0, 2.0, 3.0, 2.0, 2.0, 3.0, 2.0, 1.0, 2.0, 2.0, 1.0, 2.0, 2.0, 2.0, 1.0, 1.0, 3.0, 2.0, 1.0, 2.0, 2.0, 2.0, 2.0, 1.0, 2.0, 1.0, 1.0, 2.0, 3.0, 2.0, 1.0, 1.0, 2.0, 1.0, 2.0, 2.0, 2.0, 0.0, 1.0, 1.0, 3.0, 3.0, 2.0, 3.0, 2.0, 1.0, 1.0, 0.0, 3.0, 2.0, 2.0, 1.0, 2.0, 3.0, 0.0, 1.0, 0.0, 3.0, 2.0, 1.0, 1.0, 3.0, 1.0, 2.0, 1.0, 1.0, 1.0, 2.0, 1.0, 0.0, 2.0, 1.0, 1.0, 1.0, 2.0, 4.0, 3.0, 2.0, 2.0, 1.0, 1.0, 1.0, 1.0, 2.0, 3.0, 1.0, 2.0, 2.0, 3.0, 1.0, 3.0, 3.0, 3.0, 3.0, 2.0, 2.0, 2.0, 2.0, 1.0, 3.0, 3.0, 1.0, 1.0, 1.0, 1.0, 1.0, 3.0], [4.0, 4.0, 4.0, 6.0, 6.0, 4.0, 6.0, 6.0, 4.0, 6.0, 4.0, 2.0, 2.0, 3.0, 1.0, 2.0, 3.0, 2.0, 3.0, 0.0, 1.0, 4.0, 4.0, 1.0, 1.0, 1.0, 3.0, 2.0, 5.0, 3.0, 3.0, 0.0, 4.0, 3.0, 4.0, 1.0, 4.0, 4.0, 1.0, 2.0, 3.0, 2.0, 3.0, 3.0, 3.0, 4.0, 3.0, 2.0, 4.0, 2.0, 3.0, 0.0, 3.0, 5.0, 3.0, 2.0, 2.0, 3.0, 3.0, 3.0, 0.0, 3.0, 2.0, 3.0, 0.0, 3.0, 2.0, 4.0, 4.0, 3.0, 5.0, 4.0, 3.0, 2.0, 2.0, 4.0, 2.0, 3.0, 1.0, 3.0, 1.0, 3.0, 2.0, 2.0, 3.0, 2.0, 2.0, 1.0, 3.0, 1.0, 2.0, 3.0, 3.0, 1.0, 0.0, 0.0, 1.0, 4.0, 1.0, 3.0, 2.0, 2.0, 1.0, 3.0, 4.0, 3.0, 4.0, 3.0, 4.0, 0.0], [5.0, 5.0, 5.0, 4.0, 4.0, 5.0, 4.0, 4.0, 5.0, 4.0, 1.0, 1.0, 1.0, 3.0, 2.0, 3.0, 0.0, 2.0, 1.0, 3.0, 3.0, 2.0, 4.0, 3.0, 3.0, 2.0, 1.0, 3.0, 3.0, 0.0, 3.0, 3.0, 1.0, 1.0, 2.0, 2.0, 2.0, 4.0, 2.0, 4.0, 2.0, 1.0, 1.0, 1.0, 4.0, 4.0, 1.0, 2.0, 3.0, 1.0, 2.0, 3.0, 4.0, 3.0, 1.0, 3.0, 1.0, 2.0, 1.0, 2.0, 3.0, 0.0, 2.0, 1.0, 3.0, 1.0, 1.0, 2.0, 2.0, 3.0, 3.0, 3.0, 2.0, 3.0, 2.0, 3.0, 2.0, 3.0, 3.0, 1.0, 3.0, 3.0, 3.0, 3.0, 0.0, 1.0, 3.0, 2.0, 3.0, 3.0, 1.0, 1.0, 1.0, 3.0, 3.0, 3.0, 2.0, 1.0, 2.0, 3.0, 1.0, 2.0, 3.0, 1.0, 3.0, 0.0, 1.0, 3.0, 3.0, 3.0], [3.0, 3.0, 3.0, 4.0, 4.0, 3.0, 4.0, 4.0, 3.0, 4.0, 2.0, 2.0, 2.0, 1.0, 1.0, 1.0, 2.0, 1.0, 2.0, 2.0, 1.0, 2.0, 2.0, 1.0, 1.0, 1.0, 2.0, 1.0, 3.0, 2.0, 1.0, 2.0, 3.0, 2.0, 2.0, 1.0, 3.0, 2.0, 1.0, 1.0, 2.0, 1.0, 2.0, 3.0, 2.0, 2.0, 3.0, 1.0, 2.0, 1.0, 2.0, 2.0, 2.0, 3.0, 1.0, 1.0, 2.0, 1.0, 2.0, 1.0, 2.0, 2.0, 0.0, 1.0, 2.0, 1.0, 2.0, 2.0, 2.0, 1.0, 3.0, 2.0, 1.0, 1.0, 1.0, 2.0, 0.0, 1.0, 3.0, 2.0, 1.0, 2.0, 1.0, 1.0, 2.0, 1.0, 1.0, 2.0, 1.0, 1.0, 1.0, 3.0, 2.0, 2.0, 2.0, 2.0, 2.0, 2.0, 2.0, 1.0, 1.0, 1.0, 2.0, 3.0, 2.0, 2.0, 2.0, 1.0, 2.0, 2.0], [4.0, 4.0, 4.0, 3.0, 3.0, 4.0, 3.0, 3.0, 4.0, 3.0, 1.0, 1.0, 2.0, 2.0, 2.0, 2.0, 1.0, 1.0, 0.0, 3.0, 2.0, 1.0, 2.0, 2.0, 2.0, 2.0, 1.0, 2.0, 2.0, 1.0, 2.0, 3.0, 2.0, 0.0, 1.0, 2.0, 1.0, 3.0, 2.0, 3.0, 1.0, 0.0, 1.0, 2.0, 3.0, 2.0, 2.0, 1.0, 2.0, 0.0, 1.0, 3.0, 3.0, 2.0, 0.0, 2.0, 2.0, 1.0, 1.0, 1.0, 3.0, 1.0, 1.0, 0.0, 3.0, 0.0, 1.0, 1.0, 1.0, 2.0, 2.0, 1.0, 1.0, 2.0, 1.0, 2.0, 2.0, 2.0, 3.0, 2.0, 2.0, 2.0, 2.0, 2.0, 1.0, 1.0, 2.0, 3.0, 2.0, 2.0, 1.0, 2.0, 0.0, 3.0, 3.0, 3.0, 2.0, 1.0, 2.0, 2.0, 1.0, 1.0, 3.0, 2.0, 2.0, 1.0, 1.0, 2.0, 1.0, 3.0], [4.0, 4.0, 4.0, 5.0, 5.0, 4.0, 5.0, 5.0, 4.0, 5.0, 3.0, 2.0, 2.0, 3.0, 1.0, 2.0, 2.0, 2.0, 3.0, 0.0, 1.0, 4.0, 4.0, 1.0, 1.0, 1.0, 2.0, 2.0, 4.0, 3.0, 3.0, 0.0, 3.0, 3.0, 4.0, 1.0, 4.0, 4.0, 1.0, 3.0, 3.0, 2.0, 3.0, 3.0, 3.0, 4.0, 3.0, 1.0, 4.0, 2.0, 3.0, 0.0, 3.0, 5.0, 2.0, 2.0, 2.0, 3.0, 3.0, 3.0, 0.0, 3.0, 2.0, 3.0, 0.0, 3.0, 2.0, 4.0, 4.0, 3.0, 5.0, 4.0, 3.0, 2.0, 2.0, 4.0, 2.0, 3.0, 1.0, 2.0, 1.0, 3.0, 2.0, 2.0, 3.0, 2.0, 3.0, 1.0, 3.0, 1.0, 1.0, 3.0, 3.0, 1.0, 0.0, 1.0, 1.0, 3.0, 1.0, 3.0, 1.0, 1.0, 0.0, 3.0, 4.0, 3.0, 3.0, 3.0, 4.0, 0.0], [4.0, 4.0, 4.0, 3.0, 3.0, 4.0, 3.0, 3.0, 4.0, 3.0, 1.0, 1.0, 2.0, 2.0, 2.0, 2.0, 1.0, 1.0, 1.0, 3.0, 2.0, 1.0, 2.0, 2.0, 2.0, 2.0, 1.0, 2.0, 2.0, 1.0, 2.0, 3.0, 2.0, 1.0, 1.0, 2.0, 1.0, 3.0, 2.0, 2.0, 1.0, 0.0, 1.0, 2.0, 3.0, 2.0, 2.0, 1.0, 2.0, 0.0, 1.0, 3.0, 2.0, 2.0, 0.0, 2.0, 2.0, 0.0, 1.0, 1.0, 3.0, 1.0, 1.0, 0.0, 3.0, 0.0, 1.0, 1.0, 1.0, 2.0, 2.0, 1.0, 1.0, 2.0, 0.0, 2.0, 1.0, 2.0, 3.0, 2.0, 2.0, 2.0, 2.0, 1.0, 1.0, 1.0, 2.0, 3.0, 2.0, 2.0, 1.0, 2.0, 0.0, 3.0, 3.0, 3.0, 2.0, 1.0, 2.0, 2.0, 1.0, 1.0, 3.0, 2.0, 2.0, 1.0, 1.0, 1.0, 1.0, 3.0], [5.0, 5.0, 5.0, 4.0, 4.0, 5.0, 4.0, 4.0, 5.0, 4.0, 2.0, 0.0, 1.0, 3.0, 1.0, 2.0, 0.0, 1.0, 1.0, 3.0, 2.0, 2.0, 3.0, 2.0, 2.0, 1.0, 0.0, 2.0, 3.0, 1.0, 3.0, 2.0, 1.0, 1.0, 2.0, 2.0, 2.0, 4.0, 2.0, 3.0, 2.0, 1.0, 1.0, 1.0, 4.0, 3.0, 1.0, 1.0, 3.0, 1.0, 2.0, 2.0, 3.0, 3.0, 1.0, 2.0, 1.0, 1.0, 1.0, 2.0, 2.0, 1.0, 2.0, 1.0, 2.0, 1.0, 0.0, 2.0, 2.0, 2.0, 3.0, 2.0, 1.0, 2.0, 1.0, 3.0, 2.0, 3.0, 3.0, 1.0, 2.0, 3.0, 2.0, 2.0, 0.0, 0.0, 3.0, 2.0, 2.0, 2.0, 1.0, 1.0, 1.0, 2.0, 2.0, 3.0, 1.0, 1.0, 1.0, 3.0, 1.0, 1.0, 2.0, 2.0, 3.0, 1.0, 1.0, 2.0, 2.0, 2.0], [4.0, 4.0, 4.0, 2.0, 2.0, 4.0, 2.0, 2.0, 4.0, 2.0, 1.0, 2.0, 3.0, 2.0, 3.0, 3.0, 2.0, 2.0, 1.0, 4.0, 3.0, 0.0, 2.0, 3.0, 3.0, 3.0, 2.0, 3.0, 1.0, 2.0, 3.0, 4.0, 2.0, 1.0, 0.0, 3.0, 0.0, 3.0, 3.0, 3.0, 1.0, 2.0, 1.0, 3.0, 4.0, 2.0, 3.0, 3.0, 2.0, 2.0, 1.0, 4.0, 3.0, 1.0, 2.0, 3.0, 3.0, 1.0, 1.0, 1.0, 4.0, 2.0, 2.0, 1.0, 4.0, 1.0, 2.0, 0.0, 0.0, 3.0, 1.0, 1.0, 2.0, 3.0, 2.0, 2.0, 3.0, 3.0, 5.0, 3.0, 3.0, 3.0, 2.0, 2.0, 2.0, 2.0, 3.0, 4.0, 2.0, 3.0, 3.0, 3.0, 1.0, 4.0, 4.0, 4.0, 4.0, 1.0, 3.0, 3.0, 3.0, 2.0, 4.0, 3.0, 2.0, 2.0, 1.0, 2.0, 1.0, 4.0], [4.0, 4.0, 4.0, 2.0, 2.0, 4.0, 2.0, 2.0, 4.0, 2.0, 1.0, 2.0, 2.0, 2.0, 3.0, 3.0, 2.0, 2.0, 1.0, 4.0, 3.0, 0.0, 2.0, 3.0, 3.0, 3.0, 2.0, 3.0, 1.0, 1.0, 3.0, 4.0, 2.0, 1.0, 0.0, 3.0, 0.0, 3.0, 3.0, 3.0, 1.0, 1.0, 1.0, 2.0, 3.0, 2.0, 3.0, 2.0, 2.0, 1.0, 1.0, 4.0, 3.0, 1.0, 1.0, 3.0, 3.0, 1.0, 1.0, 1.0, 4.0, 2.0, 2.0, 1.0, 4.0, 1.0, 2.0, 0.0, 0.0, 2.0, 1.0, 1.0, 1.0, 3.0, 1.0, 2.0, 2.0, 3.0, 4.0, 3.0, 3.0, 2.0, 2.0, 2.0, 2.0, 2.0, 3.0, 4.0, 2.0, 3.0, 2.0, 3.0, 1.0, 4.0, 4.0, 4.0, 3.0, 1.0, 3.0, 2.0, 2.0, 2.0, 4.0, 3.0, 2.0, 1.0, 1.0, 2.0, 1.0, 4.0], [2.0, 2.0, 2.0, 4.0, 4.0, 2.0, 4.0, 4.0, 2.0, 4.0, 3.0, 2.0, 3.0, 1.0, 2.0, 0.0, 3.0, 1.0, 2.0, 3.0, 1.0, 2.0, 2.0, 2.0, 1.0, 2.0, 2.0, 1.0, 2.0, 3.0, 1.0, 3.0, 4.0, 2.0, 2.0, 2.0, 3.0, 1.0, 2.0, 1.0, 2.0, 2.0, 2.0, 4.0, 1.0, 2.0, 4.0, 2.0, 2.0, 2.0, 2.0, 3.0, 1.0, 3.0, 2.0, 1.0, 3.0, 1.0, 2.0, 1.0, 3.0, 3.0, 1.0, 2.0, 3.0, 2.0, 2.0, 3.0, 2.0, 0.0, 3.0, 2.0, 1.0, 1.0, 1.0, 2.0, 1.0, 1.0, 3.0, 3.0, 1.0, 1.0, 0.0, 0.0, 3.0, 2.0, 1.0, 3.0, 0.0, 1.0, 2.0, 4.0, 2.0, 3.0, 3.0, 2.0, 3.0, 3.0, 2.0, 0.0, 2.0, 2.0, 3.0, 4.0, 1.0, 3.0, 3.0, 0.0, 2.0, 3.0], [4.0, 4.0, 4.0, 1.0, 1.0, 4.0, 1.0, 1.0, 4.0, 1.0, 2.0, 3.0, 4.0, 2.0, 4.0, 3.0, 3.0, 3.0, 2.0, 5.0, 4.0, 1.0, 2.0, 4.0, 4.0, 4.0, 3.0, 4.0, 0.0, 3.0, 3.0, 5.0, 3.0, 2.0, 1.0, 4.0, 1.0, 3.0, 4.0, 3.0, 1.0, 3.0, 2.0, 4.0, 3.0, 2.0, 4.0, 3.0, 1.0, 3.0, 1.0, 5.0, 3.0, 0.0, 2.0, 3.0, 4.0, 2.0, 2.0, 2.0, 5.0, 3.0, 3.0, 2.0, 5.0, 2.0, 3.0, 1.0, 1.0, 3.0, 0.0, 1.0, 2.0, 3.0, 2.0, 1.0, 3.0, 3.0, 5.0, 4.0, 4.0, 2.0, 3.0, 3.0, 3.0, 3.0, 3.0, 5.0, 2.0, 4.0, 3.0, 4.0, 2.0, 5.0, 5.0, 5.0, 5.0, 2.0, 4.0, 3.0, 4.0, 3.0, 5.0, 4.0, 2.0, 3.0, 2.0, 3.0, 1.0, 5.0], [3.0, 3.0, 3.0, 2.0, 2.0, 3.0, 2.0, 2.0, 3.0, 2.0, 2.0, 2.0, 3.0, 1.0, 3.0, 2.0, 2.0, 2.0, 1.0, 4.0, 2.0, 1.0, 1.0, 3.0, 3.0, 3.0, 2.0, 2.0, 1.0, 2.0, 2.0, 4.0, 3.0, 2.0, 1.0, 3.0, 1.0, 2.0, 3.0, 2.0, 1.0, 2.0, 2.0, 3.0, 2.0, 1.0, 3.0, 2.0, 1.0, 2.0, 1.0, 4.0, 2.0, 1.0, 2.0, 2.0, 3.0, 1.0, 2.0, 1.0, 4.0, 3.0, 2.0, 1.0, 4.0, 1.0, 2.0, 1.0, 1.0, 2.0, 1.0, 0.0, 1.0, 2.0, 1.0, 1.0, 2.0, 2.0, 4.0, 3.0, 2.0, 1.0, 2.0, 2.0, 2.0, 2.0, 2.0, 4.0, 1.0, 3.0, 3.0, 3.0, 2.0, 4.0, 4.0, 4.0, 4.0, 2.0, 3.0, 2.0, 3.0, 2.0, 4.0, 4.0, 1.0, 2.0, 2.0, 1.0, 0.0, 4.0], [3.0, 3.0, 3.0, 3.0, 3.0, 3.0, 3.0, 3.0, 3.0, 3.0, 1.0, 1.0, 2.0, 1.0, 2.0, 1.0, 2.0, 0.0, 1.0, 3.0, 1.0, 1.0, 2.0, 2.0, 2.0, 2.0, 1.0, 2.0, 2.0, 1.0, 2.0, 3.0, 2.0, 1.0, 1.0, 2.0, 2.0, 2.0, 2.0, 2.0, 1.0, 1.0, 1.0, 3.0, 2.0, 2.0, 3.0, 1.0, 2.0, 1.0, 1.0, 3.0, 2.0, 2.0, 1.0, 2.0, 2.0, 0.0, 1.0, 0.0, 3.0, 2.0, 1.0, 1.0, 3.0, 1.0, 1.0, 2.0, 1.0, 1.0, 2.0, 1.0, 0.0, 1.0, 0.0, 2.0, 1.0, 2.0, 3.0, 2.0, 1.0, 2.0, 1.0, 1.0, 1.0, 1.0, 2.0, 3.0, 1.0, 2.0, 1.0, 3.0, 1.0, 3.0, 3.0, 3.0, 3.0, 2.0, 2.0, 1.0, 2.0, 1.0, 3.0, 3.0, 2.0, 1.0, 2.0, 1.0, 1.0, 3.0], [3.0, 3.0, 3.0, 4.0, 4.0, 3.0, 4.0, 4.0, 3.0, 4.0, 3.0, 2.0, 3.0, 2.0, 1.0, 1.0, 2.0, 1.0, 2.0, 2.0, 0.0, 3.0, 3.0, 1.0, 0.0, 1.0, 2.0, 0.0, 3.0, 2.0, 2.0, 2.0, 3.0, 2.0, 3.0, 1.0, 3.0, 2.0, 1.0, 1.0, 2.0, 2.0, 2.0, 3.0, 2.0, 3.0, 3.0, 1.0, 2.0, 2.0, 2.0, 2.0, 2.0, 4.0, 2.0, 0.0, 2.0, 2.0, 3.0, 2.0, 2.0, 3.0, 1.0, 2.0, 2.0, 2.0, 2.0, 3.0, 3.0, 1.0, 3.0, 2.0, 1.0, 0.0, 1.0, 3.0, 0.0, 1.0, 2.0, 3.0, 0.0, 2.0, 1.0, 1.0, 2.0, 2.0, 1.0, 2.0, 1.0, 0.0, 1.0, 4.0, 2.0, 2.0, 2.0, 1.0, 2.0, 3.0, 2.0, 1.0, 2.0, 1.0, 2.0, 3.0, 2.0, 2.0, 3.0, 1.0, 3.0, 2.0], [4.0, 4.0, 4.0, 3.0, 3.0, 4.0, 3.0, 3.0, 4.0, 3.0, 1.0, 1.0, 2.0, 2.0, 1.0, 1.0, 1.0, 0.0, 1.0, 3.0, 1.0, 1.0, 2.0, 2.0, 2.0, 1.0, 1.0, 2.0, 2.0, 1.0, 2.0, 2.0, 2.0, 1.0, 1.0, 1.0, 2.0, 3.0, 2.0, 2.0, 1.0, 0.0, 1.0, 2.0, 3.0, 2.0, 2.0, 1.0, 2.0, 0.0, 1.0, 2.0, 2.0, 3.0, 0.0, 2.0, 2.0, 0.0, 1.0, 1.0, 2.0, 2.0, 1.0, 1.0, 2.0, 0.0, 1.0, 2.0, 1.0, 1.0, 2.0, 1.0, 0.0, 1.0, 0.0, 2.0, 1.0, 2.0, 3.0, 2.0, 1.0, 2.0, 1.0, 1.0, 1.0, 1.0, 2.0, 2.0, 1.0, 2.0, 1.0, 2.0, 1.0, 3.0, 2.0, 2.0, 2.0, 2.0, 2.0, 2.0, 1.0, 1.0, 2.0, 3.0, 2.0, 1.0, 1.0, 1.0, 2.0, 2.0], [3.0, 3.0, 3.0, 2.0, 2.0, 3.0, 2.0, 2.0, 3.0, 2.0, 2.0, 3.0, 4.0, 1.0, 3.0, 2.0, 3.0, 2.0, 2.0, 4.0, 3.0, 1.0, 1.0, 3.0, 3.0, 3.0, 3.0, 3.0, 1.0, 3.0, 1.0, 4.0, 4.0, 2.0, 2.0, 3.0, 2.0, 2.0, 3.0, 2.0, 1.0, 2.0, 2.0, 4.0, 2.0, 0.0, 4.0, 3.0, 0.0, 2.0, 1.0, 4.0, 2.0, 1.0, 2.0, 2.0, 4.0, 1.0, 2.0, 1.0, 4.0, 3.0, 2.0, 2.0, 4.0, 2.0, 3.0, 2.0, 2.0, 2.0, 1.0, 1.0, 2.0, 3.0, 2.0, 0.0, 2.0, 2.0, 5.0, 4.0, 3.0, 1.0, 2.0, 2.0, 3.0, 3.0, 2.0, 4.0, 1.0, 3.0, 3.0, 4.0, 2.0, 5.0, 4.0, 4.0, 4.0, 3.0, 4.0, 2.0, 3.0, 3.0, 4.0, 4.0, 1.0, 3.0, 2.0, 2.0, 1.0, 4.0], [3.0, 3.0, 3.0, 4.0, 4.0, 3.0, 4.0, 4.0, 3.0, 4.0, 2.0, 2.0, 2.0, 1.0, 1.0, 1.0, 2.0, 1.0, 2.0, 2.0, 1.0, 2.0, 2.0, 1.0, 1.0, 1.0, 2.0, 1.0, 3.0, 2.0, 1.0, 2.0, 3.0, 2.0, 2.0, 1.0, 3.0, 2.0, 1.0, 1.0, 2.0, 1.0, 2.0, 3.0, 2.0, 2.0, 3.0, 1.0, 2.0, 1.0, 2.0, 2.0, 2.0, 3.0, 1.0, 1.0, 2.0, 1.0, 2.0, 1.0, 2.0, 2.0, 0.0, 2.0, 2.0, 1.0, 2.0, 3.0, 2.0, 1.0, 3.0, 2.0, 1.0, 0.0, 1.0, 2.0, 0.0, 1.0, 3.0, 3.0, 1.0, 2.0, 1.0, 0.0, 2.0, 1.0, 1.0, 2.0, 1.0, 1.0, 1.0, 3.0, 2.0, 3.0, 2.0, 2.0, 2.0, 3.0, 2.0, 1.0, 2.0, 1.0, 2.0, 3.0, 2.0, 2.0, 2.0, 1.0, 2.0, 2.0], [2.0, 2.0, 2.0, 4.0, 4.0, 2.0, 4.0, 4.0, 2.0, 4.0, 3.0, 3.0, 3.0, 1.0, 2.0, 1.0, 3.0, 2.0, 3.0, 3.0, 1.0, 3.0, 2.0, 2.0, 1.0, 3.0, 3.0, 1.0, 3.0, 3.0, 1.0, 3.0, 4.0, 3.0, 3.0, 2.0, 3.0, 1.0, 2.0, 0.0, 2.0, 2.0, 3.0, 4.0, 1.0, 2.0, 4.0, 2.0, 2.0, 2.0, 2.0, 3.0, 1.0, 3.0, 2.0, 1.0, 3.0, 2.0, 3.0, 2.0, 3.0, 3.0, 1.0, 2.0, 3.0, 2.0, 3.0, 3.0, 3.0, 1.0, 3.0, 2.0, 2.0, 1.0, 2.0, 2.0, 1.0, 0.0, 3.0, 4.0, 1.0, 1.0, 1.0, 1.0, 3.0, 3.0, 0.0, 3.0, 1.0, 1.0, 2.0, 4.0, 3.0, 4.0, 3.0, 2.0, 3.0, 3.0, 3.0, 0.0, 3.0, 2.0, 3.0, 4.0, 2.0, 3.0, 3.0, 1.0, 2.0, 3.0], [5.0, 5.0, 5.0, 6.0, 6.0, 5.0, 6.0, 6.0, 5.0, 6.0, 4.0, 3.0, 3.0, 4.0, 2.0, 3.0, 3.0, 3.0, 4.0, 1.0, 2.0, 4.0, 5.0, 2.0, 2.0, 2.0, 3.0, 2.0, 5.0, 3.0, 4.0, 1.0, 4.0, 4.0, 4.0, 2.0, 5.0, 4.0, 1.0, 3.0, 4.0, 3.0, 4.0, 3.0, 4.0, 5.0, 3.0, 2.0, 5.0, 3.0, 4.0, 1.0, 4.0, 6.0, 3.0, 3.0, 2.0, 3.0, 4.0, 4.0, 1.0, 3.0, 3.0, 3.0, 1.0, 3.0, 3.0, 5.0, 4.0, 3.0, 5.0, 4.0, 3.0, 2.0, 3.0, 5.0, 3.0, 3.0, 0.0, 3.0, 2.0, 4.0, 3.0, 3.0, 3.0, 3.0, 3.0, 1.0, 3.0, 2.0, 2.0, 4.0, 3.0, 1.0, 1.0, 1.0, 1.0, 4.0, 1.0, 3.0, 2.0, 2.0, 1.0, 3.0, 4.0, 3.0, 4.0, 3.0, 5.0, 1.0], [5.0, 5.0, 5.0, 4.0, 4.0, 5.0, 4.0, 4.0, 5.0, 4.0, 2.0, 1.0, 0.0, 4.0, 2.0, 3.0, 1.0, 2.0, 2.0, 3.0, 3.0, 3.0, 4.0, 2.0, 3.0, 1.0, 1.0, 3.0, 4.0, 1.0, 4.0, 2.0, 1.0, 2.0, 2.0, 2.0, 3.0, 4.0, 2.0, 4.0, 3.0, 2.0, 2.0, 1.0, 4.0, 4.0, 1.0, 2.0, 4.0, 2.0, 3.0, 2.0, 4.0, 4.0, 2.0, 3.0, 1.0, 2.0, 2.0, 3.0, 3.0, 1.0, 2.0, 2.0, 2.0, 2.0, 1.0, 3.0, 3.0, 3.0, 4.0, 3.0, 2.0, 3.0, 2.0, 4.0, 3.0, 4.0, 3.0, 0.0, 3.0, 4.0, 3.0, 3.0, 1.0, 1.0, 4.0, 2.0, 3.0, 3.0, 1.0, 1.0, 2.0, 2.0, 2.0, 3.0, 1.0, 2.0, 1.0, 3.0, 1.0, 2.0, 2.0, 1.0, 4.0, 1.0, 2.0, 3.0, 3.0, 2.0], [3.0, 3.0, 3.0, 4.0, 4.0, 3.0, 4.0, 4.0, 3.0, 4.0, 3.0, 2.0, 2.0, 2.0, 1.0, 1.0, 2.0, 1.0, 2.0, 2.0, 0.0, 3.0, 3.0, 0.0, 0.0, 1.0, 2.0, 0.0, 3.0, 2.0, 2.0, 2.0, 3.0, 2.0, 3.0, 1.0, 3.0, 2.0, 1.0, 1.0, 2.0, 2.0, 2.0, 3.0, 2.0, 3.0, 3.0, 1.0, 3.0, 2.0, 2.0, 1.0, 2.0, 4.0, 2.0, 0.0, 2.0, 2.0, 3.0, 2.0, 1.0, 3.0, 1.0, 2.0, 1.0, 2.0, 2.0, 3.0, 3.0, 1.0, 4.0, 2.0, 1.0, 0.0, 1.0, 3.0, 1.0, 1.0, 2.0, 3.0, 0.0, 2.0, 1.0, 1.0, 2.0, 2.0, 1.0, 2.0, 1.0, 0.0, 1.0, 3.0, 2.0, 2.0, 1.0, 1.0, 2.0, 3.0, 1.0, 1.0, 2.0, 1.0, 2.0, 3.0, 2.0, 2.0, 3.0, 1.0, 3.0, 1.0], [2.0, 2.0, 2.0, 3.0, 3.0, 2.0, 3.0, 3.0, 2.0, 3.0, 3.0, 3.0, 4.0, 0.0, 3.0, 1.0, 3.0, 2.0, 3.0, 3.0, 2.0, 2.0, 1.0, 2.0, 2.0, 3.0, 3.0, 2.0, 2.0, 3.0, 0.0, 3.0, 4.0, 3.0, 3.0, 2.0, 3.0, 1.0, 3.0, 1.0, 2.0, 2.0, 3.0, 4.0, 1.0, 1.0, 4.0, 2.0, 1.0, 2.0, 2.0, 3.0, 0.0, 3.0, 2.0, 1.0, 4.0, 2.0, 3.0, 2.0, 3.0, 3.0, 2.0, 2.0, 3.0, 2.0, 3.0, 3.0, 2.0, 1.0, 2.0, 1.0, 2.0, 2.0, 2.0, 1.0, 2.0, 1.0, 4.0, 4.0, 2.0, 0.0, 1.0, 1.0, 3.0, 3.0, 1.0, 4.0, 1.0, 2.0, 3.0, 4.0, 3.0, 4.0, 3.0, 3.0, 4.0, 3.0, 3.0, 1.0, 3.0, 2.0, 4.0, 5.0, 1.0, 3.0, 3.0, 1.0, 2.0, 3.0], [2.0, 2.0, 2.0, 4.0, 4.0, 2.0, 4.0, 4.0, 2.0, 4.0, 2.0, 2.0, 3.0, 1.0, 2.0, 0.0, 2.0, 1.0, 2.0, 3.0, 1.0, 2.0, 2.0, 1.0, 1.0, 2.0, 2.0, 1.0, 2.0, 2.0, 1.0, 2.0, 3.0, 2.0, 2.0, 1.0, 3.0, 1.0, 2.0, 1.0, 1.0, 2.0, 2.0, 3.0, 1.0, 2.0, 3.0, 1.0, 2.0, 1.0, 1.0, 2.0, 1.0, 3.0, 2.0, 1.0, 3.0, 1.0, 2.0, 1.0, 2.0, 3.0, 1.0, 2.0, 2.0, 2.0, 2.0, 2.0, 2.0, 0.0, 3.0, 2.0, 1.0, 1.0, 1.0, 2.0, 1.0, 1.0, 3.0, 3.0, 1.0, 1.0, 0.0, 0.0, 2.0, 2.0, 1.0, 3.0, 0.0, 1.0, 2.0, 4.0, 2.0, 3.0, 2.0, 2.0, 3.0, 3.0, 2.0, 0.0, 2.0, 1.0, 3.0, 4.0, 1.0, 2.0, 2.0, 0.0, 2.0, 2.0], [2.0, 2.0, 2.0, 4.0, 4.0, 2.0, 4.0, 4.0, 2.0, 4.0, 2.0, 2.0, 3.0, 1.0, 2.0, 0.0, 2.0, 1.0, 2.0, 2.0, 1.0, 2.0, 2.0, 1.0, 1.0, 2.0, 2.0, 1.0, 2.0, 2.0, 1.0, 2.0, 3.0, 2.0, 2.0, 1.0, 3.0, 2.0, 2.0, 1.0, 1.0, 1.0, 2.0, 3.0, 1.0, 2.0, 3.0, 1.0, 2.0, 1.0, 1.0, 2.0, 1.0, 3.0, 2.0, 1.0, 3.0, 1.0, 2.0, 1.0, 2.0, 3.0, 1.0, 2.0, 2.0, 1.0, 2.0, 2.0, 2.0, 0.0, 3.0, 2.0, 1.0, 1.0, 1.0, 2.0, 0.0, 1.0, 3.0, 3.0, 1.0, 1.0, 0.0, 0.0, 2.0, 2.0, 1.0, 3.0, 0.0, 1.0, 2.0, 4.0, 2.0, 3.0, 2.0, 2.0, 3.0, 3.0, 2.0, 1.0, 2.0, 1.0, 3.0, 4.0, 1.0, 2.0, 2.0, 0.0, 2.0, 2.0], [5.0, 5.0, 5.0, 3.0, 3.0, 5.0, 3.0, 3.0, 5.0, 3.0, 1.0, 1.0, 1.0, 3.0, 2.0, 3.0, 0.0, 1.0, 1.0, 3.0, 2.0, 2.0, 3.0, 2.0, 3.0, 2.0, 0.0, 3.0, 3.0, 0.0, 3.0, 3.0, 1.0, 0.0, 1.0, 2.0, 2.0, 4.0, 2.0, 3.0, 2.0, 1.0, 1.0, 1.0, 4.0, 3.0, 1.0, 1.0, 3.0, 1.0, 2.0, 3.0, 3.0, 3.0, 1.0, 3.0, 1.0, 1.0, 1.0, 1.0, 3.0, 0.0, 2.0, 1.0, 3.0, 1.0, 0.0, 2.0, 2.0, 3.0, 3.0, 2.0, 1.0, 2.0, 1.0, 3.0, 2.0, 3.0, 3.0, 1.0, 2.0, 3.0, 2.0, 2.0, 0.0, 1.0, 3.0, 2.0, 2.0, 2.0, 1.0, 1.0, 0.0, 3.0, 3.0, 3.0, 2.0, 1.0, 2.0, 3.0, 1.0, 1.0, 2.0, 2.0, 3.0, 0.0, 1.0, 2.0, 2.0, 3.0], [4.0, 4.0, 4.0, 4.0, 4.0, 4.0, 4.0, 4.0, 4.0, 4.0, 2.0, 0.0, 1.0, 2.0, 1.0, 2.0, 1.0, 1.0, 1.0, 2.0, 2.0, 2.0, 3.0, 2.0, 2.0, 1.0, 1.0, 2.0, 3.0, 1.0, 3.0, 2.0, 2.0, 1.0, 2.0, 1.0, 2.0, 3.0, 1.0, 3.0, 2.0, 0.0, 1.0, 2.0, 3.0, 3.0, 2.0, 1.0, 3.0, 0.0, 2.0, 2.0, 3.0, 3.0, 1.0, 2.0, 1.0, 1.0, 1.0, 1.0, 2.0, 1.0, 1.0, 1.0, 2.0, 1.0, 0.0, 2.0, 2.0, 2.0, 3.0, 2.0, 1.0, 2.0, 1.0, 3.0, 1.0, 3.0, 3.0, 1.0, 2.0, 3.0, 2.0, 2.0, 1.0, 0.0, 2.0, 2.0, 2.0, 2.0, 1.0, 2.0, 1.0, 2.0, 2.0, 2.0, 2.0, 2.0, 1.0, 2.0, 1.0, 1.0, 2.0, 2.0, 3.0, 1.0, 1.0, 2.0, 2.0, 2.0], [2.0, 2.0, 2.0, 4.0, 4.0, 2.0, 4.0, 4.0, 2.0, 4.0, 3.0, 3.0, 3.0, 1.0, 2.0, 1.0, 3.0, 2.0, 3.0, 3.0, 1.0, 3.0, 2.0, 2.0, 1.0, 2.0, 3.0, 1.0, 3.0, 3.0, 1.0, 3.0, 4.0, 3.0, 3.0, 2.0, 3.0, 1.0, 2.0, 0.0, 2.0, 2.0, 3.0, 4.0, 1.0, 2.0, 4.0, 2.0, 2.0, 2.0, 2.0, 3.0, 1.0, 3.0, 2.0, 1.0, 3.0, 2.0, 3.0, 2.0, 2.0, 3.0, 1.0, 2.0, 3.0, 2.0, 3.0, 3.0, 3.0, 1.0, 3.0, 2.0, 2.0, 1.0, 2.0, 2.0, 1.0, 0.0, 3.0, 4.0, 1.0, 1.0, 1.0, 1.0, 3.0, 2.0, 0.0, 3.0, 1.0, 1.0, 2.0, 4.0, 3.0, 3.0, 3.0, 2.0, 3.0, 3.0, 3.0, 0.0, 3.0, 2.0, 3.0, 4.0, 2.0, 3.0, 3.0, 1.0, 2.0, 3.0], [5.0, 5.0, 5.0, 5.0, 5.0, 5.0, 5.0, 5.0, 5.0, 5.0, 3.0, 2.0, 2.0, 4.0, 1.0, 3.0, 2.0, 2.0, 3.0, 1.0, 2.0, 4.0, 4.0, 2.0, 2.0, 1.0, 2.0, 2.0, 5.0, 2.0, 4.0, 1.0, 3.0, 3.0, 3.0, 2.0, 4.0, 4.0, 1.0, 3.0, 3.0, 2.0, 3.0, 2.0, 4.0, 4.0, 2.0, 2.0, 4.0, 2.0, 3.0, 1.0, 4.0, 5.0, 2.0, 3.0, 1.0, 3.0, 3.0, 3.0, 1.0, 2.0, 2.0, 3.0, 1.0, 3.0, 2.0, 4.0, 4.0, 3.0, 5.0, 4.0, 3.0, 2.0, 2.0, 4.0, 2.0, 3.0, 1.0, 2.0, 2.0, 4.0, 3.0, 3.0, 2.0, 2.0, 3.0, 0.0, 3.0, 2.0, 1.0, 2.0, 2.0, 0.0, 1.0, 2.0, 0.0, 3.0, 1.0, 3.0, 1.0, 2.0, 0.0, 2.0, 4.0, 2.0, 3.0, 3.0, 4.0, 1.0], [2.0, 2.0, 2.0, 3.0, 3.0, 2.0, 3.0, 3.0, 2.0, 3.0, 2.0, 2.0, 3.0, 0.0, 2.0, 1.0, 3.0, 1.0, 2.0, 3.0, 1.0, 2.0, 1.0, 2.0, 2.0, 2.0, 2.0, 1.0, 2.0, 2.0, 1.0, 3.0, 3.0, 2.0, 2.0, 2.0, 2.0, 1.0, 2.0, 1.0, 1.0, 2.0, 2.0, 4.0, 1.0, 1.0, 3.0, 2.0, 1.0, 2.0, 1.0, 3.0, 1.0, 3.0, 2.0, 1.0, 3.0, 1.0, 2.0, 1.0, 3.0, 3.0, 1.0, 2.0, 3.0, 2.0, 2.0, 2.0, 2.0, 0.0, 2.0, 1.0, 1.0, 1.0, 1.0, 1.0, 1.0, 1.0, 3.0, 3.0, 1.0, 1.0, 0.0, 0.0, 2.0, 2.0, 1.0, 3.0, 0.0, 1.0, 2.0, 4.0, 2.0, 3.0, 3.0, 3.0, 3.0, 3.0, 2.0, 0.0, 2.0, 2.0, 3.0, 4.0, 1.0, 2.0, 3.0, 0.0, 2.0, 3.0], [3.0, 3.0, 3.0, 5.0, 5.0, 3.0, 5.0, 5.0, 3.0, 5.0, 3.0, 2.0, 2.0, 2.0, 1.0, 1.0, 2.0, 1.0, 3.0, 1.0, 0.0, 3.0, 3.0, 0.0, 0.0, 1.0, 2.0, 0.0, 3.0, 2.0, 2.0, 1.0, 3.0, 2.0, 3.0, 0.0, 3.0, 2.0, 1.0, 1.0, 2.0, 2.0, 3.0, 3.0, 2.0, 3.0, 3.0, 1.0, 3.0, 2.0, 2.0, 1.0, 2.0, 4.0, 2.0, 1.0, 2.0, 2.0, 3.0, 2.0, 1.0, 3.0, 1.0, 2.0, 1.0, 2.0, 2.0, 3.0, 3.0, 1.0, 4.0, 3.0, 2.0, 0.0, 2.0, 3.0, 1.0, 1.0, 2.0, 3.0, 0.0, 2.0, 1.0, 1.0, 2.0, 2.0, 1.0, 2.0, 1.0, 0.0, 1.0, 3.0, 2.0, 2.0, 1.0, 1.0, 2.0, 3.0, 1.0, 1.0, 2.0, 1.0, 2.0, 3.0, 3.0, 3.0, 3.0, 1.0, 3.0, 1.0], [4.0, 4.0, 4.0, 4.0, 4.0, 4.0, 4.0, 4.0, 4.0, 4.0, 2.0, 1.0, 1.0, 2.0, 1.0, 2.0, 1.0, 1.0, 2.0, 2.0, 1.0, 2.0, 3.0, 1.0, 2.0, 0.0, 1.0, 2.0, 3.0, 1.0, 3.0, 2.0, 2.0, 1.0, 2.0, 1.0, 3.0, 3.0, 1.0, 2.0, 2.0, 1.0, 2.0, 2.0, 3.0, 3.0, 2.0, 0.0, 3.0, 1.0, 2.0, 1.0, 3.0, 4.0, 1.0, 2.0, 1.0, 2.0, 2.0, 2.0, 2.0, 1.0, 1.0, 1.0, 1.0, 1.0, 1.0, 3.0, 2.0, 2.0, 3.0, 3.0, 1.0, 1.0, 1.0, 3.0, 1.0, 2.0, 2.0, 1.0, 1.0, 3.0, 2.0, 2.0, 1.0, 1.0, 2.0, 1.0, 2.0, 1.0, 0.0, 2.0, 1.0, 2.0, 1.0, 2.0, 1.0, 2.0, 1.0, 2.0, 0.0, 0.0, 1.0, 2.0, 3.0, 1.0, 2.0, 2.0, 3.0, 2.0], [6.0, 6.0, 6.0, 4.0, 4.0, 6.0, 4.0, 4.0, 6.0, 4.0, 2.0, 2.0, 1.0, 4.0, 3.0, 4.0, 1.0, 3.0, 2.0, 4.0, 3.0, 3.0, 5.0, 3.0, 4.0, 2.0, 1.0, 4.0, 4.0, 1.0, 4.0, 3.0, 1.0, 2.0, 2.0, 3.0, 3.0, 5.0, 3.0, 4.0, 3.0, 2.0, 2.0, 0.0, 5.0, 4.0, 0.0, 3.0, 4.0, 2.0, 3.0, 3.0, 5.0, 4.0, 2.0, 4.0, 1.0, 3.0, 2.0, 3.0, 3.0, 1.0, 3.0, 2.0, 3.0, 2.0, 1.0, 3.0, 3.0, 4.0, 4.0, 3.0, 3.0, 4.0, 2.0, 4.0, 3.0, 4.0, 4.0, 1.0, 3.0, 4.0, 4.0, 4.0, 1.0, 2.0, 4.0, 2.0, 4.0, 3.0, 2.0, 0.0, 2.0, 3.0, 3.0, 4.0, 2.0, 2.0, 2.0, 4.0, 2.0, 2.0, 3.0, 1.0, 4.0, 1.0, 2.0, 4.0, 3.0, 3.0], [4.0, 4.0, 4.0, 3.0, 3.0, 4.0, 3.0, 3.0, 4.0, 3.0, 1.0, 1.0, 1.0, 2.0, 2.0, 2.0, 1.0, 1.0, 0.0, 3.0, 2.0, 1.0, 3.0, 2.0, 2.0, 2.0, 1.0, 2.0, 2.0, 0.0, 3.0, 3.0, 1.0, 0.0, 1.0, 2.0, 1.0, 3.0, 2.0, 3.0, 1.0, 0.0, 0.0, 2.0, 3.0, 3.0, 2.0, 1.0, 2.0, 0.0, 1.0, 3.0, 3.0, 3.0, 0.0, 2.0, 2.0, 1.0, 0.0, 1.0, 3.0, 1.0, 2.0, 0.0, 3.0, 0.0, 1.0, 1.0, 1.0, 2.0, 2.0, 2.0, 1.0, 2.0, 1.0, 2.0, 2.0, 3.0, 3.0, 2.0, 2.0, 3.0, 2.0, 2.0, 0.0, 1.0, 3.0, 2.0, 2.0, 2.0, 1.0, 2.0, 0.0, 3.0, 3.0, 3.0, 2.0, 1.0, 2.0, 2.0, 1.0, 1.0, 3.0, 2.0, 2.0, 0.0, 1.0, 2.0, 2.0, 3.0], [5.0, 5.0, 5.0, 6.0, 6.0, 5.0, 6.0, 6.0, 5.0, 6.0, 4.0, 2.0, 2.0, 4.0, 1.0, 3.0, 2.0, 3.0, 3.0, 1.0, 2.0, 4.0, 5.0, 2.0, 2.0, 1.0, 2.0, 3.0, 5.0, 3.0, 4.0, 1.0, 3.0, 3.0, 4.0, 2.0, 4.0, 4.0, 1.0, 3.0, 4.0, 2.0, 3.0, 3.0, 4.0, 5.0, 2.0, 2.0, 5.0, 2.0, 4.0, 1.0, 4.0, 5.0, 3.0, 3.0, 1.0, 3.0, 3.0, 3.0, 1.0, 3.0, 2.0, 3.0, 1.0, 3.0, 2.0, 4.0, 4.0, 3.0, 5.0, 4.0, 3.0, 2.0, 3.0, 5.0, 3.0, 4.0, 1.0, 2.0, 2.0, 4.0, 3.0, 3.0, 3.0, 2.0, 3.0, 0.0, 3.0, 2.0, 2.0, 3.0, 3.0, 0.0, 1.0, 2.0, 1.0, 3.0, 1.0, 3.0, 2.0, 2.0, 0.0, 2.0, 4.0, 3.0, 3.0, 3.0, 4.0, 1.0], [4.0, 4.0, 4.0, 5.0, 5.0, 4.0, 5.0, 5.0, 4.0, 5.0, 4.0, 2.0, 2.0, 3.0, 1.0, 2.0, 2.0, 2.0, 3.0, 0.0, 1.0, 4.0, 4.0, 1.0, 1.0, 1.0, 2.0, 2.0, 4.0, 3.0, 3.0, 0.0, 3.0, 3.0, 4.0, 1.0, 4.0, 4.0, 1.0, 3.0, 3.0, 2.0, 3.0, 3.0, 3.0, 4.0, 3.0, 1.0, 4.0, 2.0, 3.0, 0.0, 3.0, 5.0, 2.0, 2.0, 2.0, 3.0, 3.0, 3.0, 0.0, 3.0, 2.0, 3.0, 0.0, 3.0, 2.0, 4.0, 4.0, 3.0, 5.0, 4.0, 3.0, 2.0, 2.0, 4.0, 2.0, 3.0, 1.0, 2.0, 1.0, 3.0, 2.0, 2.0, 3.0, 2.0, 3.0, 1.0, 3.0, 1.0, 1.0, 3.0, 3.0, 1.0, 0.0, 1.0, 1.0, 3.0, 1.0, 3.0, 1.0, 1.0, 0.0, 3.0, 4.0, 3.0, 3.0, 3.0, 4.0, 0.0], [4.0, 4.0, 4.0, 6.0, 6.0, 4.0, 6.0, 6.0, 4.0, 6.0, 4.0, 2.0, 3.0, 3.0, 1.0, 2.0, 3.0, 2.0, 3.0, 0.0, 1.0, 4.0, 4.0, 1.0, 1.0, 1.0, 3.0, 1.0, 4.0, 3.0, 3.0, 0.0, 4.0, 3.0, 4.0, 1.0, 4.0, 3.0, 1.0, 2.0, 3.0, 2.0, 3.0, 4.0, 3.0, 4.0, 3.0, 2.0, 4.0, 2.0, 3.0, 1.0, 3.0, 5.0, 3.0, 2.0, 2.0, 3.0, 3.0, 3.0, 0.0, 3.0, 2.0, 3.0, 1.0, 3.0, 3.0, 4.0, 4.0, 2.0, 5.0, 4.0, 3.0, 1.0, 2.0, 4.0, 2.0, 2.0, 1.0, 3.0, 1.0, 3.0, 2.0, 2.0, 3.0, 2.0, 2.0, 2.0, 3.0, 1.0, 2.0, 4.0, 3.0, 2.0, 1.0, 0.0, 2.0, 4.0, 1.0, 2.0, 2.0, 2.0, 1.0, 3.0, 4.0, 3.0, 4.0, 2.0, 4.0, 0.0], [5.0, 5.0, 5.0, 5.0, 5.0, 5.0, 5.0, 5.0, 5.0, 5.0, 3.0, 1.0, 1.0, 3.0, 1.0, 3.0, 2.0, 2.0, 3.0, 2.0, 2.0, 3.0, 4.0, 2.0, 2.0, 1.0, 2.0, 2.0, 4.0, 2.0, 4.0, 1.0, 2.0, 2.0, 3.0, 2.0, 4.0, 4.0, 1.0, 3.0, 3.0, 2.0, 2.0, 2.0, 4.0, 4.0, 2.0, 1.0, 4.0, 2.0, 3.0, 1.0, 4.0, 5.0, 2.0, 3.0, 1.0, 3.0, 3.0, 3.0, 1.0, 2.0, 2.0, 2.0, 1.0, 2.0, 1.0, 4.0, 3.0, 3.0, 5.0, 4.0, 3.0, 2.0, 2.0, 4.0, 2.0, 3.0, 1.0, 1.0, 2.0, 4.0, 3.0, 3.0, 2.0, 2.0, 3.0, 0.0, 3.0, 2.0, 1.0, 2.0, 2.0, 1.0, 1.0, 2.0, 0.0, 3.0, 1.0, 3.0, 1.0, 1.0, 1.0, 2.0, 4.0, 2.0, 3.0, 3.0, 4.0, 1.0], [5.0, 5.0, 5.0, 3.0, 3.0, 5.0, 3.0, 3.0, 5.0, 3.0, 0.0, 1.0, 2.0, 3.0, 3.0, 3.0, 1.0, 2.0, 1.0, 4.0, 3.0, 1.0, 3.0, 3.0, 3.0, 2.0, 1.0, 3.0, 2.0, 1.0, 3.0, 4.0, 1.0, 1.0, 1.0, 3.0, 1.0, 4.0, 3.0, 4.0, 2.0, 1.0, 1.0, 1.0, 4.0, 3.0, 2.0, 2.0, 3.0, 1.0, 1.0, 3.0, 3.0, 2.0, 1.0, 3.0, 2.0, 2.0, 0.0, 2.0, 4.0, 1.0, 2.0, 1.0, 3.0, 1.0, 1.0, 1.0, 1.0, 3.0, 2.0, 2.0, 2.0, 3.0, 2.0, 3.0, 3.0, 3.0, 4.0, 2.0, 3.0, 3.0, 3.0, 3.0, 1.0, 2.0, 3.0, 3.0, 3.0, 3.0, 2.0, 2.0, 1.0, 3.0, 3.0, 4.0, 3.0, 0.0, 3.0, 3.0, 2.0, 2.0, 3.0, 2.0, 3.0, 1.0, 0.0, 3.0, 2.0, 4.0], [4.0, 4.0, 4.0, 5.0, 5.0, 4.0, 5.0, 5.0, 4.0, 5.0, 3.0, 1.0, 1.0, 3.0, 1.0, 2.0, 2.0, 2.0, 2.0, 1.0, 1.0, 3.0, 4.0, 1.0, 1.0, 0.0, 2.0, 2.0, 4.0, 2.0, 3.0, 1.0, 2.0, 2.0, 3.0, 1.0, 3.0, 4.0, 1.0, 3.0, 3.0, 2.0, 2.0, 2.0, 3.0, 4.0, 2.0, 1.0, 4.0, 2.0, 3.0, 1.0, 3.0, 4.0, 2.0, 2.0, 1.0, 2.0, 2.0, 2.0, 1.0, 2.0, 2.0, 2.0, 1.0, 2.0, 1.0, 3.0, 3.0, 2.0, 4.0, 3.0, 2.0, 2.0, 2.0, 4.0, 2.0, 3.0, 1.0, 1.0, 1.0, 3.0, 2.0, 2.0, 2.0, 1.0, 3.0, 1.0, 2.0, 1.0, 1.0, 2.0, 2.0, 1.0, 1.0, 1.0, 1.0, 3.0, 0.0, 3.0, 1.0, 1.0, 1.0, 2.0, 3.0, 2.0, 3.0, 2.0, 3.0, 1.0], [2.0, 2.0, 2.0, 4.0, 4.0, 2.0, 4.0, 4.0, 2.0, 4.0, 3.0, 3.0, 3.0, 1.0, 2.0, 0.0, 3.0, 1.0, 2.0, 3.0, 1.0, 2.0, 2.0, 2.0, 1.0, 2.0, 3.0, 1.0, 3.0, 3.0, 0.0, 3.0, 4.0, 3.0, 3.0, 2.0, 3.0, 1.0, 2.0, 0.0, 2.0, 2.0, 3.0, 4.0, 1.0, 2.0, 4.0, 2.0, 2.0, 2.0, 2.0, 3.0, 1.0, 3.0, 2.0, 1.0, 3.0, 2.0, 3.0, 2.0, 3.0, 3.0, 1.0, 2.0, 3.0, 2.0, 3.0, 3.0, 2.0, 0.0, 3.0, 2.0, 1.0, 1.0, 2.0, 2.0, 1.0, 0.0, 3.0, 3.0, 1.0, 1.0, 0.0, 1.0, 3.0, 2.0, 0.0, 3.0, 0.0, 1.0, 2.0, 4.0, 2.0, 3.0, 3.0, 2.0, 3.0, 3.0, 3.0, 0.0, 2.0, 2.0, 3.0, 4.0, 1.0, 3.0, 3.0, 0.0, 2.0, 3.0], [4.0, 4.0, 4.0, 4.0, 4.0, 4.0, 4.0, 4.0, 4.0, 4.0, 2.0, 1.0, 1.0, 3.0, 1.0, 2.0, 1.0, 1.0, 2.0, 2.0, 2.0, 3.0, 3.0, 1.0, 2.0, 0.0, 1.0, 2.0, 3.0, 1.0, 3.0, 2.0, 2.0, 1.0, 2.0, 1.0, 3.0, 3.0, 1.0, 3.0, 2.0, 1.0, 2.0, 2.0, 3.0, 3.0, 2.0, 1.0, 3.0, 1.0, 2.0, 1.0, 3.0, 4.0, 1.0, 2.0, 1.0, 2.0, 2.0, 2.0, 2.0, 1.0, 1.0, 1.0, 1.0, 1.0, 1.0, 3.0, 2.0, 2.0, 4.0, 3.0, 2.0, 2.0, 1.0, 3.0, 2.0, 3.0, 2.0, 1.0, 2.0, 3.0, 2.0, 2.0, 1.0, 1.0, 3.0, 1.0, 2.0, 2.0, 0.0, 2.0, 1.0, 2.0, 1.0, 2.0, 1.0, 2.0, 1.0, 2.0, 0.0, 1.0, 1.0, 2.0, 3.0, 1.0, 2.0, 2.0, 3.0, 2.0], [4.0, 4.0, 4.0, 4.0, 4.0, 4.0, 4.0, 4.0, 4.0, 4.0, 2.0, 1.0, 1.0, 2.0, 1.0, 1.0, 1.0, 1.0, 2.0, 2.0, 1.0, 2.0, 3.0, 1.0, 1.0, 1.0, 1.0, 1.0, 3.0, 1.0, 2.0, 2.0, 2.0, 1.0, 2.0, 1.0, 2.0, 3.0, 1.0, 2.0, 2.0, 1.0, 2.0, 2.0, 3.0, 3.0, 2.0, 0.0, 3.0, 1.0, 2.0, 1.0, 3.0, 3.0, 1.0, 1.0, 1.0, 1.0, 2.0, 1.0, 2.0, 2.0, 1.0, 1.0, 1.0, 1.0, 1.0, 2.0, 2.0, 2.0, 3.0, 2.0, 1.0, 1.0, 1.0, 3.0, 1.0, 2.0, 2.0, 2.0, 1.0, 2.0, 1.0, 1.0, 1.0, 1.0, 2.0, 2.0, 2.0, 1.0, 0.0, 2.0, 1.0, 2.0, 1.0, 2.0, 1.0, 2.0, 1.0, 2.0, 1.0, 0.0, 2.0, 2.0, 3.0, 1.0, 2.0, 2.0, 2.0, 2.0], [5.0, 5.0, 5.0, 6.0, 6.0, 5.0, 6.0, 6.0, 5.0, 6.0, 4.0, 2.0, 2.0, 3.0, 1.0, 3.0, 2.0, 2.0, 3.0, 1.0, 2.0, 4.0, 4.0, 1.0, 2.0, 1.0, 2.0, 2.0, 5.0, 3.0, 3.0, 1.0, 3.0, 3.0, 4.0, 1.0, 4.0, 4.0, 1.0, 3.0, 3.0, 2.0, 3.0, 3.0, 4.0, 4.0, 3.0, 2.0, 4.0, 2.0, 3.0, 0.0, 4.0, 5.0, 2.0, 2.0, 1.0, 3.0, 3.0, 3.0, 1.0, 3.0, 2.0, 3.0, 0.0, 3.0, 2.0, 4.0, 4.0, 3.0, 5.0, 4.0, 3.0, 2.0, 2.0, 4.0, 2.0, 3.0, 1.0, 2.0, 2.0, 4.0, 3.0, 3.0, 2.0, 2.0, 3.0, 0.0, 3.0, 2.0, 1.0, 3.0, 3.0, 0.0, 0.0, 1.0, 1.0, 3.0, 1.0, 3.0, 1.0, 2.0, 0.0, 2.0, 4.0, 3.0, 3.0, 3.0, 4.0, 1.0], [6.0, 6.0, 6.0, 5.0, 5.0, 6.0, 5.0, 5.0, 6.0, 5.0, 3.0, 2.0, 1.0, 4.0, 3.0, 4.0, 1.0, 3.0, 2.0, 3.0, 3.0, 3.0, 5.0, 3.0, 3.0, 2.0, 2.0, 4.0, 4.0, 2.0, 5.0, 3.0, 1.0, 2.0, 3.0, 3.0, 3.0, 5.0, 3.0, 4.0, 3.0, 2.0, 2.0, 1.0, 5.0, 5.0, 1.0, 2.0, 5.0, 2.0, 3.0, 3.0, 5.0, 5.0, 2.0, 4.0, 1.0, 3.0, 2.0, 3.0, 3.0, 1.0, 3.0, 2.0, 3.0, 2.0, 2.0, 3.0, 3.0, 4.0, 4.0, 4.0, 3.0, 3.0, 3.0, 4.0, 3.0, 4.0, 3.0, 1.0, 3.0, 5.0, 4.0, 4.0, 2.0, 2.0, 4.0, 2.0, 4.0, 3.0, 2.0, 1.0, 2.0, 2.0, 3.0, 3.0, 2.0, 2.0, 2.0, 4.0, 2.0, 2.0, 2.0, 0.0, 5.0, 2.0, 2.0, 4.0, 4.0, 3.0], [2.0, 2.0, 2.0, 3.0, 3.0, 2.0, 3.0, 3.0, 2.0, 3.0, 3.0, 3.0, 4.0, 1.0, 3.0, 2.0, 3.0, 2.0, 2.0, 4.0, 2.0, 2.0, 0.0, 3.0, 3.0, 3.0, 3.0, 2.0, 2.0, 3.0, 1.0, 4.0, 4.0, 3.0, 2.0, 3.0, 2.0, 1.0, 3.0, 2.0, 1.0, 2.0, 3.0, 4.0, 2.0, 0.0, 4.0, 3.0, 0.0, 2.0, 1.0, 4.0, 1.0, 2.0, 2.0, 2.0, 4.0, 2.0, 3.0, 1.0, 4.0, 3.0, 2.0, 2.0, 4.0, 2.0, 3.0, 2.0, 2.0, 1.0, 2.0, 1.0, 2.0, 2.0, 2.0, 1.0, 2.0, 2.0, 4.0, 4.0, 2.0, 1.0, 1.0, 1.0, 3.0, 3.0, 2.0, 4.0, 1.0, 3.0, 3.0, 4.0, 2.0, 4.0, 4.0, 4.0, 4.0, 3.0, 3.0, 1.0, 3.0, 3.0, 4.0, 5.0, 0.0, 3.0, 3.0, 1.0, 1.0, 4.0], [5.0, 5.0, 5.0, 3.0, 3.0, 5.0, 3.0, 3.0, 5.0, 3.0, 1.0, 1.0, 1.0, 3.0, 2.0, 3.0, 0.0, 1.0, 1.0, 3.0, 2.0, 2.0, 3.0, 2.0, 3.0, 2.0, 0.0, 3.0, 2.0, 0.0, 3.0, 3.0, 1.0, 0.0, 1.0, 2.0, 2.0, 4.0, 2.0, 3.0, 2.0, 1.0, 0.0, 1.0, 4.0, 3.0, 1.0, 2.0, 3.0, 1.0, 1.0, 3.0, 3.0, 3.0, 1.0, 3.0, 2.0, 1.0, 0.0, 1.0, 3.0, 0.0, 2.0, 1.0, 3.0, 1.0, 1.0, 2.0, 1.0, 3.0, 3.0, 2.0, 1.0, 2.0, 1.0, 3.0, 2.0, 3.0, 3.0, 1.0, 2.0, 3.0, 2.0, 2.0, 0.0, 1.0, 3.0, 2.0, 2.0, 3.0, 1.0, 1.0, 0.0, 3.0, 3.0, 3.0, 2.0, 1.0, 2.0, 3.0, 1.0, 1.0, 3.0, 2.0, 3.0, 0.0, 1.0, 2.0, 2.0, 3.0], [5.0, 5.0, 5.0, 3.0, 3.0, 5.0, 3.0, 3.0, 5.0, 3.0, 0.0, 1.0, 2.0, 3.0, 3.0, 3.0, 1.0, 2.0, 0.0, 4.0, 3.0, 1.0, 3.0, 3.0, 3.0, 2.0, 1.0, 3.0, 2.0, 1.0, 3.0, 4.0, 1.0, 0.0, 1.0, 3.0, 1.0, 4.0, 3.0, 3.0, 1.0, 1.0, 0.0, 2.0, 4.0, 3.0, 2.0, 2.0, 3.0, 1.0, 1.0, 3.0, 3.0, 2.0, 1.0, 3.0, 2.0, 1.0, 0.0, 1.0, 4.0, 1.0, 2.0, 1.0, 3.0, 1.0, 1.0, 1.0, 1.0, 3.0, 2.0, 2.0, 2.0, 3.0, 1.0, 2.0, 2.0, 3.0, 4.0, 2.0, 3.0, 3.0, 2.0, 2.0, 1.0, 1.0, 3.0, 3.0, 3.0, 3.0, 2.0, 2.0, 1.0, 3.0, 3.0, 4.0, 3.0, 0.0, 3.0, 3.0, 2.0, 2.0, 3.0, 2.0, 3.0, 1.0, 0.0, 2.0, 2.0, 3.0], [2.0, 2.0, 2.0, 3.0, 3.0, 2.0, 3.0, 3.0, 2.0, 3.0, 2.0, 2.0, 3.0, 1.0, 2.0, 1.0, 2.0, 1.0, 2.0, 3.0, 1.0, 2.0, 2.0, 2.0, 2.0, 2.0, 2.0, 1.0, 2.0, 2.0, 1.0, 3.0, 3.0, 2.0, 2.0, 2.0, 2.0, 1.0, 2.0, 1.0, 1.0, 2.0, 2.0, 3.0, 1.0, 2.0, 3.0, 1.0, 1.0, 1.0, 1.0, 3.0, 1.0, 3.0, 2.0, 1.0, 3.0, 1.0, 2.0, 1.0, 3.0, 3.0, 1.0, 2.0, 3.0, 1.0, 2.0, 2.0, 2.0, 0.0, 3.0, 1.0, 1.0, 1.0, 1.0, 2.0, 1.0, 1.0, 3.0, 3.0, 1.0, 1.0, 0.0, 0.0, 2.0, 2.0, 1.0, 3.0, 0.0, 1.0, 2.0, 4.0, 2.0, 3.0, 3.0, 2.0, 3.0, 3.0, 2.0, 0.0, 2.0, 2.0, 3.0, 4.0, 1.0, 2.0, 2.0, 0.0, 2.0, 3.0], [3.0, 3.0, 3.0, 2.0, 2.0, 3.0, 2.0, 2.0, 3.0, 2.0, 1.0, 2.0, 3.0, 1.0, 3.0, 2.0, 2.0, 2.0, 1.0, 4.0, 3.0, 1.0, 1.0, 3.0, 3.0, 3.0, 2.0, 3.0, 1.0, 2.0, 2.0, 4.0, 3.0, 2.0, 1.0, 3.0, 1.0, 2.0, 3.0, 3.0, 1.0, 2.0, 2.0, 3.0, 3.0, 1.0, 3.0, 2.0, 1.0, 2.0, 1.0, 4.0, 2.0, 1.0, 2.0, 3.0, 3.0, 1.0, 2.0, 1.0, 4.0, 3.0, 2.0, 1.0, 4.0, 1.0, 2.0, 1.0, 1.0, 2.0, 1.0, 0.0, 1.0, 3.0, 2.0, 1.0, 2.0, 2.0, 5.0, 3.0, 3.0, 2.0, 2.0, 2.0, 2.0, 2.0, 2.0, 4.0, 2.0, 3.0, 3.0, 3.0, 2.0, 4.0, 4.0, 4.0, 4.0, 2.0, 3.0, 2.0, 3.0, 2.0, 4.0, 4.0, 1.0, 2.0, 2.0, 2.0, 0.0, 4.0], [4.0, 4.0, 4.0, 6.0, 6.0, 4.0, 6.0, 6.0, 4.0, 6.0, 4.0, 2.0, 2.0, 3.0, 1.0, 2.0, 3.0, 2.0, 3.0, 0.0, 1.0, 4.0, 4.0, 1.0, 1.0, 1.0, 3.0, 2.0, 5.0, 3.0, 3.0, 0.0, 3.0, 3.0, 4.0, 1.0, 4.0, 4.0, 1.0, 3.0, 3.0, 2.0, 3.0, 3.0, 3.0, 4.0, 3.0, 2.0, 4.0, 2.0, 3.0, 0.0, 3.0, 5.0, 3.0, 2.0, 2.0, 3.0, 3.0, 3.0, 0.0, 3.0, 2.0, 3.0, 0.0, 3.0, 2.0, 4.0, 4.0, 3.0, 5.0, 4.0, 3.0, 2.0, 2.0, 4.0, 2.0, 3.0, 1.0, 2.0, 1.0, 3.0, 2.0, 2.0, 3.0, 2.0, 3.0, 1.0, 3.0, 1.0, 2.0, 3.0, 3.0, 1.0, 0.0, 0.0, 1.0, 4.0, 1.0, 3.0, 2.0, 2.0, 1.0, 3.0, 4.0, 3.0, 3.0, 3.0, 4.0, 0.0]]
