100 7278.13 0 1680 1 1680
[2382.34, 8171.4, 1945.12, 8241.84, 6086.73, 7061.69, 951.23, 575.31, 5781.3, 8040.33, 655.45, 897.95, 7033.69, 1707.07, 1565.09, 2787.12, 3876.69, 2529.51, 4729.32, 7536.89, 7495.91, 9003.18, 9096.77, 829.37, 6100.54, 9576.04, 631.64, 416.95, 3761.46, 708.47, 5135.73, 3097.17, 8530.13, 4669.06, 9768.83, 8208.83, 9486.97, 6036.95, 3016.69, 1921.15, 6911.23, 1627.96, 6480.03, 7423.49, 8716.12, 1247.01, 9055.86, 6957.1, 5765.44, 8070.72, 6010.72, 6452.49, 6438.09, 8229.58, 9247.97, 6199.11, 6354.99, 3170.44, 9866.64, 4018.82, 7944.16, 6546.5, 145.23, 4237.98, 1627.19, 1678.75, 8247.85, 8653.78, 7992.12, 8616.37, 3564.23, 4128.91, 3494.43, 1349.12, 9340.35, 9209.84, 1903.15, 7375.08, 466.66, 7954.9, 1674.6, 6006.26, 8141.48, 3740.69, 9159.7, 4190.24, 6292.47, 2916.39, 5724.17, 1879.18, 5919.85, 5684.93, 4856.73, 3009.04, 2835.24, 8201.27, 8667.58, 4150.01, 8269.18, 6362.51]
[6733.64, 1379.15, 7761.97, 4179.74, 5785.8, 3615.69, 7380.47, 8037.51, 3987.61, 1070.78, 3345.08, 7319.38, 7939.8, 7356.54, 2364.27, 4155.04, 3217.41, 3043.52, 5083.5, 7046.29, 2120.22, 6523.9, 3122.53, 5904.5, 2832.05, 3152.55, 6532.65, 1263.77, 6577.98, 6471.1, 8780.1, 2321.9, 7080.48, 8171.73, 4133.9, 7226.4, 2778.42, 8039.64, 4441.34, 1361.49, 3890.79, 6919.98, 7794.86, 4090.97, 8058.47, 3725.21, 5836.83, 1552.45, 4970.98, 8422.83, 4159.1, 2258.96, 2325.36, 2437.22, 1450.33, 1589.98, 3215.03, 6501.09, 4876.45, 2516.8, 8540.96, 8341.87, 3026.16, 3846.18, 7587.9, 7712.98, 1558.87, 6883.59, 6008.39, 8257.38, 2916.44, 5743.44, 2018.64, 3463.57, 8905.6, 7827.94, 3619.53, 8432.66, 8785.02, 2544.09, 6203.34, 5601.82, 2349.99, 5758.49, 7852.72, 8343.24, 2796.89, 8608.43, 4533.26, 6320.39, 3217.61, 1723.86, 5380.01, 1414.71, 8500.23, 5251.22, 7630.99, 7615.88, 4297.76, 5558.02]
[3, 8, 2, 8, 6, 7, 1, 1, 6, 8, 1, 1, 7, 2, 2, 3, 4, 3, 5, 7, 7, 9, 9, 1, 6, 9, 1, 1, 4, 1, 5, 3, 8, 5, 9, 8, 9, 6, 3, 2, 7, 2, 6, 7, 8, 2, 9, 7, 6, 8, 6, 6, 6, 8, 9, 6, 6, 3, 9, 4, 8, 6, 1, 4, 2, 2, 8, 8, 8, 8, 4, 4, 4, 2, 9, 9, 2, 7, 1, 8, 2, 6, 8, 4, 9, 4, 6, 3, 6, 2, 6, 6, 5, 3, 3, 8, 8, 4, 8, 6]
[1, 2, 3, 4, 5, 6, 7, 8, 9, 10, 11, 12, 13, 14, 15, 16, 17, 18, 19, 20, 21, 22, 23, 24, 25, 26, 27, 28, 29, 30, 31, 32, 33, 34, 35, 36, 37, 38, 39, 40, 41, 42, 43, 44, 45, 46, 47, 48, 49, 50, 51, 52, 53, 54, 55, 56, 57, 58, 59, 60, 61, 62, 63, 64, 65, 66, 67, 68, 69, 70, 71, 72, 73, 74, 75, 76, 77, 78, 79, 80, 81, 82, 83, 84, 85, 86, 87, 88, 89, 90, 91, 92, 93, 94, 95, 96, 97, 98, 99, 100]
[2, 3, 1, 3, 3, 1, 3, 3, 3, 3, 3, 3, 1, 1, 1, 2, 3, 2, 2, 1, 1, 3, 3, 3, 3, 3, 3, 3, 3, 3, 2, 2, 3, 2, 3, 3, 3, 3, 2, 1, 1, 1, 3, 1, 3, 1, 3, 1, 3, 3, 3, 3, 3, 3, 3, 3, 3, 2, 3, 3, 3, 3, 3, 3, 1, 1, 3, 3, 3, 3, 3, 3, 3, 1, 3, 3, 1, 1, 3, 3, 1, 3, 3, 3, 3, 3, 3, 2, 3, 1, 3, 3, 2, 2, 2, 3, 3, 3, 3, 3]
[1, 3, 3, 3, 3, 3, 2, 2, 3, 3, 2, 2, 3, 3, 3, 1, 1, 1, 1, 3, 3, 3, 3, 2, 3, 3, 2, 2, 1, 2, 1, 1, 3, 1, 3, 3, 3, 3, 1, 3, 3, 3, 3, 3, 3, 3, 3, 3, 3, 3, 3, 3, 3, 3, 3, 3, 3, 1, 3, 1, 3, 3, 2, 1, 3, 3, 3, 3, 3, 3, 1, 1, 1, 3, 3, 3, 3, 3, 2, 3, 3, 3, 3, 1, 3, 1, 3, 1, 3, 3, 3, 3, 1, 1, 1, 3, 3, 1, 3, 3]
[4, 2, 7, 3, 2, 9, 5, 9, 10, 8, 2, 8, 8, 8, 6, 2, 10, 8, 3, 9, 8, 10, 3, 1, 5, 5, 6, 6, 7, 8, 10, 7, 7, 2, 6, 7, 8, 10, 8, 1, 4, 7, 10, 8, 1, 7, 5, 6, 7, 6, 10, 5, 1, 1, 8, 2, 1, 1, 9, 8, 5, 10, 5, 1, 9, 7, 4, 7, 4, 8, 7, 6, 4, 5, 6, 8, 7, 5, 6, 6, 6, 8, 8, 3, 4, 9, 1, 2, 10, 1, 1, 3, 7, 6, 8, 8, 8, 9, 10, 3]
[3908.55, 4700.68, 4291.83, 4926.18, 4705.84, 3111.19, 4662.51, 3154.5, 4709.73, 4367.33, 4707.84, 4001.78, 4448.98, 4522.43, 3784.89, 4717.18, 4646.28, 3623.49, 4901.16, 3467.04, 4752.27, 4688.99, 4922.04, 3710.34, 4726.45, 4826.98, 3530.77, 3739.56, 4247.11, 3967.06, 4875.95, 4237.37, 4225.52, 4710.94, 3477.6, 4371.51, 3746.69, 4701.02, 4510.93, 3763.54, 3794.24, 4180.07, 4735.94, 4630.26, 3660.52, 4213.96, 4796.75, 3485.19, 4263.94, 3494.12, 4787.73, 4880.75, 3672.69, 3526.07, 4270.85, 4699.25, 3794.49, 3706.96, 3437.38, 4256.91, 4787.5, 4680.16, 4780.97, 3756.19, 3137.8, 4143.79, 3741.73, 4157.35, 3764.64, 4422.73, 4412.64, 3644.82, 3831.45, 4685.89, 3781.95, 4429.32, 4174.24, 4798.15, 3378.44, 3732.37, 3746.9, 3625.33, 4220.25, 4857.65, 3864.12, 3358.61, 3623.25, 4708.48, 4763.26, 3545.3, 3539.01, 4952.32, 4195.83, 3688.17, 3915.68, 4571.36, 4377.67, 3422.61, 4634.67, 4938.71]
[0.72, 0.44, 0.18, 0.74, 0.81, 0.87, 0.87, 0.9, 0.24, 0.18, 0.87, 0.15, 0.18, 0.16, 0.31, 0.89, 0.22, 0.16, 0.58, 0.57, 0.16, 0.23, 0.85, 0.8, 0.84, 0.89, 0.44, 0.38, 0.56, 0.14, 0.24, 0.38, 0.36, 0.49, 0.35, 0.24, 0.16, 0.23, 0.18, 0.93, 0.71, 0.12, 0.21, 0.19, 0.89, 0.35, 0.76, 0.44, 0.54, 0.38, 0.22, 0.89, 0.81, 0.87, 0.15, 0.52, 0.89, 0.8, 0.66, 0.14, 0.76, 0.23, 0.86, 0.78, 0.64, 0.4, 0.81, 0.43, 0.81, 0.16, 0.33, 0.37, 0.67, 0.92, 0.32, 0.19, 0.54, 0.75, 0.3, 0.37, 0.37, 0.14, 0.14, 0.47, 0.78, 0.82, 0.83, 0.88, 0.24, 0.85, 0.81, 0.97, 0.44, 0.41, 0.15, 0.14, 0.16, 0.93, 0.24, 0.97]
[0.54, 0.56, 1.03, 1.06, 0.51, 0.53, 0.57, 0.87, 0.68, 0.87, 0.6, 0.87, 0.69, 0.75, 0.67, 0.78, 0.81, 0.51, 1.02, 0.76, 0.74, 1.02, 0.85, 0.68, 0.55, 0.58, 0.61, 0.93, 0.9, 0.72, 0.56, 0.74, 0.56, 0.52, 0.91, 0.7, 0.6, 0.61, 0.81, 0.84, 0.66, 0.8, 0.7, 0.81, 1.0, 0.61, 0.87, 0.96, 0.84, 0.8, 1.01, 0.78, 1.05, 0.73, 0.76, 0.78, 1.03, 1.0, 0.69, 0.97, 0.96, 1.01, 0.57, 0.67, 0.75, 1.06, 0.59, 0.76, 0.95, 1.08, 0.78, 0.83, 1.06, 0.98, 0.95, 0.98, 0.52, 1.02, 0.86, 0.97, 0.99, 0.51, 0.52, 1.04, 0.88, 1.05, 0.6, 0.8, 0.54, 0.79, 0.75, 0.65, 0.76, 0.55, 1.05, 1.06, 0.66, 0.91, 1.04, 0.5]
[1.01, 0.56, 1.09, 0.74, 0.76, 0.78, 0.56, 0.84, 0.87, 0.7, 0.73, 0.53, 0.54, 0.96, 0.62, 0.54, 0.72, 0.5, 0.94, 0.96, 0.78, 0.95, 0.66, 1.02, 0.7, 0.74, 0.96, 0.9, 0.72, 1.03, 1.07, 0.56, 0.83, 0.61, 0.65, 0.87, 0.64, 0.85, 0.68, 0.95, 0.98, 0.86, 0.51, 0.88, 0.52, 0.57, 1.06, 0.84, 0.93, 0.7, 1.02, 0.51, 0.76, 0.98, 0.88, 1.0, 1.01, 0.84, 0.68, 0.77, 0.68, 0.73, 1.01, 0.52, 0.77, 0.6, 0.53, 0.69, 0.92, 0.62, 0.87, 1.05, 1.05, 0.89, 0.92, 0.72, 0.54, 0.72, 0.64, 0.63, 0.93, 0.96, 1.05, 0.94, 0.73, 0.7, 0.62, 0.66, 1.07, 0.95, 1.09, 0.64, 0.73, 0.77, 0.84, 0.91, 0.95, 0.77, 0.88, 0.73]
[0.54, 0.74, 0.65, 0.55, 0.93, 0.93, 0.61, 0.98, 0.75, 0.89, 0.92, 1.0, 0.61, 0.95, 1.05, 1.06, 1.0, 0.74, 1.07, 0.98, 0.76, 0.81, 0.59, 0.62, 0.75, 0.94, 0.63, 0.89, 0.66, 0.65, 0.63, 1.01, 0.69, 1.06, 0.96, 0.92, 0.68, 0.98, 0.98, 0.96, 1.04, 1.05, 0.58, 0.69, 0.8, 0.52, 0.67, 0.88, 0.68, 0.78, 0.54, 0.53, 0.79, 0.56, 0.52, 0.51, 0.74, 0.9, 0.76, 0.95, 0.74, 0.68, 0.83, 0.7, 0.97, 0.63, 0.59, 0.96, 0.85, 0.57, 0.85, 1.03, 0.84, 1.01, 0.75, 0.94, 0.95, 1.06, 0.85, 0.54, 0.66, 0.67, 1.08, 0.62, 0.91, 1.04, 1.04, 1.06, 1.04, 0.72, 0.52, 1.02, 0.86, 0.68, 0.79, 0.85, 1.0, 0.96, 1.03, 0.59]
[1.09, 0.54, 1.0, 0.94, 1.04, 0.51, 0.88, 1.05, 1.08, 1.07, 0.69, 1.01, 0.54, 0.52, 0.56, 0.85, 0.54, 0.51, 1.09, 1.04, 0.85, 0.79, 0.52, 0.81, 1.07, 0.77, 0.8, 0.54, 0.73, 0.75, 0.79, 0.69, 0.92, 1.03, 0.67, 0.59, 0.61, 0.69, 0.95, 0.91, 0.85, 0.57, 0.98, 0.83, 0.63, 0.52, 1.0, 0.68, 0.61, 0.75, 0.6, 1.08, 0.83, 1.02, 0.69, 0.97, 0.88, 0.66, 0.94, 0.69, 0.65, 0.52, 0.58, 1.0, 0.85, 0.77, 0.78, 0.54, 0.77, 0.92, 0.85, 0.83, 0.82, 1.07, 1.0, 0.83, 1.03, 0.71, 0.98, 0.84, 0.68, 1.02, 0.73, 0.85, 0.72, 0.98, 1.05, 0.51, 0.61, 0.7, 0.89, 1.03, 1.01, 1.04, 0.82, 0.61, 0.99, 0.92, 0.9, 0.56]
[0.68, 0.87, 0.74, 0.52, 1.07, 0.77, 0.55, 0.82, 0.58, 0.71, 0.61, 1.07, 0.96, 0.93, 0.51, 0.63, 0.71, 1.05, 0.86, 0.7, 0.83, 1.0, 1.05, 0.82, 0.93, 0.57, 0.87, 0.5, 0.57, 0.79, 0.58, 0.85, 1.04, 0.98, 0.61, 0.7, 0.56, 1.07, 0.83, 0.86, 0.66, 0.79, 0.85, 0.89, 1.07, 0.96, 0.53, 0.97, 1.07, 0.91, 0.76, 0.68, 0.95, 0.8, 0.64, 0.97, 0.82, 0.54, 0.77, 0.59, 0.89, 0.71, 0.95, 0.94, 0.51, 0.94, 1.01, 0.95, 0.78, 1.07, 0.76, 0.59, 0.99, 1.01, 1.06, 0.92, 0.83, 0.77, 0.71, 0.72, 0.9, 0.71, 0.95, 0.94, 1.06, 0.61, 0.61, 1.05, 1.1, 0.63, 0.56, 0.72, 0.53, 0.79, 0.78, 0.51, 0.63, 1.05, 0.98, 0.73]
[0.22, 0.11, 0.54, 0.21, 0.39, 0.15, 0.09, 0.62, 0.28, 0.41, 0.17, 0.5, 0.12, 0.32, 0.12, 0.24, 0.23, 0.1, 0.95, 0.52, 0.31, 0.62, 0.18, 0.28, 0.28, 0.18, 0.26, 0.2, 0.18, 0.29, 0.17, 0.25, 0.31, 0.34, 0.23, 0.23, 0.09, 0.37, 0.43, 0.61, 0.37, 0.33, 0.17, 0.36, 0.28, 0.09, 0.32, 0.47, 0.35, 0.3, 0.25, 0.16, 0.49, 0.33, 0.15, 0.37, 0.55, 0.27, 0.26, 0.29, 0.28, 0.18, 0.26, 0.23, 0.24, 0.29, 0.15, 0.26, 0.44, 0.37, 0.37, 0.44, 0.76, 0.96, 0.7, 0.51, 0.23, 0.42, 0.33, 0.2, 0.37, 0.24, 0.4, 0.49, 0.45, 0.46, 0.25, 0.3, 0.4, 0.24, 0.21, 0.31, 0.26, 0.23, 0.45, 0.26, 0.39, 0.65, 0.83, 0.09]
[1444.27, 1323.28, 1032.69, 1316.58, 1539.06, 1306.52, 1303.38, 1241.55, 1005.15, 1379.35, 1436.31, 873.9, 1121.12, 1068.08, 996.42, 2436.37, 739.97, 992.35, 1125.38, 794.54, 1062.78, 1226.59, 1397.04, 1208.28, 1455.12, 1348.27, 714.91, 960.45, 1285.79, 1074.16, 1029.36, 1184.6, 1218.78, 1342.47, 972.47, 1082.26, 1023.23, 864.12, 1140.07, 1166.59, 1495.29, 946.89, 1066.36, 841.27, 1312.22, 1158.57, 1499.67, 845.77, 1291.34, 1167.85, 1061.6, 1342.75, 1337.01, 1339.14, 1225.91, 1514.14, 1566.75, 1355.9, 1183.66, 1276.92, 1281.17, 1215.01, 1300.58, 1154.0, 898.49, 1327.56, 1612.04, 1260.46, 1665.47, 1175.18, 940.62, 976.85, 1392.24, 1225.93, 927.01, 1187.45, 1301.65, 1355.48, 1113.78, 1120.11, 857.86, 1170.43, 937.73, 1210.37, 1509.94, 1202.8, 1790.94, 1487.07, 1092.56, 1458.61, 1145.82, 1579.16, 1394.02, 1048.85, 1085.45, 1048.31, 901.17, 1193.74, 1237.38, 1579.39]
[351.4, 121.54, 535.07, 280.26, 635.97, 179.75, 127.52, 784.31, 283.99, 567.19, 245.8, 447.51, 122.36, 351.63, 142.58, 527.23, 158.04, 100.62, 1074.88, 422.82, 344.66, 746.13, 255.57, 338.04, 395.92, 213.22, 179.4, 179.88, 183.94, 322.65, 175.25, 317.03, 366.07, 440.2, 242.77, 231.19, 102.83, 326.66, 508.91, 713.86, 522.0, 289.68, 187.67, 289.57, 376.44, 109.81, 463.45, 378.6, 457.81, 358.02, 263.1, 197.11, 683.76, 423.97, 180.93, 608.62, 920.61, 361.42, 297.39, 376.44, 387.63, 246.28, 330.71, 259.15, 202.82, 372.34, 233.93, 308.84, 767.24, 409.69, 326.9, 412.59, 1082.41, 1185.66, 650.32, 572.91, 273.77, 543.91, 388.91, 231.09, 329.09, 260.88, 371.51, 591.52, 662.94, 530.74, 388.35, 411.8, 427.1, 358.36, 261.87, 457.67, 335.32, 245.76, 474.47, 265.56, 348.53, 800.45, 1028.12, 122.32]
[6721.36, 6116.42, 4663.43, 6082.91, 7195.31, 6032.59, 6016.9, 5707.77, 4525.75, 6396.76, 6681.57, 3869.48, 5105.62, 4840.4, 4482.08, 11681.86, 3199.85, 4461.76, 5126.92, 3472.7, 4813.88, 5632.94, 6485.19, 5541.39, 6775.6, 6241.36, 3074.57, 4302.26, 5928.97, 4870.78, 4646.78, 5422.98, 5593.91, 6212.35, 4362.37, 4911.3, 4616.17, 3820.58, 5200.37, 5332.97, 6976.45, 4234.46, 4831.79, 3706.35, 6061.1, 5292.85, 6998.35, 3728.84, 5956.72, 5339.23, 4807.98, 6213.75, 6185.07, 6195.71, 5629.53, 7070.69, 7333.74, 6279.5, 5418.31, 5884.6, 5905.85, 5575.05, 6002.9, 5270.01, 3992.47, 6137.79, 7560.2, 5802.31, 7827.36, 5375.91, 4203.11, 4384.25, 6461.2, 5629.67, 4135.03, 5437.25, 6008.24, 6277.4, 5068.88, 5100.53, 3789.29, 5352.16, 4188.63, 5551.86, 7049.72, 5514.01, 8454.7, 6935.35, 4962.81, 6793.04, 5229.12, 7395.78, 6470.08, 4744.23, 4927.23, 4741.57, 4005.84, 5468.71, 5686.92, 7396.96]
[1257.0, 107.7, 2175.37, 901.32, 2679.87, 398.73, 137.62, 3421.55, 919.96, 2335.96, 728.99, 1737.56, 111.78, 1258.14, 212.89, 2136.15, 290.19, 3.11, 4874.39, 1614.12, 1223.32, 3230.66, 777.84, 1190.2, 1479.58, 566.12, 397.01, 399.41, 419.72, 1113.25, 376.23, 1085.17, 1330.36, 1700.98, 713.87, 655.94, 14.16, 1133.28, 2044.55, 3069.29, 2110.01, 948.41, 438.35, 947.83, 1382.2, 49.05, 1817.24, 1393.0, 1789.07, 1290.12, 815.5, 485.55, 2918.8, 1619.86, 404.63, 2543.12, 4103.03, 1307.11, 986.96, 1382.18, 1438.13, 731.38, 1153.53, 795.75, 514.1, 1361.71, 669.65, 1044.22, 3336.18, 1548.43, 1134.49, 1562.96, 4912.05, 5428.31, 2751.59, 2364.54, 868.84, 2219.54, 1444.54, 655.46, 1145.45, 804.42, 1357.54, 2457.62, 2814.72, 2153.71, 1441.74, 1558.98, 1635.52, 1291.8, 809.34, 1788.35, 1176.61, 728.8, 1872.36, 827.81, 1242.65, 3502.27, 4640.58, 111.62]
[117.26, 188.03, 85.84, 197.05, 188.23, 62.22, 186.5, 126.18, 188.39, 174.69, 188.31, 160.07, 88.98, 90.45, 75.7, 141.52, 185.85, 108.7, 147.03, 69.34, 95.05, 187.56, 196.88, 148.41, 189.06, 193.08, 141.23, 149.58, 169.88, 158.68, 146.28, 127.12, 169.02, 141.33, 139.1, 174.86, 149.87, 188.04, 135.33, 75.27, 75.88, 83.6, 189.44, 92.61, 146.42, 84.28, 191.87, 69.7, 170.56, 139.76, 191.51, 195.23, 146.91, 141.04, 170.83, 187.97, 151.78, 111.21, 137.5, 170.28, 191.5, 187.21, 191.24, 150.25, 62.76, 82.88, 149.67, 166.29, 150.59, 176.91, 176.51, 145.79, 153.26, 93.72, 151.28, 177.17, 83.48, 95.96, 135.14, 149.29, 74.94, 145.01, 168.81, 194.31, 154.56, 134.34, 144.93, 141.25, 190.53, 70.91, 141.56, 198.09, 125.87, 110.64, 117.47, 182.85, 175.11, 136.9, 185.39, 197.55]
[156, 282, 85, 295, 282, 62, 279, 189, 282, 262, 282, 240, 88, 90, 75, 188, 278, 144, 196, 69, 95, 281, 295, 222, 283, 289, 211, 224, 254, 238, 195, 169, 253, 188, 208, 262, 224, 282, 180, 75, 75, 83, 284, 92, 219, 84, 287, 69, 255, 209, 287, 292, 220, 211, 256, 281, 227, 148, 206, 255, 287, 280, 286, 225, 62, 82, 224, 249, 225, 265, 264, 218, 229, 93, 226, 265, 83, 95, 202, 223, 74, 217, 253, 291, 231, 201, 217, 188, 285, 70, 212, 297, 167, 147, 156, 274, 262, 205, 278, 296]
[796, 139, 992, 801, 1375, 1167, 921, 139, 260, 6, 277, 345, 1079, 312, 1253, 1404, 1156, 1132, 192, 396, 231, 1380, 248, 159, 1568, 1124, 1214, 425, 37, 1153, 363, 1101, 196, 1074, 708, 867, 1340, 1028, 1515, 563, 369, 1342, 667, 782, 1169, 297, 346, 494, 873, 881, 1291, 883, 1223, 834, 1582, 480, 67, 1355, 163, 257, 1534, 151, 611, 1281, 980, 1657, 463, 780, 220, 1592, 1418, 281, 895, 375, 125, 878, 285, 1433, 1006, 1582, 844, 1382, 628, 1230, 191, 1440, 734, 970, 1671, 194, 1092, 1010, 601, 1516, 1316, 144, 521, 694, 947, 218]
[1680, 1109, 1680, 1370, 1666, 1680, 1680, 553, 952, 1315, 661, 1680, 1680, 1035, 1482, 1680, 1680, 1680, 1563, 1674, 1680, 1680, 755, 481, 1680, 1680, 1680, 1680, 853, 1680, 1680, 1361, 1680, 1680, 1431, 1680, 1680, 1442, 1680, 1533, 1401, 1680, 1668, 1680, 1680, 1359, 1192, 785, 1680, 1680, 1680, 1112, 1680, 1680, 1680, 678, 1561, 1680, 670, 826, 1680, 658, 1025, 1680, 1456, 1680, 1680, 1680, 1252, 1680, 1680, 1189, 1680, 1067, 1126, 1680, 823, 1680, 1680, 1680, 1680, 1680, 919, 1680, 1130, 1680, 1680, 1680, 1680, 1442, 1680, 1680, 1602, 1680, 1680, 898, 1680, 1139, 1680, 1527]
10
[0.0, 0.0, 0.0, 0.0, 0.0, 0.0, 0.0, 0.0, 0.0, 0.0]
[0.0, 0.0, 10000.0, 0.0, 0.0, 0.0, 10000.0, 10000.0, 10000.0, 0.0]
[[0.0, 0.0, 130.0, 0.0, 0.0, 0.0, 130.0, 130.0, 130.0, 0.0, 93.0, 108.0, 104.0, 120.0, 109.0, 103.0, 97.0, 105.0, 91.0, 106.0, 44.0, 96.0, 138.0, 98.0, 37.0, 65.0, 66.0, 52.0, 90.0, 134.0, 101.0, 145.0, 125.0, 78.0, 88.0, 131.0, 85.0, 17.0, 99.0, 85.0, 132.0, 50.0, 144.0, 123.0, 138.0, 142.0, 129.0, 131.0, 70.0, 31.0, 103.0, 93.0, 132.0, 110.0, 155.0, 51.0, 140.0, 93.0, 99.0, 152.0, 95.0, 89.0, 89.0, 112.0, 122.0, 83.0, 93.0, 94.0, 143.0, 62.0, 152.0, 138.0, 39.0, 75.0, 101.0, 103.0, 109.0, 144.0, 130.0, 155.0, 60.0, 92.0, 53.0, 48.0, 168.0, 157.0, 53.0, 146.0, 115.0, 109.0, 84.0, 107.0, 110.0, 89.0, 157.0, 122.0, 90.0, 118.0, 95.0, 86.0, 88.0, 77.0, 94.0, 43.0, 117.0, 127.0, 150.0, 113.0, 121.0, 110.0], [0.0, 0.0, 130.0, 0.0, 0.0, 0.0, 130.0, 130.0, 130.0, 0.0, 93.0, 108.0, 104.0, 120.0, 109.0, 103.0, 97.0, 105.0, 91.0, 106.0, 44.0, 96.0, 138.0, 98.0, 37.0, 65.0, 66.0, 52.0, 90.0, 134.0, 101.0, 145.0, 125.0, 78.0, 88.0, 131.0, 85.0, 17.0, 99.0, 85.0, 132.0, 50.0, 144.0, 123.0, 138.0, 142.0, 129.0, 131.0, 70.0, 31.0, 103.0, 93.0, 132.0, 110.0, 155.0, 51.0, 140.0, 93.0, 99.0, 152.0, 95.0, 89.0, 89.0, 112.0, 122.0, 83.0, 93.0, 94.0, 143.0, 62.0, 152.0, 138.0, 39.0, 75.0, 101.0, 103.0, 109.0, 144.0, 130.0, 155.0, 60.0, 92.0, 53.0, 48.0, 168.0, 157.0, 53.0, 146.0, 115.0, 109.0, 84.0, 107.0, 110.0, 89.0, 157.0, 122.0, 90.0, 118.0, 95.0, 86.0, 88.0, 77.0, 94.0, 43.0, 117.0, 127.0, 150.0, 113.0, 121.0, 110.0], [130.0, 130.0, 0.0, 130.0, 130.0, 130.0, 0.0, 0.0, 0.0, 130.0, 53.0, 155.0, 39.0, 131.0, 96.0, 124.0, 36.0, 27.0, 109.0, 156.0, 87.0, 37.0, 95.0, 41.0, 101.0, 84.0, 102.0, 96.0, 89.0, 105.0, 142.0, 126.0, 148.0, 54.0, 123.0, 153.0, 46.0, 114.0, 66.0, 47.0, 69.0, 108.0, 117.0, 65.0, 148.0, 113.0, 155.0, 83.0, 82.0, 115.0, 120.0, 45.0, 89.0, 124.0, 116.0, 83.0, 130.0, 142.0, 100.0, 107.0, 109.0, 131.0, 130.0, 145.0, 164.0, 136.0, 121.0, 61.0, 145.0, 111.0, 105.0, 88.0, 91.0, 97.0, 38.0, 37.0, 154.0, 120.0, 116.0, 114.0, 103.0, 77.0, 113.0, 87.0, 122.0, 123.0, 87.0, 98.0, 17.0, 142.0, 54.0, 97.0, 145.0, 74.0, 122.0, 59.0, 125.0, 42.0, 103.0, 54.0, 117.0, 131.0, 87.0, 118.0, 42.0, 123.0, 117.0, 62.0, 131.0, 101.0], [0.0, 0.0, 130.0, 0.0, 0.0, 0.0, 130.0, 130.0, 130.0, 0.0, 93.0, 108.0, 104.0, 120.0, 109.0, 103.0, 97.0, 105.0, 91.0, 106.0, 44.0, 96.0, 138.0, 98.0, 37.0, 65.0, 66.0, 52.0, 90.0, 134.0, 101.0, 145.0, 125.0, 78.0, 88.0, 131.0, 85.0, 17.0, 99.0, 85.0, 132.0, 50.0, 144.0, 123.0, 138.0, 142.0, 129.0, 131.0, 70.0, 31.0, 103.0, 93.0, 132.0, 110.0, 155.0, 51.0, 140.0, 93.0, 99.0, 152.0, 95.0, 89.0, 89.0, 112.0, 122.0, 83.0, 93.0, 94.0, 143.0, 62.0, 152.0, 138.0, 39.0, 75.0, 101.0, 103.0, 109.0, 144.0, 130.0, 155.0, 60.0, 92.0, 53.0, 48.0, 168.0, 157.0, 53.0, 146.0, 115.0, 109.0, 84.0, 107.0, 110.0, 89.0, 157.0, 122.0, 90.0, 118.0, 95.0, 86.0, 88.0, 77.0, 94.0, 43.0, 117.0, 127.0, 150.0, 113.0, 121.0, 110.0], [0.0, 0.0, 130.0, 0.0, 0.0, 0.0, 130.0, 130.0, 130.0, 0.0, 93.0, 108.0, 104.0, 120.0, 109.0, 103.0, 97.0, 105.0, 91.0, 106.0, 44.0, 96.0, 138.0, 98.0, 37.0, 65.0, 66.0, 52.0, 90.0, 134.0, 101.0, 145.0, 125.0, 78.0, 88.0, 131.0, 85.0, 17.0, 99.0, 85.0, 132.0, 50.0, 144.0, 123.0, 138.0, 142.0, 129.0, 131.0, 70.0, 31.0, 103.0, 93.0, 132.0, 110.0, 155.0, 51.0, 140.0, 93.0, 99.0, 152.0, 95.0, 89.0, 89.0, 112.0, 122.0, 83.0, 93.0, 94.0, 143.0, 62.0, 152.0, 138.0, 39.0, 75.0, 101.0, 103.0, 109.0, 144.0, 130.0, 155.0, 60.0, 92.0, 53.0, 48.0, 168.0, 157.0, 53.0, 146.0, 115.0, 109.0, 84.0, 107.0, 110.0, 89.0, 157.0, 122.0, 90.0, 118.0, 95.0, 86.0, 88.0, 77.0, 94.0, 43.0, 117.0, 127.0, 150.0, 113.0, 121.0, 110.0], [0.0, 0.0, 130.0, 0.0, 0.0, 0.0, 130.0, 130.0, 130.0, 0.0, 93.0, 108.0, 104.0, 120.0, 109.0, 103.0, 97.0, 105.0, 91.0, 106.0, 44.0, 96.0, 138.0, 98.0, 37.0, 65.0, 66.0, 52.0, 90.0, 134.0, 101.0, 145.0, 125.0, 78.0, 88.0, 131.0, 85.0, 17.0, 99.0, 85.0, 132.0, 50.0, 144.0, 123.0, 138.0, 142.0, 129.0, 131.0, 70.0, 31.0, 103.0, 93.0, 132.0, 110.0, 155.0, 51.0, 140.0, 93.0, 99.0, 152.0, 95.0, 89.0, 89.0, 112.0, 122.0, 83.0, 93.0, 94.0, 143.0, 62.0, 152.0, 138.0, 39.0, 75.0, 101.0, 103.0, 109.0, 144.0, 130.0, 155.0, 60.0, 92.0, 53.0, 48.0, 168.0, 157.0, 53.0, 146.0, 115.0, 109.0, 84.0, 107.0, 110.0, 89.0, 157.0, 122.0, 90.0, 118.0, 95.0, 86.0, 88.0, 77.0, 94.0, 43.0, 117.0, 127.0, 150.0, 113.0, 121.0, 110.0], [130.0, 130.0, 0.0, 130.0, 130.0, 130.0, 0.0, 0.0, 0.0, 130.0, 53.0, 155.0, 39.0, 131.0, 96.0, 124.0, 36.0, 27.0, 109.0, 156.0, 87.0, 37.0, 95.0, 41.0, 101.0, 84.0, 102.0, 96.0, 89.0, 105.0, 142.0, 126.0, 148.0, 54.0, 123.0, 153.0, 46.0, 114.0, 66.0, 47.0, 69.0, 108.0, 117.0, 65.0, 148.0, 113.0, 155.0, 83.0, 82.0, 115.0, 120.0, 45.0, 89.0, 124.0, 116.0, 83.0, 130.0, 142.0, 100.0, 107.0, 109.0, 131.0, 130.0, 145.0, 164.0, 136.0, 121.0, 61.0, 145.0, 111.0, 105.0, 88.0, 91.0, 97.0, 38.0, 37.0, 154.0, 120.0, 116.0, 114.0, 103.0, 77.0, 113.0, 87.0, 122.0, 123.0, 87.0, 98.0, 17.0, 142.0, 54.0, 97.0, 145.0, 74.0, 122.0, 59.0, 125.0, 42.0, 103.0, 54.0, 117.0, 131.0, 87.0, 118.0, 42.0, 123.0, 117.0, 62.0, 131.0, 101.0], [130.0, 130.0, 0.0, 130.0, 130.0, 130.0, 0.0, 0.0, 0.0, 130.0, 53.0, 155.0, 39.0, 131.0, 96.0, 124.0, 36.0, 27.0, 109.0, 156.0, 87.0, 37.0, 95.0, 41.0, 101.0, 84.0, 102.0, 96.0, 89.0, 105.0, 142.0, 126.0, 148.0, 54.0, 123.0, 153.0, 46.0, 114.0, 66.0, 47.0, 69.0, 108.0, 117.0, 65.0, 148.0, 113.0, 155.0, 83.0, 82.0, 115.0, 120.0, 45.0, 89.0, 124.0, 116.0, 83.0, 130.0, 142.0, 100.0, 107.0, 109.0, 131.0, 130.0, 145.0, 164.0, 136.0, 121.0, 61.0, 145.0, 111.0, 105.0, 88.0, 91.0, 97.0, 38.0, 37.0, 154.0, 120.0, 116.0, 114.0, 103.0, 77.0, 113.0, 87.0, 122.0, 123.0, 87.0, 98.0, 17.0, 142.0, 54.0, 97.0, 145.0, 74.0, 122.0, 59.0, 125.0, 42.0, 103.0, 54.0, 117.0, 131.0, 87.0, 118.0, 42.0, 123.0, 117.0, 62.0, 131.0, 101.0], [130.0, 130.0, 0.0, 130.0, 130.0, 130.0, 0.0, 0.0, 0.0, 130.0, 53.0, 155.0, 39.0, 131.0, 96.0, 124.0, 36.0, 27.0, 109.0, 156.0, 87.0, 37.0, 95.0, 41.0, 101.0, 84.0, 102.0, 96.0, 89.0, 105.0, 142.0, 126.0, 148.0, 54.0, 123.0, 153.0, 46.0, 114.0, 66.0, 47.0, 69.0, 108.0, 117.0, 65.0, 148.0, 113.0, 155.0, 83.0, 82.0, 115.0, 120.0, 45.0, 89.0, 124.0, 116.0, 83.0, 130.0, 142.0, 100.0, 107.0, 109.0, 131.0, 130.0, 145.0, 164.0, 136.0, 121.0, 61.0, 145.0, 111.0, 105.0, 88.0, 91.0, 97.0, 38.0, 37.0, 154.0, 120.0, 116.0, 114.0, 103.0, 77.0, 113.0, 87.0, 122.0, 123.0, 87.0, 98.0, 17.0, 142.0, 54.0, 97.0, 145.0, 74.0, 122.0, 59.0, 125.0, 42.0, 103.0, 54.0, 117.0, 131.0, 87.0, 118.0, 42.0, 123.0, 117.0, 62.0, 131.0, 101.0], [0.0, 0.0, 130.0, 0.0, 0.0, 0.0, 130.0, 130.0, 130.0, 0.0, 93.0, 108.0, 104.0, 120.0, 109.0, 103.0, 97.0, 105.0, 91.0, 106.0, 44.0, 96.0, 138.0, 98.0, 37.0, 65.0, 66.0, 52.0, 90.0, 134.0, 101.0, 145.0, 125.0, 78.0, 88.0, 131.0, 85.0, 17.0, 99.0, 85.0, 132.0, 50.0, 144.0, 123.0, 138.0, 142.0, 129.0, 131.0, 70.0, 31.0, 103.0, 93.0, 132.0, 110.0, 155.0, 51.0, 140.0, 93.0, 99.0, 152.0, 95.0, 89.0, 89.0, 112.0, 122.0, 83.0, 93.0, 94.0, 143.0, 62.0, 152.0, 138.0, 39.0, 75.0, 101.0, 103.0, 109.0, 144.0, 130.0, 155.0, 60.0, 92.0, 53.0, 48.0, 168.0, 157.0, 53.0, 146.0, 115.0, 109.0, 84.0, 107.0, 110.0, 89.0, 157.0, 122.0, 90.0, 118.0, 95.0, 86.0, 88.0, 77.0, 94.0, 43.0, 117.0, 127.0, 150.0, 113.0, 121.0, 110.0], [93.0, 93.0, 53.0, 93.0, 93.0, 93.0, 53.0, 53.0, 53.0, 93.0, 0.0, 103.0, 15.0, 83.0, 50.0, 73.0, 20.0, 29.0, 57.0, 104.0, 50.0, 21.0, 63.0, 12.0, 58.0, 34.0, 50.0, 48.0, 37.0, 67.0, 90.0, 86.0, 99.0, 23.0, 70.0, 105.0, 23.0, 76.0, 18.0, 22.0, 45.0, 58.0, 80.0, 35.0, 102.0, 76.0, 106.0, 51.0, 31.0, 70.0, 70.0, 10.0, 55.0, 74.0, 84.0, 42.0, 88.0, 90.0, 50.0, 77.0, 58.0, 79.0, 78.0, 94.0, 113.0, 83.0, 69.0, 11.0, 100.0, 59.0, 76.0, 58.0, 56.0, 45.0, 15.0, 16.0, 102.0, 82.0, 74.0, 84.0, 52.0, 26.0, 63.0, 45.0, 95.0, 90.0, 41.0, 69.0, 37.0, 91.0, 12.0, 49.0, 94.0, 22.0, 89.0, 32.0, 72.0, 25.0, 52.0, 8.0, 65.0, 78.0, 37.0, 70.0, 24.0, 78.0, 83.0, 26.0, 83.0, 54.0], [108.0, 108.0, 155.0, 108.0, 108.0, 108.0, 155.0, 155.0, 155.0, 108.0, 103.0, 0.0, 116.0, 36.0, 63.0, 32.0, 122.0, 131.0, 46.0, 4.0, 101.0, 122.0, 87.0, 115.0, 87.0, 79.0, 61.0, 77.0, 66.0, 74.0, 13.0, 68.0, 26.0, 112.0, 33.0, 29.0, 119.0, 101.0, 89.0, 118.0, 104.0, 67.0, 74.0, 99.0, 41.0, 76.0, 25.0, 91.0, 78.0, 81.0, 37.0, 112.0, 86.0, 37.0, 87.0, 95.0, 59.0, 16.0, 56.0, 92.0, 46.0, 25.0, 26.0, 14.0, 14.0, 26.0, 34.0, 93.0, 51.0, 56.0, 93.0, 93.0, 107.0, 60.0, 117.0, 118.0, 3.0, 72.0, 60.0, 90.0, 63.0, 77.0, 61.0, 93.0, 99.0, 85.0, 87.0, 92.0, 139.0, 15.0, 105.0, 62.0, 13.0, 81.0, 85.0, 104.0, 31.0, 116.0, 52.0, 104.0, 38.0, 33.0, 68.0, 67.0, 116.0, 50.0, 82.0, 97.0, 38.0, 59.0], [104.0, 104.0, 39.0, 104.0, 104.0, 104.0, 39.0, 39.0, 39.0, 104.0, 15.0, 116.0, 0.0, 94.0, 60.0, 86.0, 14.0, 18.0, 70.0, 118.0, 60.0, 15.0, 66.0, 6.0, 70.0, 48.0, 64.0, 62.0, 50.0, 73.0, 103.0, 93.0, 111.0, 28.0, 84.0, 116.0, 23.0, 87.0, 28.0, 23.0, 44.0, 72.0, 86.0, 36.0, 112.0, 82.0, 118.0, 53.0, 45.0, 83.0, 82.0, 12.0, 59.0, 86.0, 88.0, 53.0, 96.0, 104.0, 62.0, 80.0, 71.0, 93.0, 92.0, 107.0, 126.0, 98.0, 82.0, 23.0, 110.0, 73.0, 79.0, 60.0, 66.0, 59.0, 5.0, 4.0, 115.0, 88.0, 82.0, 87.0, 66.0, 39.0, 77.0, 56.0, 97.0, 95.0, 54.0, 71.0, 23.0, 104.0, 21.0, 60.0, 107.0, 35.0, 94.0, 30.0, 86.0, 17.0, 65.0, 19.0, 79.0, 92.0, 49.0, 84.0, 15.0, 88.0, 88.0, 29.0, 94.0, 64.0], [120.0, 120.0, 131.0, 120.0, 120.0, 120.0, 131.0, 131.0, 131.0, 120.0, 83.0, 36.0, 94.0, 0.0, 35.0, 17.0, 104.0, 112.0, 32.0, 41.0, 99.0, 104.0, 51.0, 95.0, 90.0, 71.0, 58.0, 76.0, 47.0, 38.0, 29.0, 32.0, 18.0, 99.0, 33.0, 22.0, 104.0, 109.0, 66.0, 103.0, 72.0, 71.0, 38.0, 70.0, 20.0, 40.0, 24.0, 58.0, 68.0, 90.0, 18.0, 93.0, 52.0, 11.0, 51.0, 91.0, 24.0, 38.0, 34.0, 55.0, 29.0, 34.0, 34.0, 23.0, 38.0, 43.0, 28.0, 73.0, 23.0, 59.0, 57.0, 59.0, 106.0, 52.0, 97.0, 97.0, 34.0, 36.0, 24.0, 53.0, 63.0, 57.0, 68.0, 90.0, 63.0, 49.0, 83.0, 56.0, 118.0, 22.0, 89.0, 34.0, 24.0, 62.0, 49.0, 76.0, 31.0, 90.0, 33.0, 87.0, 33.0, 46.0, 47.0, 77.0, 90.0, 14.0, 45.0, 70.0, 2.0, 30.0], [109.0, 109.0, 96.0, 109.0, 109.0, 109.0, 96.0, 96.0, 96.0, 109.0, 50.0, 63.0, 60.0, 35.0, 0.0, 31.0, 70.0, 77.0, 24.0, 66.0, 78.0, 70.0, 31.0, 61.0, 74.0, 48.0, 44.0, 58.0, 20.0, 25.0, 51.0, 39.0, 52.0, 68.0, 38.0, 57.0, 72.0, 94.0, 32.0, 71.0, 41.0, 60.0, 36.0, 36.0, 53.0, 33.0, 59.0, 29.0, 44.0, 79.0, 27.0, 60.0, 27.0, 28.0, 45.0, 68.0, 39.0, 56.0, 11.0, 43.0, 21.0, 46.0, 45.0, 52.0, 70.0, 55.0, 34.0, 39.0, 51.0, 50.0, 43.0, 34.0, 85.0, 35.0, 63.0, 63.0, 62.0, 36.0, 25.0, 46.0, 50.0, 25.0, 60.0, 69.0, 59.0, 49.0, 61.0, 38.0, 83.0, 49.0, 58.0, 3.0, 52.0, 31.0, 48.0, 41.0, 39.0, 55.0, 17.0, 55.0, 33.0, 53.0, 17.0, 70.0, 55.0, 28.0, 41.0, 35.0, 34.0, 5.0], [103.0, 103.0, 124.0, 103.0, 103.0, 103.0, 124.0, 124.0, 124.0, 103.0, 73.0, 32.0, 86.0, 17.0, 31.0, 0.0, 93.0, 102.0, 17.0, 35.0, 83.0, 94.0, 56.0, 85.0, 73.0, 56.0, 42.0, 59.0, 36.0, 45.0, 20.0, 46.0, 27.0, 86.0, 16.0, 33.0, 92.0, 92.0, 58.0, 91.0, 72.0, 54.0, 49.0, 67.0, 36.0, 49.0, 33.0, 59.0, 54.0, 73.0, 4.0, 83.0, 55.0, 8.0, 62.0, 76.0, 39.0, 27.0, 24.0, 64.0, 15.0, 19.0, 19.0, 22.0, 40.0, 29.0, 11.0, 63.0, 40.0, 42.0, 65.0, 62.0, 90.0, 37.0, 88.0, 88.0, 31.0, 47.0, 33.0, 64.0, 46.0, 47.0, 51.0, 74.0, 75.0, 62.0, 67.0, 63.0, 109.0, 18.0, 78.0, 29.0, 22.0, 51.0, 62.0, 72.0, 15.0, 84.0, 21.0, 76.0, 16.0, 30.0, 37.0, 60.0, 84.0, 26.0, 56.0, 64.0, 18.0, 27.0], [97.0, 97.0, 36.0, 97.0, 97.0, 97.0, 36.0, 36.0, 36.0, 97.0, 20.0, 122.0, 14.0, 104.0, 70.0, 93.0, 0.0, 10.0, 77.0, 124.0, 53.0, 1.0, 80.0, 10.0, 66.0, 48.0, 66.0, 60.0, 58.0, 86.0, 109.0, 105.0, 120.0, 19.0, 89.0, 125.0, 12.0, 80.0, 38.0, 12.0, 57.0, 72.0, 99.0, 49.0, 122.0, 94.0, 126.0, 67.0, 47.0, 79.0, 90.0, 11.0, 72.0, 95.0, 101.0, 48.0, 107.0, 109.0, 70.0, 94.0, 78.0, 98.0, 97.0, 115.0, 133.0, 102.0, 89.0, 31.0, 121.0, 75.0, 92.0, 74.0, 58.0, 63.0, 9.0, 10.0, 122.0, 100.0, 93.0, 100.0, 67.0, 47.0, 77.0, 51.0, 111.0, 108.0, 50.0, 85.0, 19.0, 111.0, 18.0, 70.0, 114.0, 42.0, 107.0, 44.0, 92.0, 30.0, 72.0, 18.0, 84.0, 96.0, 57.0, 82.0, 29.0, 98.0, 101.0, 42.0, 103.0, 74.0], [105.0, 105.0, 27.0, 105.0, 105.0, 105.0, 27.0, 27.0, 27.0, 105.0, 29.0, 131.0, 18.0, 112.0, 77.0, 102.0, 10.0, 0.0, 86.0, 133.0, 61.0, 10.0, 84.0, 17.0, 75.0, 58.0, 76.0, 70.0, 66.0, 92.0, 119.0, 111.0, 128.0, 28.0, 99.0, 133.0, 20.0, 88.0, 46.0, 20.0, 60.0, 81.0, 104.0, 53.0, 130.0, 100.0, 135.0, 71.0, 57.0, 89.0, 99.0, 20.0, 77.0, 103.0, 106.0, 57.0, 114.0, 118.0, 78.0, 98.0, 87.0, 107.0, 107.0, 123.0, 142.0, 111.0, 98.0, 39.0, 128.0, 85.0, 96.0, 78.0, 65.0, 72.0, 15.0, 15.0, 131.0, 106.0, 100.0, 105.0, 77.0, 55.0, 87.0, 60.0, 115.0, 112.0, 60.0, 89.0, 10.0, 120.0, 28.0, 77.0, 123.0, 51.0, 112.0, 47.0, 101.0, 31.0, 81.0, 28.0, 94.0, 106.0, 66.0, 92.0, 30.0, 106.0, 105.0, 47.0, 111.0, 82.0], [91.0, 91.0, 109.0, 91.0, 91.0, 91.0, 109.0, 109.0, 109.0, 91.0, 57.0, 46.0, 70.0, 32.0, 24.0, 17.0, 77.0, 86.0, 0.0, 48.0, 67.0, 77.0, 54.0, 69.0, 59.0, 39.0, 27.0, 44.0, 20.0, 46.0, 33.0, 53.0, 45.0, 69.0, 16.0, 51.0, 75.0, 78.0, 43.0, 74.0, 63.0, 41.0, 54.0, 56.0, 52.0, 53.0, 51.0, 53.0, 36.0, 61.0, 15.0, 66.0, 50.0, 21.0, 65.0, 59.0, 49.0, 35.0, 13.0, 65.0, 4.0, 24.0, 23.0, 38.0, 56.0, 32.0, 13.0, 47.0, 54.0, 30.0, 66.0, 58.0, 74.0, 20.0, 72.0, 72.0, 45.0, 53.0, 39.0, 67.0, 32.0, 31.0, 39.0, 58.0, 79.0, 67.0, 51.0, 61.0, 93.0, 34.0, 61.0, 21.0, 37.0, 35.0, 67.0, 60.0, 17.0, 71.0, 7.0, 59.0, 10.0, 29.0, 22.0, 49.0, 70.0, 36.0, 61.0, 52.0, 33.0, 22.0], [106.0, 106.0, 156.0, 106.0, 106.0, 106.0, 156.0, 156.0, 156.0, 106.0, 104.0, 4.0, 118.0, 41.0, 66.0, 35.0, 124.0, 133.0, 48.0, 0.0, 101.0, 124.0, 90.0, 116.0, 86.0, 79.0, 61.0, 76.0, 68.0, 78.0, 15.0, 72.0, 30.0, 113.0, 34.0, 34.0, 120.0, 99.0, 91.0, 119.0, 107.0, 66.0, 78.0, 102.0, 46.0, 80.0, 29.0, 94.0, 79.0, 80.0, 40.0, 113.0, 90.0, 40.0, 91.0, 95.0, 63.0, 15.0, 59.0, 96.0, 48.0, 26.0, 26.0, 18.0, 16.0, 25.0, 36.0, 95.0, 55.0, 56.0, 97.0, 97.0, 106.0, 61.0, 119.0, 120.0, 7.0, 76.0, 64.0, 94.0, 63.0, 79.0, 60.0, 93.0, 103.0, 89.0, 87.0, 96.0, 141.0, 19.0, 106.0, 65.0, 17.0, 83.0, 89.0, 107.0, 32.0, 119.0, 54.0, 105.0, 39.0, 32.0, 70.0, 66.0, 118.0, 54.0, 86.0, 99.0, 42.0, 62.0], [44.0, 44.0, 87.0, 44.0, 44.0, 44.0, 87.0, 87.0, 87.0, 44.0, 50.0, 101.0, 60.0, 99.0, 78.0, 83.0, 53.0, 61.0, 67.0, 101.0, 0.0, 52.0, 102.0, 54.0, 17.0, 30.0, 42.0, 25.0, 58.0, 102.0, 90.0, 116.0, 110.0, 33.0, 71.0, 116.0, 41.0, 27.0, 58.0, 41.0, 92.0, 34.0, 113.0, 82.0, 119.0, 111.0, 115.0, 93.0, 34.0, 31.0, 82.0, 48.0, 95.0, 89.0, 122.0, 9.0, 114.0, 85.0, 70.0, 117.0, 71.0, 77.0, 76.0, 99.0, 115.0, 76.0, 74.0, 53.0, 122.0, 45.0, 117.0, 101.0, 8.0, 47.0, 57.0, 58.0, 102.0, 114.0, 102.0, 122.0, 38.0, 55.0, 41.0, 9.0, 134.0, 126.0, 17.0, 110.0, 71.0, 96.0, 39.0, 76.0, 98.0, 51.0, 125.0, 80.0, 74.0, 75.0, 68.0, 42.0, 69.0, 69.0, 61.0, 40.0, 73.0, 101.0, 118.0, 72.0, 100.0, 80.0], [96.0, 96.0, 37.0, 96.0, 96.0, 96.0, 37.0, 37.0, 37.0, 96.0, 21.0, 122.0, 15.0, 104.0, 70.0, 94.0, 1.0, 10.0, 77.0, 124.0, 52.0, 0.0, 80.0, 11.0, 65.0, 48.0, 66.0, 60.0, 58.0, 86.0, 109.0, 106.0, 120.0, 18.0, 89.0, 125.0, 11.0, 79.0, 38.0, 11.0, 58.0, 71.0, 99.0, 50.0, 123.0, 95.0, 126.0, 68.0, 47.0, 79.0, 90.0, 11.0, 73.0, 95.0, 102.0, 47.0, 108.0, 109.0, 70.0, 94.0, 78.0, 98.0, 97.0, 115.0, 133.0, 102.0, 89.0, 31.0, 121.0, 75.0, 93.0, 75.0, 57.0, 63.0, 10.0, 11.0, 122.0, 101.0, 94.0, 101.0, 67.0, 47.0, 77.0, 51.0, 112.0, 108.0, 50.0, 86.0, 20.0, 111.0, 18.0, 70.0, 114.0, 42.0, 108.0, 45.0, 92.0, 31.0, 73.0, 18.0, 84.0, 96.0, 57.0, 82.0, 30.0, 99.0, 101.0, 43.0, 104.0, 75.0], [138.0, 138.0, 95.0, 138.0, 138.0, 138.0, 95.0, 95.0, 95.0, 138.0, 63.0, 87.0, 66.0, 51.0, 31.0, 56.0, 80.0, 84.0, 54.0, 90.0, 102.0, 80.0, 0.0, 70.0, 102.0, 74.0, 74.0, 87.0, 48.0, 13.0, 76.0, 32.0, 68.0, 85.0, 68.0, 71.0, 85.0, 122.0, 46.0, 85.0, 27.0, 89.0, 22.0, 31.0, 61.0, 18.0, 74.0, 13.0, 69.0, 108.0, 53.0, 72.0, 7.0, 50.0, 22.0, 93.0, 38.0, 83.0, 42.0, 15.0, 51.0, 74.0, 73.0, 73.0, 89.0, 83.0, 62.0, 54.0, 54.0, 81.0, 14.0, 8.0, 110.0, 65.0, 71.0, 70.0, 85.0, 25.0, 28.0, 21.0, 79.0, 47.0, 90.0, 94.0, 33.0, 28.0, 87.0, 8.0, 86.0, 71.0, 73.0, 33.0, 74.0, 51.0, 28.0, 37.0, 68.0, 54.0, 48.0, 70.0, 63.0, 83.0, 44.0, 100.0, 55.0, 38.0, 22.0, 38.0, 50.0, 32.0], [98.0, 98.0, 41.0, 98.0, 98.0, 98.0, 41.0, 41.0, 41.0, 98.0, 12.0, 115.0, 6.0, 95.0, 61.0, 85.0, 10.0, 17.0, 69.0, 116.0, 54.0, 11.0, 70.0, 0.0, 65.0, 44.0, 61.0, 57.0, 49.0, 76.0, 102.0, 96.0, 111.0, 22.0, 82.0, 116.0, 18.0, 81.0, 29.0, 17.0, 48.0, 68.0, 89.0, 40.0, 113.0, 85.0, 118.0, 57.0, 42.0, 78.0, 81.0, 6.0, 62.0, 86.0, 92.0, 48.0, 98.0, 102.0, 61.0, 84.0, 70.0, 91.0, 90.0, 106.0, 125.0, 95.0, 81.0, 22.0, 111.0, 70.0, 83.0, 64.0, 60.0, 56.0, 3.0, 5.0, 114.0, 91.0, 84.0, 91.0, 63.0, 38.0, 73.0, 51.0, 101.0, 98.0, 49.0, 75.0, 25.0, 103.0, 15.0, 60.0, 106.0, 34.0, 97.0, 35.0, 84.0, 23.0, 64.0, 14.0, 77.0, 90.0, 48.0, 79.0, 21.0, 89.0, 91.0, 32.0, 94.0, 65.0], [37.0, 37.0, 101.0, 37.0, 37.0, 37.0, 101.0, 101.0, 101.0, 37.0, 58.0, 87.0, 70.0, 90.0, 74.0, 73.0, 66.0, 75.0, 59.0, 86.0, 17.0, 65.0, 102.0, 65.0, 0.0, 28.0, 32.0, 15.0, 54.0, 99.0, 77.0, 111.0, 99.0, 47.0, 59.0, 105.0, 56.0, 21.0, 62.0, 55.0, 96.0, 20.0, 109.0, 86.0, 109.0, 107.0, 103.0, 94.0, 33.0, 14.0, 72.0, 59.0, 95.0, 80.0, 119.0, 18.0, 107.0, 71.0, 64.0, 116.0, 62.0, 64.0, 63.0, 87.0, 101.0, 61.0, 63.0, 58.0, 113.0, 32.0, 116.0, 101.0, 20.0, 40.0, 68.0, 70.0, 88.0, 109.0, 96.0, 120.0, 27.0, 55.0, 26.0, 15.0, 132.0, 122.0, 17.0, 109.0, 85.0, 83.0, 50.0, 72.0, 86.0, 52.0, 122.0, 85.0, 62.0, 83.0, 61.0, 52.0, 58.0, 54.0, 58.0, 22.0, 82.0, 94.0, 115.0, 76.0, 91.0, 75.0], [65.0, 65.0, 84.0, 65.0, 65.0, 65.0, 84.0, 84.0, 84.0, 65.0, 34.0, 79.0, 48.0, 71.0, 48.0, 56.0, 48.0, 58.0, 39.0, 79.0, 30.0, 48.0, 74.0, 44.0, 28.0, 0.0, 19.0, 15.0, 28.0, 72.0, 67.0, 87.0, 83.0, 34.0, 46.0, 89.0, 42.0, 49.0, 34.0, 41.0, 68.0, 24.0, 84.0, 58.0, 91.0, 81.0, 89.0, 66.0, 5.0, 38.0, 54.0, 39.0, 67.0, 60.0, 92.0, 21.0, 84.0, 64.0, 40.0, 88.0, 42.0, 54.0, 53.0, 74.0, 91.0, 56.0, 48.0, 31.0, 93.0, 27.0, 88.0, 73.0, 37.0, 19.0, 47.0, 49.0, 79.0, 84.0, 72.0, 93.0, 19.0, 27.0, 29.0, 21.0, 105.0, 96.0, 13.0, 82.0, 67.0, 70.0, 30.0, 46.0, 74.0, 24.0, 96.0, 57.0, 49.0, 58.0, 39.0, 31.0, 43.0, 49.0, 31.0, 36.0, 57.0, 72.0, 89.0, 48.0, 71.0, 50.0], [66.0, 66.0, 102.0, 66.0, 66.0, 66.0, 102.0, 102.0, 102.0, 66.0, 50.0, 61.0, 64.0, 58.0, 44.0, 42.0, 66.0, 76.0, 27.0, 61.0, 42.0, 66.0, 74.0, 61.0, 32.0, 19.0, 0.0, 18.0, 27.0, 69.0, 49.0, 79.0, 68.0, 53.0, 29.0, 74.0, 60.0, 52.0, 44.0, 59.0, 74.0, 15.0, 79.0, 65.0, 78.0, 77.0, 73.0, 69.0, 19.0, 35.0, 40.0, 56.0, 69.0, 48.0, 89.0, 35.0, 76.0, 46.0, 34.0, 87.0, 30.0, 36.0, 35.0, 58.0, 74.0, 37.0, 32.0, 44.0, 81.0, 9.0, 87.0, 75.0, 49.0, 9.0, 64.0, 65.0, 61.0, 78.0, 65.0, 90.0, 6.0, 33.0, 16.0, 33.0, 103.0, 92.0, 26.0, 82.0, 85.0, 54.0, 48.0, 42.0, 57.0, 33.0, 91.0, 67.0, 32.0, 71.0, 30.0, 48.0, 27.0, 31.0, 31.0, 26.0, 70.0, 62.0, 85.0, 57.0, 59.0, 44.0], [52.0, 52.0, 96.0, 52.0, 52.0, 52.0, 96.0, 96.0, 96.0, 52.0, 48.0, 77.0, 62.0, 76.0, 58.0, 59.0, 60.0, 70.0, 44.0, 76.0, 25.0, 60.0, 87.0, 57.0, 15.0, 15.0, 18.0, 0.0, 39.0, 83.0, 66.0, 96.0, 85.0, 43.0, 47.0, 92.0, 52.0, 36.0, 49.0, 51.0, 82.0, 12.0, 94.0, 72.0, 95.0, 92.0, 91.0, 79.0, 19.0, 23.0, 58.0, 52.0, 80.0, 65.0, 104.0, 19.0, 92.0, 61.0, 49.0, 101.0, 48.0, 52.0, 52.0, 75.0, 90.0, 51.0, 50.0, 46.0, 98.0, 21.0, 100.0, 87.0, 31.0, 25.0, 60.0, 62.0, 77.0, 94.0, 81.0, 104.0, 14.0, 41.0, 18.0, 16.0, 117.0, 107.0, 11.0, 94.0, 79.0, 71.0, 43.0, 56.0, 74.0, 39.0, 107.0, 72.0, 49.0, 73.0, 46.0, 43.0, 44.0, 45.0, 43.0, 22.0, 71.0, 79.0, 100.0, 63.0, 76.0, 60.0], [90.0, 90.0, 89.0, 90.0, 90.0, 90.0, 89.0, 89.0, 89.0, 90.0, 37.0, 66.0, 50.0, 47.0, 20.0, 36.0, 58.0, 66.0, 20.0, 68.0, 58.0, 58.0, 48.0, 49.0, 54.0, 28.0, 27.0, 39.0, 0.0, 45.0, 53.0, 59.0, 62.0, 52.0, 34.0, 68.0, 57.0, 75.0, 23.0, 55.0, 48.0, 42.0, 56.0, 40.0, 67.0, 53.0, 69.0, 42.0, 24.0, 61.0, 32.0, 47.0, 42.0, 37.0, 65.0, 49.0, 57.0, 54.0, 14.0, 61.0, 21.0, 43.0, 42.0, 57.0, 75.0, 49.0, 32.0, 27.0, 67.0, 35.0, 61.0, 49.0, 65.0, 17.0, 52.0, 52.0, 65.0, 56.0, 44.0, 65.0, 32.0, 12.0, 43.0, 49.0, 78.0, 68.0, 41.0, 56.0, 73.0, 53.0, 42.0, 18.0, 57.0, 16.0, 68.0, 43.0, 36.0, 52.0, 15.0, 40.0, 29.0, 45.0, 4.0, 53.0, 51.0, 45.0, 61.0, 34.0, 47.0, 22.0], [134.0, 134.0, 105.0, 134.0, 134.0, 134.0, 105.0, 105.0, 105.0, 134.0, 67.0, 74.0, 73.0, 38.0, 25.0, 45.0, 86.0, 92.0, 46.0, 78.0, 102.0, 86.0, 13.0, 76.0, 99.0, 72.0, 69.0, 83.0, 45.0, 0.0, 64.0, 20.0, 55.0, 89.0, 58.0, 57.0, 90.0, 119.0, 50.0, 89.0, 39.0, 84.0, 13.0, 40.0, 48.0, 9.0, 61.0, 23.0, 68.0, 104.0, 42.0, 77.0, 17.0, 38.0, 20.0, 93.0, 25.0, 72.0, 36.0, 19.0, 43.0, 64.0, 63.0, 61.0, 76.0, 73.0, 52.0, 57.0, 41.0, 75.0, 20.0, 21.0, 110.0, 60.0, 77.0, 77.0, 72.0, 15.0, 15.0, 21.0, 75.0, 47.0, 84.0, 93.0, 34.0, 24.0, 86.0, 18.0, 95.0, 59.0, 77.0, 27.0, 62.0, 52.0, 24.0, 47.0, 58.0, 63.0, 40.0, 74.0, 54.0, 73.0, 41.0, 94.0, 64.0, 25.0, 17.0, 45.0, 37.0, 25.0], [101.0, 101.0, 142.0, 101.0, 101.0, 101.0, 142.0, 142.0, 142.0, 101.0, 90.0, 13.0, 103.0, 29.0, 51.0, 20.0, 109.0, 119.0, 33.0, 15.0, 90.0, 109.0, 76.0, 102.0, 77.0, 67.0, 49.0, 66.0, 53.0, 64.0, 0.0, 61.0, 25.0, 100.0, 20.0, 30.0, 106.0, 93.0, 76.0, 105.0, 92.0, 57.0, 66.0, 87.0, 40.0, 67.0, 27.0, 79.0, 66.0, 73.0, 24.0, 99.0, 75.0, 26.0, 79.0, 84.0, 52.0, 10.0, 43.0, 82.0, 33.0, 14.0, 14.0, 10.0, 24.0, 18.0, 21.0, 80.0, 47.0, 46.0, 84.0, 82.0, 96.0, 48.0, 104.0, 105.0, 12.0, 64.0, 51.0, 81.0, 52.0, 64.0, 52.0, 82.0, 92.0, 78.0, 75.0, 82.0, 126.0, 8.0, 93.0, 49.0, 9.0, 68.0, 78.0, 92.0, 18.0, 103.0, 39.0, 91.0, 25.0, 24.0, 55.0, 59.0, 103.0, 42.0, 73.0, 84.0, 30.0, 47.0], [145.0, 145.0, 126.0, 145.0, 145.0, 145.0, 126.0, 126.0, 126.0, 145.0, 86.0, 68.0, 93.0, 32.0, 39.0, 46.0, 105.0, 111.0, 53.0, 72.0, 116.0, 106.0, 32.0, 96.0, 111.0, 87.0, 79.0, 96.0, 59.0, 20.0, 61.0, 0.0, 44.0, 107.0, 61.0, 45.0, 109.0, 131.0, 68.0, 108.0, 58.0, 94.0, 10.0, 60.0, 33.0, 14.0, 49.0, 43.0, 83.0, 114.0, 44.0, 96.0, 37.0, 38.0, 20.0, 107.0, 9.0, 70.0, 47.0, 28.0, 50.0, 65.0, 64.0, 54.0, 66.0, 74.0, 55.0, 76.0, 24.0, 83.0, 30.0, 40.0, 124.0, 71.0, 97.0, 97.0, 65.0, 7.0, 15.0, 23.0, 85.0, 64.0, 93.0, 107.0, 31.0, 17.0, 100.0, 33.0, 115.0, 54.0, 95.0, 41.0, 55.0, 69.0, 17.0, 67.0, 60.0, 84.0, 50.0, 93.0, 59.0, 76.0, 56.0, 103.0, 84.0, 20.0, 15.0, 65.0, 31.0, 37.0], [125.0, 125.0, 148.0, 125.0, 125.0, 125.0, 148.0, 148.0, 148.0, 125.0, 99.0, 26.0, 111.0, 18.0, 52.0, 27.0, 120.0, 128.0, 45.0, 30.0, 110.0, 120.0, 68.0, 111.0, 99.0, 83.0, 68.0, 85.0, 62.0, 55.0, 25.0, 44.0, 0.0, 114.0, 39.0, 6.0, 119.0, 116.0, 83.0, 118.0, 90.0, 79.0, 52.0, 87.0, 16.0, 55.0, 7.0, 75.0, 81.0, 96.0, 30.0, 109.0, 70.0, 25.0, 64.0, 102.0, 35.0, 35.0, 50.0, 70.0, 42.0, 36.0, 36.0, 14.0, 22.0, 43.0, 36.0, 89.0, 25.0, 67.0, 72.0, 76.0, 117.0, 64.0, 113.0, 114.0, 23.0, 49.0, 40.0, 67.0, 72.0, 73.0, 74.0, 101.0, 75.0, 61.0, 94.0, 73.0, 134.0, 17.0, 105.0, 52.0, 16.0, 78.0, 62.0, 93.0, 37.0, 108.0, 48.0, 103.0, 41.0, 48.0, 63.0, 82.0, 107.0, 30.0, 59.0, 87.0, 19.0, 48.0], [78.0, 78.0, 54.0, 78.0, 78.0, 78.0, 54.0, 54.0, 54.0, 78.0, 23.0, 112.0, 28.0, 99.0, 68.0, 86.0, 19.0, 28.0, 69.0, 113.0, 33.0, 18.0, 85.0, 22.0, 47.0, 34.0, 53.0, 43.0, 52.0, 89.0, 100.0, 107.0, 114.0, 0.0, 79.0, 119.0, 9.0, 61.0, 39.0, 8.0, 67.0, 55.0, 101.0, 58.0, 119.0, 98.0, 120.0, 73.0, 34.0, 61.0, 83.0, 17.0, 78.0, 89.0, 106.0, 29.0, 107.0, 98.0, 65.0, 100.0, 71.0, 87.0, 87.0, 106.0, 124.0, 90.0, 80.0, 31.0, 118.0, 61.0, 99.0, 81.0, 39.0, 52.0, 24.0, 26.0, 112.0, 103.0, 93.0, 106.0, 53.0, 43.0, 61.0, 32.0, 117.0, 112.0, 33.0, 91.0, 38.0, 103.0, 12.0, 67.0, 106.0, 38.0, 111.0, 54.0, 82.0, 44.0, 66.0, 15.0, 75.0, 83.0, 53.0, 65.0, 43.0, 96.0, 104.0, 49.0, 99.0, 72.0], [88.0, 88.0, 123.0, 88.0, 88.0, 88.0, 123.0, 123.0, 123.0, 88.0, 70.0, 33.0, 84.0, 33.0, 38.0, 16.0, 89.0, 99.0, 16.0, 34.0, 71.0, 89.0, 68.0, 82.0, 59.0, 46.0, 29.0, 47.0, 34.0, 58.0, 20.0, 61.0, 39.0, 79.0, 0.0, 45.0, 86.0, 77.0, 57.0, 85.0, 78.0, 40.0, 64.0, 72.0, 51.0, 63.0, 44.0, 68.0, 45.0, 58.0, 17.0, 79.0, 65.0, 24.0, 76.0, 64.0, 55.0, 20.0, 28.0, 77.0, 17.0, 9.0, 8.0, 28.0, 45.0, 16.0, 6.0, 61.0, 56.0, 27.0, 78.0, 72.0, 78.0, 28.0, 85.0, 86.0, 32.0, 62.0, 48.0, 78.0, 33.0, 46.0, 36.0, 62.0, 90.0, 77.0, 56.0, 75.0, 107.0, 24.0, 72.0, 36.0, 27.0, 49.0, 77.0, 76.0, 3.0, 86.0, 23.0, 71.0, 6.0, 15.0, 37.0, 44.0, 85.0, 42.0, 71.0, 67.0, 34.0, 36.0], [131.0, 131.0, 153.0, 131.0, 131.0, 131.0, 153.0, 153.0, 153.0, 131.0, 105.0, 29.0, 116.0, 22.0, 57.0, 33.0, 125.0, 133.0, 51.0, 34.0, 116.0, 125.0, 71.0, 116.0, 105.0, 89.0, 74.0, 92.0, 68.0, 57.0, 30.0, 45.0, 6.0, 119.0, 45.0, 0.0, 124.0, 122.0, 88.0, 123.0, 93.0, 85.0, 53.0, 91.0, 13.0, 56.0, 5.0, 79.0, 87.0, 102.0, 36.0, 114.0, 73.0, 31.0, 65.0, 109.0, 36.0, 40.0, 55.0, 71.0, 48.0, 42.0, 42.0, 20.0, 23.0, 48.0, 42.0, 94.0, 23.0, 73.0, 73.0, 78.0, 123.0, 70.0, 118.0, 119.0, 27.0, 50.0, 43.0, 68.0, 78.0, 79.0, 81.0, 107.0, 75.0, 61.0, 100.0, 74.0, 139.0, 23.0, 110.0, 56.0, 21.0, 83.0, 61.0, 97.0, 43.0, 112.0, 53.0, 108.0, 48.0, 54.0, 68.0, 88.0, 112.0, 33.0, 59.0, 91.0, 23.0, 52.0], [85.0, 85.0, 46.0, 85.0, 85.0, 85.0, 46.0, 46.0, 46.0, 85.0, 23.0, 119.0, 23.0, 104.0, 72.0, 92.0, 12.0, 20.0, 75.0, 120.0, 41.0, 11.0, 85.0, 18.0, 56.0, 42.0, 60.0, 52.0, 57.0, 90.0, 106.0, 109.0, 119.0, 9.0, 86.0, 124.0, 0.0, 69.0, 41.0, 1.0, 66.0, 64.0, 103.0, 57.0, 123.0, 99.0, 125.0, 73.0, 41.0, 69.0, 89.0, 14.0, 78.0, 94.0, 107.0, 37.0, 110.0, 105.0, 70.0, 100.0, 77.0, 94.0, 93.0, 112.0, 130.0, 97.0, 86.0, 33.0, 122.0, 68.0, 99.0, 81.0, 46.0, 59.0, 19.0, 21.0, 118.0, 105.0, 96.0, 106.0, 61.0, 47.0, 70.0, 41.0, 118.0, 113.0, 41.0, 91.0, 29.0, 109.0, 14.0, 71.0, 112.0, 42.0, 112.0, 52.0, 88.0, 40.0, 71.0, 16.0, 81.0, 91.0, 57.0, 73.0, 38.0, 100.0, 106.0, 48.0, 104.0, 76.0], [17.0, 17.0, 114.0, 17.0, 17.0, 17.0, 114.0, 114.0, 114.0, 17.0, 76.0, 101.0, 87.0, 109.0, 94.0, 92.0, 80.0, 88.0, 78.0, 99.0, 27.0, 79.0, 122.0, 81.0, 21.0, 49.0, 52.0, 36.0, 75.0, 119.0, 93.0, 131.0, 116.0, 61.0, 77.0, 122.0, 69.0, 0.0, 82.0, 68.0, 116.0, 38.0, 130.0, 106.0, 127.0, 128.0, 120.0, 115.0, 53.0, 20.0, 91.0, 75.0, 116.0, 98.0, 140.0, 34.0, 127.0, 85.0, 85.0, 136.0, 82.0, 80.0, 80.0, 103.0, 115.0, 75.0, 81.0, 77.0, 132.0, 50.0, 136.0, 122.0, 23.0, 60.0, 84.0, 86.0, 102.0, 130.0, 116.0, 140.0, 46.0, 76.0, 41.0, 31.0, 153.0, 143.0, 36.0, 130.0, 98.0, 100.0, 66.0, 92.0, 102.0, 73.0, 143.0, 104.0, 79.0, 101.0, 81.0, 69.0, 76.0, 69.0, 79.0, 34.0, 99.0, 114.0, 136.0, 96.0, 110.0, 95.0], [99.0, 99.0, 66.0, 99.0, 99.0, 99.0, 66.0, 66.0, 66.0, 99.0, 18.0, 89.0, 28.0, 66.0, 32.0, 58.0, 38.0, 46.0, 43.0, 91.0, 58.0, 38.0, 46.0, 29.0, 62.0, 34.0, 44.0, 49.0, 23.0, 50.0, 76.0, 68.0, 83.0, 39.0, 57.0, 88.0, 41.0, 82.0, 0.0, 40.0, 34.0, 56.0, 62.0, 24.0, 84.0, 59.0, 89.0, 35.0, 29.0, 72.0, 54.0, 28.0, 39.0, 58.0, 67.0, 49.0, 70.0, 78.0, 33.0, 61.0, 43.0, 66.0, 65.0, 79.0, 98.0, 72.0, 55.0, 8.0, 82.0, 53.0, 60.0, 43.0, 66.0, 36.0, 31.0, 31.0, 88.0, 64.0, 56.0, 67.0, 48.0, 12.0, 59.0, 51.0, 79.0, 73.0, 45.0, 53.0, 52.0, 76.0, 28.0, 32.0, 79.0, 11.0, 72.0, 24.0, 59.0, 29.0, 37.0, 25.0, 52.0, 68.0, 21.0, 68.0, 28.0, 60.0, 65.0, 14.0, 66.0, 36.0], [85.0, 85.0, 47.0, 85.0, 85.0, 85.0, 47.0, 47.0, 47.0, 85.0, 22.0, 118.0, 23.0, 103.0, 71.0, 91.0, 12.0, 20.0, 74.0, 119.0, 41.0, 11.0, 85.0, 17.0, 55.0, 41.0, 59.0, 51.0, 55.0, 89.0, 105.0, 108.0, 118.0, 8.0, 85.0, 123.0, 1.0, 68.0, 40.0, 0.0, 65.0, 62.0, 102.0, 56.0, 122.0, 98.0, 124.0, 72.0, 40.0, 68.0, 87.0, 13.0, 77.0, 93.0, 106.0, 36.0, 109.0, 104.0, 69.0, 99.0, 75.0, 93.0, 92.0, 111.0, 129.0, 96.0, 85.0, 32.0, 121.0, 67.0, 98.0, 80.0, 45.0, 57.0, 19.0, 21.0, 117.0, 104.0, 95.0, 106.0, 59.0, 46.0, 68.0, 40.0, 117.0, 112.0, 40.0, 90.0, 30.0, 107.0, 13.0, 70.0, 111.0, 41.0, 111.0, 51.0, 87.0, 40.0, 70.0, 15.0, 80.0, 90.0, 56.0, 72.0, 38.0, 99.0, 105.0, 47.0, 102.0, 75.0], [132.0, 132.0, 69.0, 132.0, 132.0, 132.0, 69.0, 69.0, 69.0, 132.0, 45.0, 104.0, 44.0, 72.0, 41.0, 72.0, 57.0, 60.0, 63.0, 107.0, 92.0, 58.0, 27.0, 48.0, 96.0, 68.0, 74.0, 82.0, 48.0, 39.0, 92.0, 58.0, 90.0, 67.0, 78.0, 93.0, 66.0, 116.0, 34.0, 65.0, 0.0, 88.0, 49.0, 10.0, 85.0, 45.0, 97.0, 15.0, 63.0, 105.0, 68.0, 52.0, 22.0, 68.0, 48.0, 83.0, 64.0, 97.0, 50.0, 38.0, 61.0, 87.0, 86.0, 92.0, 109.0, 95.0, 74.0, 39.0, 80.0, 83.0, 37.0, 19.0, 99.0, 65.0, 48.0, 47.0, 102.0, 52.0, 52.0, 46.0, 79.0, 42.0, 91.0, 85.0, 55.0, 54.0, 79.0, 29.0, 61.0, 89.0, 56.0, 43.0, 92.0, 43.0, 54.0, 14.0, 79.0, 29.0, 56.0, 53.0, 73.0, 92.0, 44.0, 100.0, 30.0, 61.0, 48.0, 20.0, 71.0, 45.0], [50.0, 50.0, 108.0, 50.0, 50.0, 50.0, 108.0, 108.0, 108.0, 50.0, 58.0, 67.0, 72.0, 71.0, 60.0, 54.0, 72.0, 81.0, 41.0, 66.0, 34.0, 71.0, 89.0, 68.0, 20.0, 24.0, 15.0, 12.0, 42.0, 84.0, 57.0, 94.0, 79.0, 55.0, 40.0, 85.0, 64.0, 38.0, 56.0, 62.0, 88.0, 0.0, 94.0, 79.0, 90.0, 92.0, 83.0, 84.0, 28.0, 20.0, 54.0, 63.0, 84.0, 61.0, 105.0, 30.0, 90.0, 51.0, 49.0, 102.0, 45.0, 44.0, 43.0, 67.0, 81.0, 41.0, 44.0, 54.0, 94.0, 12.0, 103.0, 90.0, 39.0, 25.0, 71.0, 73.0, 68.0, 94.0, 80.0, 106.0, 10.0, 47.0, 6.0, 27.0, 118.0, 107.0, 23.0, 97.0, 91.0, 63.0, 54.0, 57.0, 66.0, 46.0, 107.0, 80.0, 42.0, 82.0, 45.0, 54.0, 39.0, 35.0, 46.0, 12.0, 80.0, 77.0, 100.0, 70.0, 72.0, 60.0], [144.0, 144.0, 117.0, 144.0, 144.0, 144.0, 117.0, 117.0, 117.0, 144.0, 80.0, 74.0, 86.0, 38.0, 36.0, 49.0, 99.0, 104.0, 54.0, 78.0, 113.0, 99.0, 22.0, 89.0, 109.0, 84.0, 79.0, 94.0, 56.0, 13.0, 66.0, 10.0, 52.0, 101.0, 64.0, 53.0, 103.0, 130.0, 62.0, 102.0, 49.0, 94.0, 0.0, 52.0, 42.0, 5.0, 57.0, 35.0, 80.0, 114.0, 47.0, 90.0, 28.0, 41.0, 13.0, 104.0, 18.0, 75.0, 45.0, 18.0, 50.0, 68.0, 68.0, 61.0, 74.0, 78.0, 58.0, 70.0, 34.0, 84.0, 20.0, 31.0, 121.0, 70.0, 90.0, 90.0, 72.0, 3.0, 16.0, 15.0, 84.0, 60.0, 93.0, 105.0, 26.0, 13.0, 97.0, 23.0, 107.0, 60.0, 90.0, 38.0, 62.0, 65.0, 13.0, 59.0, 63.0, 76.0, 49.0, 87.0, 61.0, 79.0, 53.0, 103.0, 76.0, 24.0, 7.0, 57.0, 36.0, 34.0], [123.0, 123.0, 65.0, 123.0, 123.0, 123.0, 65.0, 65.0, 65.0, 123.0, 35.0, 99.0, 36.0, 70.0, 36.0, 67.0, 49.0, 53.0, 56.0, 102.0, 82.0, 50.0, 31.0, 40.0, 86.0, 58.0, 65.0, 72.0, 40.0, 40.0, 87.0, 60.0, 87.0, 58.0, 72.0, 91.0, 57.0, 106.0, 24.0, 56.0, 10.0, 79.0, 52.0, 0.0, 85.0, 48.0, 94.0, 18.0, 53.0, 96.0, 63.0, 43.0, 24.0, 64.0, 53.0, 73.0, 65.0, 91.0, 44.0, 44.0, 55.0, 80.0, 80.0, 88.0, 106.0, 88.0, 68.0, 29.0, 80.0, 74.0, 43.0, 25.0, 89.0, 57.0, 40.0, 39.0, 98.0, 55.0, 52.0, 51.0, 70.0, 32.0, 82.0, 75.0, 62.0, 59.0, 69.0, 35.0, 55.0, 85.0, 47.0, 38.0, 88.0, 34.0, 59.0, 7.0, 73.0, 24.0, 49.0, 44.0, 67.0, 85.0, 36.0, 91.0, 24.0, 60.0, 53.0, 10.0, 69.0, 41.0], [138.0, 138.0, 148.0, 138.0, 138.0, 138.0, 148.0, 148.0, 148.0, 138.0, 102.0, 41.0, 112.0, 20.0, 53.0, 36.0, 122.0, 130.0, 52.0, 46.0, 119.0, 123.0, 61.0, 113.0, 109.0, 91.0, 78.0, 95.0, 67.0, 48.0, 40.0, 33.0, 16.0, 119.0, 51.0, 13.0, 123.0, 127.0, 84.0, 122.0, 85.0, 90.0, 42.0, 85.0, 0.0, 45.0, 18.0, 70.0, 88.0, 108.0, 37.0, 112.0, 64.0, 31.0, 53.0, 111.0, 24.0, 50.0, 53.0, 60.0, 49.0, 50.0, 49.0, 30.0, 36.0, 57.0, 46.0, 91.0, 10.0, 78.0, 62.0, 69.0, 126.0, 72.0, 115.0, 115.0, 39.0, 39.0, 34.0, 56.0, 82.0, 76.0, 86.0, 110.0, 62.0, 49.0, 103.0, 64.0, 135.0, 31.0, 109.0, 53.0, 31.0, 81.0, 49.0, 91.0, 48.0, 107.0, 53.0, 107.0, 52.0, 62.0, 66.0, 95.0, 107.0, 25.0, 48.0, 86.0, 20.0, 48.0], [142.0, 142.0, 113.0, 142.0, 142.0, 142.0, 113.0, 113.0, 113.0, 142.0, 76.0, 76.0, 82.0, 40.0, 33.0, 49.0, 94.0, 100.0, 53.0, 80.0, 111.0, 95.0, 18.0, 85.0, 107.0, 81.0, 77.0, 92.0, 53.0, 9.0, 67.0, 14.0, 55.0, 98.0, 63.0, 56.0, 99.0, 128.0, 59.0, 98.0, 45.0, 92.0, 5.0, 48.0, 45.0, 0.0, 60.0, 30.0, 77.0, 112.0, 47.0, 86.0, 24.0, 42.0, 13.0, 101.0, 21.0, 76.0, 43.0, 16.0, 49.0, 69.0, 68.0, 62.0, 76.0, 78.0, 58.0, 66.0, 37.0, 82.0, 17.0, 26.0, 118.0, 68.0, 86.0, 85.0, 74.0, 7.0, 16.0, 14.0, 82.0, 57.0, 91.0, 102.0, 26.0, 15.0, 95.0, 19.0, 103.0, 61.0, 86.0, 36.0, 63.0, 61.0, 15.0, 54.0, 63.0, 71.0, 48.0, 83.0, 60.0, 79.0, 50.0, 102.0, 72.0, 26.0, 8.0, 53.0, 38.0, 32.0], [129.0, 129.0, 155.0, 129.0, 129.0, 129.0, 155.0, 155.0, 155.0, 129.0, 106.0, 25.0, 118.0, 24.0, 59.0, 33.0, 126.0, 135.0, 51.0, 29.0, 115.0, 126.0, 74.0, 118.0, 103.0, 89.0, 73.0, 91.0, 69.0, 61.0, 27.0, 49.0, 7.0, 120.0, 44.0, 5.0, 125.0, 120.0, 89.0, 124.0, 97.0, 83.0, 57.0, 94.0, 18.0, 60.0, 0.0, 82.0, 87.0, 100.0, 37.0, 116.0, 76.0, 32.0, 69.0, 108.0, 40.0, 37.0, 56.0, 76.0, 49.0, 40.0, 40.0, 17.0, 18.0, 46.0, 41.0, 95.0, 28.0, 71.0, 78.0, 82.0, 122.0, 70.0, 120.0, 120.0, 23.0, 55.0, 46.0, 72.0, 77.0, 80.0, 79.0, 106.0, 80.0, 66.0, 99.0, 79.0, 141.0, 20.0, 111.0, 58.0, 18.0, 84.0, 66.0, 100.0, 42.0, 114.0, 54.0, 109.0, 47.0, 51.0, 69.0, 86.0, 114.0, 36.0, 64.0, 94.0, 25.0, 54.0], [131.0, 131.0, 83.0, 131.0, 131.0, 131.0, 83.0, 83.0, 83.0, 131.0, 51.0, 91.0, 53.0, 58.0, 29.0, 59.0, 67.0, 71.0, 53.0, 94.0, 93.0, 68.0, 13.0, 57.0, 94.0, 66.0, 69.0, 79.0, 42.0, 23.0, 79.0, 43.0, 75.0, 73.0, 68.0, 79.0, 73.0, 115.0, 35.0, 72.0, 15.0, 84.0, 35.0, 18.0, 70.0, 30.0, 82.0, 0.0, 61.0, 102.0, 55.0, 59.0, 7.0, 54.0, 35.0, 84.0, 49.0, 85.0, 40.0, 27.0, 51.0, 75.0, 75.0, 78.0, 95.0, 84.0, 63.0, 42.0, 65.0, 77.0, 26.0, 8.0, 101.0, 59.0, 58.0, 57.0, 89.0, 37.0, 37.0, 34.0, 74.0, 39.0, 85.0, 85.0, 44.0, 41.0, 79.0, 18.0, 73.0, 76.0, 62.0, 32.0, 79.0, 42.0, 41.0, 24.0, 68.0, 41.0, 46.0, 59.0, 63.0, 82.0, 38.0, 95.0, 42.0, 46.0, 35.0, 25.0, 57.0, 33.0], [70.0, 70.0, 82.0, 70.0, 70.0, 70.0, 82.0, 82.0, 82.0, 70.0, 31.0, 78.0, 45.0, 68.0, 44.0, 54.0, 47.0, 57.0, 36.0, 79.0, 34.0, 47.0, 69.0, 42.0, 33.0, 5.0, 19.0, 19.0, 24.0, 68.0, 66.0, 83.0, 81.0, 34.0, 45.0, 87.0, 41.0, 53.0, 29.0, 40.0, 63.0, 28.0, 80.0, 53.0, 88.0, 77.0, 87.0, 61.0, 0.0, 43.0, 51.0, 37.0, 63.0, 58.0, 88.0, 25.0, 81.0, 64.0, 36.0, 84.0, 39.0, 53.0, 52.0, 73.0, 90.0, 56.0, 46.0, 27.0, 89.0, 28.0, 83.0, 68.0, 42.0, 18.0, 45.0, 46.0, 78.0, 80.0, 68.0, 88.0, 21.0, 22.0, 32.0, 25.0, 101.0, 92.0, 18.0, 77.0, 66.0, 69.0, 29.0, 42.0, 72.0, 20.0, 91.0, 53.0, 48.0, 54.0, 35.0, 29.0, 41.0, 50.0, 27.0, 39.0, 53.0, 68.0, 84.0, 44.0, 68.0, 46.0], [31.0, 31.0, 115.0, 31.0, 31.0, 31.0, 115.0, 115.0, 115.0, 31.0, 70.0, 81.0, 83.0, 90.0, 79.0, 73.0, 79.0, 89.0, 61.0, 80.0, 31.0, 79.0, 108.0, 78.0, 14.0, 38.0, 35.0, 23.0, 61.0, 104.0, 73.0, 114.0, 96.0, 61.0, 58.0, 102.0, 69.0, 20.0, 72.0, 68.0, 105.0, 20.0, 114.0, 96.0, 108.0, 112.0, 100.0, 102.0, 43.0, 0.0, 73.0, 72.0, 103.0, 80.0, 124.0, 32.0, 110.0, 66.0, 69.0, 122.0, 64.0, 60.0, 60.0, 83.0, 95.0, 56.0, 63.0, 69.0, 113.0, 31.0, 122.0, 109.0, 32.0, 44.0, 81.0, 83.0, 82.0, 113.0, 100.0, 125.0, 29.0, 64.0, 22.0, 28.0, 138.0, 127.0, 29.0, 116.0, 98.0, 80.0, 63.0, 77.0, 82.0, 62.0, 127.0, 96.0, 60.0, 95.0, 64.0, 65.0, 57.0, 49.0, 65.0, 14.0, 94.0, 96.0, 120.0, 86.0, 91.0, 80.0], [103.0, 103.0, 120.0, 103.0, 103.0, 103.0, 120.0, 120.0, 120.0, 103.0, 70.0, 37.0, 82.0, 18.0, 27.0, 4.0, 90.0, 99.0, 15.0, 40.0, 82.0, 90.0, 53.0, 81.0, 72.0, 54.0, 40.0, 58.0, 32.0, 42.0, 24.0, 44.0, 30.0, 83.0, 17.0, 36.0, 89.0, 91.0, 54.0, 87.0, 68.0, 54.0, 47.0, 63.0, 37.0, 47.0, 37.0, 55.0, 51.0, 73.0, 0.0, 79.0, 51.0, 7.0, 59.0, 74.0, 38.0, 30.0, 20.0, 61.0, 12.0, 22.0, 21.0, 26.0, 44.0, 31.0, 11.0, 59.0, 41.0, 42.0, 62.0, 58.0, 89.0, 35.0, 84.0, 84.0, 35.0, 45.0, 31.0, 61.0, 45.0, 44.0, 51.0, 73.0, 73.0, 59.0, 65.0, 59.0, 105.0, 22.0, 75.0, 25.0, 26.0, 48.0, 59.0, 68.0, 16.0, 80.0, 18.0, 73.0, 16.0, 32.0, 33.0, 60.0, 80.0, 24.0, 54.0, 60.0, 18.0, 23.0], [93.0, 93.0, 45.0, 93.0, 93.0, 93.0, 45.0, 45.0, 45.0, 93.0, 10.0, 112.0, 12.0, 93.0, 60.0, 83.0, 11.0, 20.0, 66.0, 113.0, 48.0, 11.0, 72.0, 6.0, 59.0, 39.0, 56.0, 52.0, 47.0, 77.0, 99.0, 96.0, 109.0, 17.0, 79.0, 114.0, 14.0, 75.0, 28.0, 13.0, 52.0, 63.0, 90.0, 43.0, 112.0, 86.0, 116.0, 59.0, 37.0, 72.0, 79.0, 0.0, 64.0, 84.0, 93.0, 42.0, 98.0, 98.0, 60.0, 86.0, 67.0, 87.0, 87.0, 104.0, 122.0, 91.0, 78.0, 21.0, 110.0, 65.0, 85.0, 67.0, 54.0, 52.0, 9.0, 10.0, 111.0, 91.0, 84.0, 93.0, 58.0, 36.0, 68.0, 45.0, 104.0, 99.0, 43.0, 77.0, 29.0, 100.0, 9.0, 60.0, 104.0, 31.0, 99.0, 38.0, 81.0, 28.0, 62.0, 8.0, 74.0, 86.0, 47.0, 74.0, 26.0, 88.0, 92.0, 34.0, 93.0, 64.0], [132.0, 132.0, 89.0, 132.0, 132.0, 132.0, 89.0, 89.0, 89.0, 132.0, 55.0, 86.0, 59.0, 52.0, 27.0, 55.0, 72.0, 77.0, 50.0, 90.0, 95.0, 73.0, 7.0, 62.0, 95.0, 67.0, 69.0, 80.0, 42.0, 17.0, 75.0, 37.0, 70.0, 78.0, 65.0, 73.0, 78.0, 116.0, 39.0, 77.0, 22.0, 84.0, 28.0, 24.0, 64.0, 24.0, 76.0, 7.0, 63.0, 103.0, 51.0, 64.0, 0.0, 50.0, 29.0, 86.0, 42.0, 81.0, 38.0, 22.0, 48.0, 72.0, 71.0, 73.0, 90.0, 81.0, 60.0, 46.0, 58.0, 76.0, 21.0, 7.0, 103.0, 59.0, 63.0, 63.0, 84.0, 31.0, 30.0, 28.0, 74.0, 41.0, 85.0, 87.0, 40.0, 36.0, 81.0, 14.0, 79.0, 71.0, 66.0, 29.0, 74.0, 44.0, 35.0, 31.0, 65.0, 48.0, 44.0, 63.0, 60.0, 80.0, 38.0, 95.0, 48.0, 40.0, 29.0, 30.0, 51.0, 29.0], [110.0, 110.0, 124.0, 110.0, 110.0, 110.0, 124.0, 124.0, 124.0, 110.0, 74.0, 37.0, 86.0, 11.0, 28.0, 8.0, 95.0, 103.0, 21.0, 40.0, 89.0, 95.0, 50.0, 86.0, 80.0, 60.0, 48.0, 65.0, 37.0, 38.0, 26.0, 38.0, 25.0, 89.0, 24.0, 31.0, 94.0, 98.0, 58.0, 93.0, 68.0, 61.0, 41.0, 64.0, 31.0, 42.0, 32.0, 54.0, 58.0, 80.0, 7.0, 84.0, 50.0, 0.0, 54.0, 81.0, 31.0, 34.0, 24.0, 57.0, 18.0, 27.0, 26.0, 24.0, 42.0, 36.0, 18.0, 64.0, 33.0, 49.0, 58.0, 56.0, 96.0, 42.0, 88.0, 88.0, 35.0, 40.0, 26.0, 56.0, 53.0, 48.0, 58.0, 79.0, 67.0, 54.0, 72.0, 57.0, 109.0, 21.0, 80.0, 27.0, 25.0, 53.0, 54.0, 70.0, 22.0, 83.0, 23.0, 78.0, 23.0, 38.0, 37.0, 67.0, 83.0, 18.0, 49.0, 63.0, 11.0, 24.0], [155.0, 155.0, 116.0, 155.0, 155.0, 155.0, 116.0, 116.0, 116.0, 155.0, 84.0, 87.0, 88.0, 51.0, 45.0, 62.0, 101.0, 106.0, 65.0, 91.0, 122.0, 102.0, 22.0, 92.0, 119.0, 92.0, 89.0, 104.0, 65.0, 20.0, 79.0, 20.0, 64.0, 106.0, 76.0, 65.0, 107.0, 140.0, 67.0, 106.0, 48.0, 105.0, 13.0, 53.0, 53.0, 13.0, 69.0, 35.0, 88.0, 124.0, 59.0, 93.0, 29.0, 54.0, 0.0, 112.0, 29.0, 88.0, 56.0, 10.0, 62.0, 81.0, 80.0, 73.0, 86.0, 90.0, 70.0, 75.0, 44.0, 95.0, 12.0, 28.0, 129.0, 80.0, 92.0, 92.0, 85.0, 15.0, 28.0, 3.0, 95.0, 67.0, 104.0, 113.0, 14.0, 7.0, 106.0, 18.0, 108.0, 72.0, 95.0, 48.0, 75.0, 71.0, 6.0, 59.0, 75.0, 76.0, 60.0, 92.0, 73.0, 91.0, 61.0, 114.0, 77.0, 37.0, 6.0, 60.0, 49.0, 45.0], [51.0, 51.0, 83.0, 51.0, 51.0, 51.0, 83.0, 83.0, 83.0, 51.0, 42.0, 95.0, 53.0, 91.0, 68.0, 76.0, 48.0, 57.0, 59.0, 95.0, 9.0, 47.0, 93.0, 48.0, 18.0, 21.0, 35.0, 19.0, 49.0, 93.0, 84.0, 107.0, 102.0, 29.0, 64.0, 109.0, 37.0, 34.0, 49.0, 36.0, 83.0, 30.0, 104.0, 73.0, 111.0, 101.0, 108.0, 84.0, 25.0, 32.0, 74.0, 42.0, 86.0, 81.0, 112.0, 0.0, 105.0, 80.0, 61.0, 108.0, 62.0, 70.0, 70.0, 92.0, 108.0, 70.0, 67.0, 44.0, 113.0, 39.0, 107.0, 91.0, 17.0, 39.0, 51.0, 52.0, 95.0, 105.0, 93.0, 113.0, 32.0, 46.0, 37.0, 4.0, 125.0, 117.0, 9.0, 101.0, 67.0, 89.0, 33.0, 67.0, 92.0, 42.0, 116.0, 71.0, 67.0, 67.0, 59.0, 35.0, 61.0, 63.0, 52.0, 38.0, 66.0, 93.0, 109.0, 63.0, 92.0, 71.0], [140.0, 140.0, 130.0, 140.0, 140.0, 140.0, 130.0, 130.0, 130.0, 140.0, 88.0, 59.0, 96.0, 24.0, 39.0, 39.0, 107.0, 114.0, 49.0, 63.0, 114.0, 108.0, 38.0, 98.0, 107.0, 84.0, 76.0, 92.0, 57.0, 25.0, 52.0, 9.0, 35.0, 107.0, 55.0, 36.0, 110.0, 127.0, 70.0, 109.0, 64.0, 90.0, 18.0, 65.0, 24.0, 21.0, 40.0, 49.0, 81.0, 110.0, 38.0, 98.0, 42.0, 31.0, 29.0, 105.0, 0.0, 62.0, 44.0, 36.0, 45.0, 58.0, 57.0, 46.0, 57.0, 67.0, 49.0, 77.0, 16.0, 79.0, 38.0, 46.0, 122.0, 68.0, 99.0, 99.0, 57.0, 15.0, 14.0, 32.0, 81.0, 64.0, 88.0, 105.0, 40.0, 26.0, 97.0, 40.0, 118.0, 45.0, 96.0, 40.0, 47.0, 69.0, 26.0, 71.0, 53.0, 88.0, 47.0, 94.0, 53.0, 69.0, 55.0, 98.0, 88.0, 13.0, 24.0, 68.0, 22.0, 35.0], [93.0, 93.0, 142.0, 93.0, 93.0, 93.0, 142.0, 142.0, 142.0, 93.0, 90.0, 16.0, 104.0, 38.0, 56.0, 27.0, 109.0, 118.0, 35.0, 15.0, 85.0, 109.0, 83.0, 102.0, 71.0, 64.0, 46.0, 61.0, 54.0, 72.0, 10.0, 70.0, 35.0, 98.0, 20.0, 40.0, 105.0, 85.0, 78.0, 104.0, 97.0, 51.0, 75.0, 91.0, 50.0, 76.0, 37.0, 85.0, 64.0, 66.0, 30.0, 98.0, 81.0, 34.0, 88.0, 80.0, 62.0, 0.0, 47.0, 91.0, 36.0, 11.0, 12.0, 20.0, 30.0, 10.0, 23.0, 81.0, 58.0, 40.0, 92.0, 89.0, 91.0, 46.0, 105.0, 106.0, 17.0, 73.0, 60.0, 90.0, 48.0, 66.0, 45.0, 77.0, 101.0, 87.0, 71.0, 90.0, 126.0, 18.0, 92.0, 54.0, 19.0, 69.0, 87.0, 95.0, 18.0, 106.0, 42.0, 91.0, 26.0, 17.0, 57.0, 51.0, 105.0, 51.0, 82.0, 87.0, 40.0, 53.0], [99.0, 99.0, 100.0, 99.0, 99.0, 99.0, 100.0, 100.0, 100.0, 99.0, 50.0, 56.0, 62.0, 34.0, 11.0, 24.0, 70.0, 78.0, 13.0, 59.0, 70.0, 70.0, 42.0, 61.0, 64.0, 40.0, 34.0, 49.0, 14.0, 36.0, 43.0, 47.0, 50.0, 65.0, 28.0, 55.0, 70.0, 85.0, 33.0, 69.0, 50.0, 49.0, 45.0, 44.0, 53.0, 43.0, 56.0, 40.0, 36.0, 69.0, 20.0, 60.0, 38.0, 24.0, 56.0, 61.0, 44.0, 47.0, 0.0, 54.0, 11.0, 36.0, 36.0, 46.0, 64.0, 44.0, 24.0, 39.0, 53.0, 39.0, 54.0, 45.0, 77.0, 25.0, 64.0, 64.0, 55.0, 45.0, 32.0, 57.0, 39.0, 24.0, 48.0, 61.0, 69.0, 58.0, 53.0, 50.0, 85.0, 43.0, 56.0, 9.0, 46.0, 28.0, 58.0, 48.0, 29.0, 60.0, 6.0, 54.0, 23.0, 42.0, 13.0, 59.0, 60.0, 32.0, 51.0, 40.0, 34.0, 11.0], [152.0, 152.0, 107.0, 152.0, 152.0, 152.0, 107.0, 107.0, 107.0, 152.0, 77.0, 92.0, 80.0, 55.0, 43.0, 64.0, 94.0, 98.0, 65.0, 96.0, 117.0, 94.0, 15.0, 84.0, 116.0, 88.0, 87.0, 101.0, 61.0, 19.0, 82.0, 28.0, 70.0, 100.0, 77.0, 71.0, 100.0, 136.0, 61.0, 99.0, 38.0, 102.0, 18.0, 44.0, 60.0, 16.0, 76.0, 27.0, 84.0, 122.0, 61.0, 86.0, 22.0, 57.0, 10.0, 108.0, 36.0, 91.0, 54.0, 0.0, 62.0, 83.0, 82.0, 78.0, 92.0, 92.0, 71.0, 69.0, 52.0, 93.0, 2.0, 20.0, 125.0, 78.0, 85.0, 84.0, 89.0, 21.0, 31.0, 7.0, 93.0, 62.0, 102.0, 109.0, 18.0, 17.0, 102.0, 9.0, 99.0, 77.0, 88.0, 45.0, 79.0, 66.0, 16.0, 51.0, 77.0, 67.0, 59.0, 85.0, 73.0, 93.0, 58.0, 113.0, 68.0, 41.0, 13.0, 52.0, 54.0, 43.0], [95.0, 95.0, 109.0, 95.0, 95.0, 95.0, 109.0, 109.0, 109.0, 95.0, 58.0, 46.0, 71.0, 29.0, 21.0, 15.0, 78.0, 87.0, 4.0, 48.0, 71.0, 78.0, 51.0, 70.0, 62.0, 42.0, 30.0, 48.0, 21.0, 43.0, 33.0, 50.0, 42.0, 71.0, 17.0, 48.0, 77.0, 82.0, 43.0, 75.0, 61.0, 45.0, 50.0, 55.0, 49.0, 49.0, 49.0, 51.0, 39.0, 64.0, 12.0, 67.0, 48.0, 18.0, 62.0, 62.0, 45.0, 36.0, 11.0, 62.0, 0.0, 25.0, 25.0, 37.0, 55.0, 34.0, 13.0, 48.0, 51.0, 34.0, 62.0, 55.0, 78.0, 23.0, 72.0, 73.0, 45.0, 49.0, 35.0, 63.0, 36.0, 32.0, 43.0, 61.0, 75.0, 63.0, 54.0, 58.0, 94.0, 33.0, 62.0, 19.0, 36.0, 36.0, 63.0, 59.0, 18.0, 71.0, 6.0, 61.0, 12.0, 32.0, 22.0, 53.0, 70.0, 32.0, 57.0, 51.0, 29.0, 19.0], [89.0, 89.0, 131.0, 89.0, 89.0, 89.0, 131.0, 131.0, 131.0, 89.0, 79.0, 25.0, 93.0, 34.0, 46.0, 19.0, 98.0, 107.0, 24.0, 26.0, 77.0, 98.0, 74.0, 91.0, 64.0, 54.0, 36.0, 52.0, 43.0, 64.0, 14.0, 65.0, 36.0, 87.0, 9.0, 42.0, 94.0, 80.0, 66.0, 93.0, 87.0, 44.0, 68.0, 80.0, 50.0, 69.0, 40.0, 75.0, 53.0, 60.0, 22.0, 87.0, 72.0, 27.0, 81.0, 70.0, 58.0, 11.0, 36.0, 83.0, 25.0, 0.0, 1.0, 23.0, 38.0, 9.0, 13.0, 70.0, 56.0, 32.0, 84.0, 79.0, 83.0, 35.0, 94.0, 94.0, 25.0, 67.0, 53.0, 83.0, 39.0, 55.0, 39.0, 68.0, 94.0, 81.0, 62.0, 81.0, 115.0, 20.0, 81.0, 44.0, 22.0, 58.0, 81.0, 85.0, 7.0, 95.0, 31.0, 80.0, 14.0, 12.0, 46.0, 46.0, 94.0, 45.0, 76.0, 76.0, 36.0, 43.0], [89.0, 89.0, 130.0, 89.0, 89.0, 89.0, 130.0, 130.0, 130.0, 89.0, 78.0, 26.0, 92.0, 34.0, 45.0, 19.0, 97.0, 107.0, 23.0, 26.0, 76.0, 97.0, 73.0, 90.0, 63.0, 53.0, 35.0, 52.0, 42.0, 63.0, 14.0, 64.0, 36.0, 87.0, 8.0, 42.0, 93.0, 80.0, 65.0, 92.0, 86.0, 43.0, 68.0, 80.0, 49.0, 68.0, 40.0, 75.0, 52.0, 60.0, 21.0, 87.0, 71.0, 26.0, 80.0, 70.0, 57.0, 12.0, 36.0, 82.0, 25.0, 1.0, 0.0, 23.0, 38.0, 10.0, 12.0, 69.0, 56.0, 32.0, 83.0, 78.0, 82.0, 35.0, 93.0, 94.0, 26.0, 66.0, 52.0, 82.0, 38.0, 54.0, 39.0, 68.0, 94.0, 80.0, 61.0, 80.0, 115.0, 20.0, 80.0, 43.0, 22.0, 57.0, 80.0, 84.0, 6.0, 94.0, 30.0, 79.0, 13.0, 13.0, 45.0, 46.0, 93.0, 44.0, 75.0, 75.0, 35.0, 42.0], [112.0, 112.0, 145.0, 112.0, 112.0, 112.0, 145.0, 145.0, 145.0, 112.0, 94.0, 14.0, 107.0, 23.0, 52.0, 22.0, 115.0, 123.0, 38.0, 18.0, 99.0, 115.0, 73.0, 106.0, 87.0, 74.0, 58.0, 75.0, 57.0, 61.0, 10.0, 54.0, 14.0, 106.0, 28.0, 20.0, 112.0, 103.0, 79.0, 111.0, 92.0, 67.0, 61.0, 88.0, 30.0, 62.0, 17.0, 78.0, 73.0, 83.0, 26.0, 104.0, 73.0, 24.0, 73.0, 92.0, 46.0, 20.0, 46.0, 78.0, 37.0, 23.0, 23.0, 0.0, 18.0, 29.0, 26.0, 84.0, 38.0, 55.0, 80.0, 80.0, 106.0, 55.0, 109.0, 109.0, 11.0, 58.0, 47.0, 76.0, 61.0, 69.0, 62.0, 91.0, 85.0, 71.0, 84.0, 79.0, 131.0, 4.0, 98.0, 50.0, 2.0, 73.0, 72.0, 93.0, 26.0, 106.0, 43.0, 97.0, 32.0, 34.0, 58.0, 69.0, 106.0, 37.0, 68.0, 86.0, 24.0, 47.0], [122.0, 122.0, 164.0, 122.0, 122.0, 122.0, 164.0, 164.0, 164.0, 122.0, 113.0, 14.0, 126.0, 38.0, 70.0, 40.0, 133.0, 142.0, 56.0, 16.0, 115.0, 133.0, 89.0, 125.0, 101.0, 91.0, 74.0, 90.0, 75.0, 76.0, 24.0, 66.0, 22.0, 124.0, 45.0, 23.0, 130.0, 115.0, 98.0, 129.0, 109.0, 81.0, 74.0, 106.0, 36.0, 76.0, 18.0, 95.0, 90.0, 95.0, 44.0, 122.0, 90.0, 42.0, 86.0, 108.0, 57.0, 30.0, 64.0, 92.0, 55.0, 38.0, 38.0, 18.0, 0.0, 40.0, 44.0, 103.0, 45.0, 69.0, 94.0, 96.0, 120.0, 72.0, 127.0, 128.0, 13.0, 71.0, 62.0, 89.0, 76.0, 87.0, 75.0, 106.0, 97.0, 83.0, 100.0, 94.0, 149.0, 22.0, 116.0, 69.0, 19.0, 91.0, 83.0, 111.0, 42.0, 124.0, 61.0, 115.0, 49.0, 47.0, 77.0, 81.0, 124.0, 51.0, 81.0, 104.0, 39.0, 65.0], [83.0, 83.0, 136.0, 83.0, 83.0, 83.0, 136.0, 136.0, 136.0, 83.0, 83.0, 26.0, 98.0, 43.0, 55.0, 29.0, 102.0, 111.0, 32.0, 25.0, 76.0, 102.0, 83.0, 95.0, 61.0, 56.0, 37.0, 51.0, 49.0, 73.0, 18.0, 74.0, 43.0, 90.0, 16.0, 48.0, 97.0, 75.0, 72.0, 96.0, 95.0, 41.0, 78.0, 88.0, 57.0, 78.0, 46.0, 84.0, 56.0, 56.0, 31.0, 91.0, 81.0, 36.0, 90.0, 70.0, 67.0, 10.0, 44.0, 92.0, 34.0, 9.0, 10.0, 29.0, 40.0, 0.0, 21.0, 75.0, 64.0, 31.0, 93.0, 88.0, 81.0, 39.0, 98.0, 99.0, 27.0, 76.0, 62.0, 92.0, 38.0, 60.0, 36.0, 68.0, 104.0, 90.0, 62.0, 90.0, 120.0, 26.0, 84.0, 52.0, 27.0, 63.0, 90.0, 92.0, 16.0, 101.0, 39.0, 83.0, 21.0, 7.0, 52.0, 42.0, 100.0, 54.0, 85.0, 83.0, 44.0, 52.0], [93.0, 93.0, 121.0, 93.0, 93.0, 93.0, 121.0, 121.0, 121.0, 93.0, 69.0, 34.0, 82.0, 28.0, 34.0, 11.0, 89.0, 98.0, 13.0, 36.0, 74.0, 89.0, 62.0, 81.0, 63.0, 48.0, 32.0, 50.0, 32.0, 52.0, 21.0, 55.0, 36.0, 80.0, 6.0, 42.0, 86.0, 81.0, 55.0, 85.0, 74.0, 44.0, 58.0, 68.0, 46.0, 58.0, 41.0, 63.0, 46.0, 63.0, 11.0, 78.0, 60.0, 18.0, 70.0, 67.0, 49.0, 23.0, 24.0, 71.0, 13.0, 13.0, 12.0, 26.0, 44.0, 21.0, 0.0, 60.0, 51.0, 32.0, 72.0, 67.0, 81.0, 29.0, 84.0, 84.0, 33.0, 56.0, 42.0, 72.0, 37.0, 44.0, 40.0, 65.0, 84.0, 71.0, 58.0, 69.0, 106.0, 23.0, 72.0, 31.0, 26.0, 47.0, 71.0, 72.0, 5.0, 83.0, 19.0, 71.0, 6.0, 21.0, 34.0, 49.0, 83.0, 36.0, 65.0, 64.0, 29.0, 31.0], [94.0, 94.0, 61.0, 94.0, 94.0, 94.0, 61.0, 61.0, 61.0, 94.0, 11.0, 93.0, 23.0, 73.0, 39.0, 63.0, 31.0, 39.0, 47.0, 95.0, 53.0, 31.0, 54.0, 22.0, 58.0, 31.0, 44.0, 46.0, 27.0, 57.0, 80.0, 76.0, 89.0, 31.0, 61.0, 94.0, 33.0, 77.0, 8.0, 32.0, 39.0, 54.0, 70.0, 29.0, 91.0, 66.0, 95.0, 42.0, 27.0, 69.0, 59.0, 21.0, 46.0, 64.0, 75.0, 44.0, 77.0, 81.0, 39.0, 69.0, 48.0, 70.0, 69.0, 84.0, 103.0, 75.0, 60.0, 0.0, 90.0, 53.0, 68.0, 50.0, 60.0, 37.0, 25.0, 25.0, 92.0, 72.0, 63.0, 74.0, 47.0, 16.0, 59.0, 46.0, 86.0, 80.0, 41.0, 60.0, 46.0, 81.0, 20.0, 39.0, 84.0, 12.0, 80.0, 27.0, 63.0, 28.0, 42.0, 17.0, 56.0, 70.0, 26.0, 66.0, 26.0, 67.0, 73.0, 19.0, 72.0, 43.0], [143.0, 143.0, 145.0, 143.0, 143.0, 143.0, 145.0, 145.0, 145.0, 143.0, 100.0, 51.0, 110.0, 23.0, 51.0, 40.0, 121.0, 128.0, 54.0, 55.0, 122.0, 121.0, 54.0, 111.0, 113.0, 93.0, 81.0, 98.0, 67.0, 41.0, 47.0, 24.0, 25.0, 118.0, 56.0, 23.0, 122.0, 132.0, 82.0, 121.0, 80.0, 94.0, 34.0, 80.0, 10.0, 37.0, 28.0, 65.0, 89.0, 113.0, 41.0, 110.0, 58.0, 33.0, 44.0, 113.0, 16.0, 58.0, 53.0, 52.0, 51.0, 56.0, 56.0, 38.0, 45.0, 64.0, 51.0, 90.0, 0.0, 82.0, 54.0, 62.0, 129.0, 74.0, 113.0, 113.0, 48.0, 31.0, 28.0, 47.0, 86.0, 76.0, 91.0, 112.0, 53.0, 39.0, 105.0, 57.0, 133.0, 39.0, 108.0, 51.0, 40.0, 81.0, 40.0, 87.0, 54.0, 103.0, 54.0, 106.0, 56.0, 68.0, 66.0, 100.0, 103.0, 22.0, 39.0, 83.0, 22.0, 46.0], [62.0, 62.0, 111.0, 62.0, 62.0, 62.0, 111.0, 111.0, 111.0, 62.0, 59.0, 56.0, 73.0, 59.0, 50.0, 42.0, 75.0, 85.0, 30.0, 56.0, 45.0, 75.0, 81.0, 70.0, 32.0, 27.0, 9.0, 21.0, 35.0, 75.0, 46.0, 83.0, 67.0, 61.0, 27.0, 73.0, 68.0, 50.0, 53.0, 67.0, 83.0, 12.0, 84.0, 74.0, 78.0, 82.0, 71.0, 77.0, 28.0, 31.0, 42.0, 65.0, 76.0, 49.0, 95.0, 39.0, 79.0, 40.0, 39.0, 93.0, 34.0, 32.0, 32.0, 55.0, 69.0, 31.0, 32.0, 53.0, 82.0, 0.0, 94.0, 83.0, 51.0, 18.0, 73.0, 74.0, 56.0, 83.0, 69.0, 96.0, 8.0, 42.0, 9.0, 37.0, 108.0, 97.0, 31.0, 89.0, 94.0, 51.0, 57.0, 48.0, 54.0, 42.0, 96.0, 76.0, 30.0, 81.0, 34.0, 57.0, 26.0, 24.0, 39.0, 19.0, 79.0, 65.0, 90.0, 66.0, 60.0, 50.0], [152.0, 152.0, 105.0, 152.0, 152.0, 152.0, 105.0, 105.0, 105.0, 152.0, 76.0, 93.0, 79.0, 57.0, 43.0, 65.0, 92.0, 96.0, 66.0, 97.0, 117.0, 93.0, 14.0, 83.0, 116.0, 88.0, 87.0, 100.0, 61.0, 20.0, 84.0, 30.0, 72.0, 99.0, 78.0, 73.0, 99.0, 136.0, 60.0, 98.0, 37.0, 103.0, 20.0, 43.0, 62.0, 17.0, 78.0, 26.0, 83.0, 122.0, 62.0, 85.0, 21.0, 58.0, 12.0, 107.0, 38.0, 92.0, 54.0, 2.0, 62.0, 84.0, 83.0, 80.0, 94.0, 93.0, 72.0, 68.0, 54.0, 94.0, 0.0, 18.0, 124.0, 78.0, 83.0, 82.0, 91.0, 23.0, 33.0, 9.0, 93.0, 62.0, 103.0, 108.0, 19.0, 19.0, 101.0, 8.0, 97.0, 78.0, 87.0, 46.0, 81.0, 66.0, 18.0, 49.0, 78.0, 65.0, 60.0, 84.0, 74.0, 93.0, 58.0, 113.0, 67.0, 43.0, 15.0, 51.0, 55.0, 44.0], [138.0, 138.0, 88.0, 138.0, 138.0, 138.0, 88.0, 88.0, 88.0, 138.0, 58.0, 93.0, 60.0, 59.0, 34.0, 62.0, 74.0, 78.0, 58.0, 97.0, 101.0, 75.0, 8.0, 64.0, 101.0, 73.0, 75.0, 87.0, 49.0, 21.0, 82.0, 40.0, 76.0, 81.0, 72.0, 78.0, 81.0, 122.0, 43.0, 80.0, 19.0, 90.0, 31.0, 25.0, 69.0, 26.0, 82.0, 8.0, 68.0, 109.0, 58.0, 67.0, 7.0, 56.0, 28.0, 91.0, 46.0, 89.0, 45.0, 20.0, 55.0, 79.0, 78.0, 80.0, 96.0, 88.0, 67.0, 50.0, 62.0, 83.0, 18.0, 0.0, 108.0, 66.0, 65.0, 64.0, 91.0, 33.0, 36.0, 27.0, 81.0, 46.0, 91.0, 93.0, 37.0, 35.0, 86.0, 11.0, 79.0, 78.0, 69.0, 36.0, 81.0, 50.0, 35.0, 31.0, 72.0, 47.0, 51.0, 66.0, 67.0, 87.0, 44.0, 101.0, 48.0, 46.0, 29.0, 33.0, 57.0, 36.0], [39.0, 39.0, 91.0, 39.0, 39.0, 39.0, 91.0, 91.0, 91.0, 39.0, 56.0, 107.0, 66.0, 106.0, 85.0, 90.0, 58.0, 65.0, 74.0, 106.0, 8.0, 57.0, 110.0, 60.0, 20.0, 37.0, 49.0, 31.0, 65.0, 110.0, 96.0, 124.0, 117.0, 39.0, 78.0, 123.0, 46.0, 23.0, 66.0, 45.0, 99.0, 39.0, 121.0, 89.0, 126.0, 118.0, 122.0, 101.0, 42.0, 32.0, 89.0, 54.0, 103.0, 96.0, 129.0, 17.0, 122.0, 91.0, 77.0, 125.0, 78.0, 83.0, 82.0, 106.0, 120.0, 81.0, 81.0, 60.0, 129.0, 51.0, 124.0, 108.0, 0.0, 54.0, 62.0, 64.0, 107.0, 122.0, 109.0, 130.0, 45.0, 63.0, 46.0, 17.0, 142.0, 134.0, 24.0, 118.0, 75.0, 102.0, 46.0, 83.0, 104.0, 59.0, 133.0, 87.0, 80.0, 81.0, 75.0, 48.0, 75.0, 74.0, 69.0, 43.0, 79.0, 109.0, 126.0, 79.0, 107.0, 87.0], [75.0, 75.0, 97.0, 75.0, 75.0, 75.0, 97.0, 97.0, 97.0, 75.0, 45.0, 60.0, 59.0, 52.0, 35.0, 37.0, 63.0, 72.0, 20.0, 61.0, 47.0, 63.0, 65.0, 56.0, 40.0, 19.0, 9.0, 25.0, 17.0, 60.0, 48.0, 71.0, 64.0, 52.0, 28.0, 70.0, 59.0, 60.0, 36.0, 57.0, 65.0, 25.0, 70.0, 57.0, 72.0, 68.0, 70.0, 59.0, 18.0, 44.0, 35.0, 52.0, 59.0, 42.0, 80.0, 39.0, 68.0, 46.0, 25.0, 78.0, 23.0, 35.0, 35.0, 55.0, 72.0, 39.0, 29.0, 37.0, 74.0, 18.0, 78.0, 66.0, 54.0, 0.0, 59.0, 60.0, 60.0, 70.0, 56.0, 81.0, 15.0, 25.0, 26.0, 38.0, 94.0, 83.0, 31.0, 72.0, 81.0, 51.0, 45.0, 32.0, 54.0, 26.0, 83.0, 59.0, 30.0, 64.0, 21.0, 44.0, 23.0, 33.0, 22.0, 35.0, 63.0, 55.0, 76.0, 49.0, 53.0, 36.0], [101.0, 101.0, 38.0, 101.0, 101.0, 101.0, 38.0, 38.0, 38.0, 101.0, 15.0, 117.0, 5.0, 97.0, 63.0, 88.0, 9.0, 15.0, 72.0, 119.0, 57.0, 10.0, 71.0, 3.0, 68.0, 47.0, 64.0, 60.0, 52.0, 77.0, 104.0, 97.0, 113.0, 24.0, 85.0, 118.0, 19.0, 84.0, 31.0, 19.0, 48.0, 71.0, 90.0, 40.0, 115.0, 86.0, 120.0, 58.0, 45.0, 81.0, 84.0, 9.0, 63.0, 88.0, 92.0, 51.0, 99.0, 105.0, 64.0, 85.0, 72.0, 94.0, 93.0, 109.0, 127.0, 98.0, 84.0, 25.0, 113.0, 73.0, 83.0, 65.0, 62.0, 59.0, 0.0, 2.0, 117.0, 92.0, 85.0, 91.0, 66.0, 40.0, 76.0, 54.0, 102.0, 99.0, 52.0, 76.0, 22.0, 105.0, 18.0, 63.0, 109.0, 36.0, 98.0, 35.0, 87.0, 21.0, 67.0, 17.0, 80.0, 93.0, 51.0, 82.0, 20.0, 91.0, 92.0, 33.0, 96.0, 67.0], [103.0, 103.0, 37.0, 103.0, 103.0, 103.0, 37.0, 37.0, 37.0, 103.0, 16.0, 118.0, 4.0, 97.0, 63.0, 88.0, 10.0, 15.0, 72.0, 120.0, 58.0, 11.0, 70.0, 5.0, 70.0, 49.0, 65.0, 62.0, 52.0, 77.0, 105.0, 97.0, 114.0, 26.0, 86.0, 119.0, 21.0, 86.0, 31.0, 21.0, 47.0, 73.0, 90.0, 39.0, 115.0, 85.0, 120.0, 57.0, 46.0, 83.0, 84.0, 10.0, 63.0, 88.0, 92.0, 52.0, 99.0, 106.0, 64.0, 84.0, 73.0, 94.0, 94.0, 109.0, 128.0, 99.0, 84.0, 25.0, 113.0, 74.0, 82.0, 64.0, 64.0, 60.0, 2.0, 0.0, 117.0, 91.0, 85.0, 91.0, 67.0, 41.0, 78.0, 55.0, 101.0, 98.0, 53.0, 75.0, 21.0, 106.0, 20.0, 63.0, 109.0, 37.0, 97.0, 34.0, 88.0, 20.0, 67.0, 18.0, 80.0, 94.0, 51.0, 84.0, 18.0, 91.0, 91.0, 32.0, 97.0, 67.0], [109.0, 109.0, 154.0, 109.0, 109.0, 109.0, 154.0, 154.0, 154.0, 109.0, 102.0, 3.0, 115.0, 34.0, 62.0, 31.0, 122.0, 131.0, 45.0, 7.0, 102.0, 122.0, 85.0, 114.0, 88.0, 79.0, 61.0, 77.0, 65.0, 72.0, 12.0, 65.0, 23.0, 112.0, 32.0, 27.0, 118.0, 102.0, 88.0, 117.0, 102.0, 68.0, 72.0, 98.0, 39.0, 74.0, 23.0, 89.0, 78.0, 82.0, 35.0, 111.0, 84.0, 35.0, 85.0, 95.0, 57.0, 17.0, 55.0, 89.0, 45.0, 25.0, 26.0, 11.0, 13.0, 27.0, 33.0, 92.0, 48.0, 56.0, 91.0, 91.0, 107.0, 60.0, 117.0, 117.0, 0.0, 70.0, 58.0, 87.0, 63.0, 76.0, 62.0, 93.0, 97.0, 83.0, 87.0, 90.0, 138.0, 13.0, 105.0, 60.0, 10.0, 80.0, 83.0, 103.0, 30.0, 115.0, 51.0, 104.0, 37.0, 33.0, 66.0, 68.0, 115.0, 48.0, 79.0, 95.0, 36.0, 58.0], [144.0, 144.0, 120.0, 144.0, 144.0, 144.0, 120.0, 120.0, 120.0, 144.0, 82.0, 72.0, 88.0, 36.0, 36.0, 47.0, 100.0, 106.0, 53.0, 76.0, 114.0, 101.0, 25.0, 91.0, 109.0, 84.0, 78.0, 94.0, 56.0, 15.0, 64.0, 7.0, 49.0, 103.0, 62.0, 50.0, 105.0, 130.0, 64.0, 104.0, 52.0, 94.0, 3.0, 55.0, 39.0, 7.0, 55.0, 37.0, 80.0, 113.0, 45.0, 91.0, 31.0, 40.0, 15.0, 105.0, 15.0, 73.0, 45.0, 21.0, 49.0, 67.0, 66.0, 58.0, 71.0, 76.0, 56.0, 72.0, 31.0, 83.0, 23.0, 33.0, 122.0, 70.0, 92.0, 91.0, 70.0, 0.0, 14.0, 18.0, 84.0, 61.0, 92.0, 105.0, 28.0, 14.0, 98.0, 26.0, 109.0, 57.0, 91.0, 38.0, 59.0, 66.0, 14.0, 61.0, 61.0, 78.0, 49.0, 88.0, 60.0, 77.0, 53.0, 102.0, 79.0, 22.0, 10.0, 59.0, 34.0, 34.0], [130.0, 130.0, 116.0, 130.0, 130.0, 130.0, 116.0, 116.0, 116.0, 130.0, 74.0, 60.0, 82.0, 24.0, 25.0, 33.0, 93.0, 100.0, 39.0, 64.0, 102.0, 94.0, 28.0, 84.0, 96.0, 72.0, 65.0, 81.0, 44.0, 15.0, 51.0, 15.0, 40.0, 93.0, 48.0, 43.0, 96.0, 116.0, 56.0, 95.0, 52.0, 80.0, 16.0, 52.0, 34.0, 16.0, 46.0, 37.0, 68.0, 100.0, 31.0, 84.0, 30.0, 26.0, 28.0, 93.0, 14.0, 60.0, 32.0, 31.0, 35.0, 53.0, 52.0, 47.0, 62.0, 62.0, 42.0, 63.0, 28.0, 69.0, 33.0, 36.0, 109.0, 56.0, 85.0, 85.0, 58.0, 14.0, 0.0, 30.0, 70.0, 50.0, 78.0, 93.0, 42.0, 28.0, 85.0, 33.0, 104.0, 45.0, 82.0, 26.0, 48.0, 55.0, 28.0, 58.0, 47.0, 74.0, 35.0, 80.0, 45.0, 63.0, 42.0, 88.0, 75.0, 10.0, 23.0, 54.0, 23.0, 22.0], [155.0, 155.0, 114.0, 155.0, 155.0, 155.0, 114.0, 114.0, 114.0, 155.0, 84.0, 90.0, 87.0, 53.0, 46.0, 64.0, 100.0, 105.0, 67.0, 94.0, 122.0, 101.0, 21.0, 91.0, 120.0, 93.0, 90.0, 104.0, 65.0, 21.0, 81.0, 23.0, 67.0, 106.0, 78.0, 68.0, 106.0, 140.0, 67.0, 106.0, 46.0, 106.0, 15.0, 51.0, 56.0, 14.0, 72.0, 34.0, 88.0, 125.0, 61.0, 93.0, 28.0, 56.0, 3.0, 113.0, 32.0, 90.0, 57.0, 7.0, 63.0, 83.0, 82.0, 76.0, 89.0, 92.0, 72.0, 74.0, 47.0, 96.0, 9.0, 27.0, 130.0, 81.0, 91.0, 91.0, 87.0, 18.0, 30.0, 0.0, 96.0, 67.0, 105.0, 113.0, 13.0, 10.0, 106.0, 16.0, 106.0, 75.0, 94.0, 48.0, 77.0, 71.0, 9.0, 58.0, 77.0, 74.0, 61.0, 91.0, 74.0, 93.0, 62.0, 115.0, 75.0, 39.0, 8.0, 59.0, 52.0, 46.0], [60.0, 60.0, 103.0, 60.0, 60.0, 60.0, 103.0, 103.0, 103.0, 60.0, 52.0, 63.0, 66.0, 63.0, 50.0, 46.0, 67.0, 77.0, 32.0, 63.0, 38.0, 67.0, 79.0, 63.0, 27.0, 19.0, 6.0, 14.0, 32.0, 75.0, 52.0, 85.0, 72.0, 53.0, 33.0, 78.0, 61.0, 46.0, 48.0, 59.0, 79.0, 10.0, 84.0, 70.0, 82.0, 82.0, 77.0, 74.0, 21.0, 29.0, 45.0, 58.0, 74.0, 53.0, 95.0, 32.0, 81.0, 48.0, 39.0, 93.0, 36.0, 39.0, 38.0, 61.0, 76.0, 38.0, 37.0, 47.0, 86.0, 8.0, 93.0, 81.0, 45.0, 15.0, 66.0, 67.0, 63.0, 84.0, 70.0, 96.0, 0.0, 38.0, 12.0, 30.0, 108.0, 97.0, 23.0, 87.0, 86.0, 57.0, 49.0, 47.0, 60.0, 37.0, 97.0, 71.0, 36.0, 75.0, 35.0, 49.0, 31.0, 32.0, 36.0, 21.0, 73.0, 68.0, 90.0, 62.0, 64.0, 50.0], [92.0, 92.0, 77.0, 92.0, 92.0, 92.0, 77.0, 77.0, 77.0, 92.0, 26.0, 77.0, 39.0, 57.0, 25.0, 47.0, 47.0, 55.0, 31.0, 79.0, 55.0, 47.0, 47.0, 38.0, 55.0, 27.0, 33.0, 41.0, 12.0, 47.0, 64.0, 64.0, 73.0, 43.0, 46.0, 79.0, 47.0, 76.0, 12.0, 46.0, 42.0, 47.0, 60.0, 32.0, 76.0, 57.0, 80.0, 39.0, 22.0, 64.0, 44.0, 36.0, 41.0, 48.0, 67.0, 46.0, 64.0, 66.0, 24.0, 62.0, 32.0, 55.0, 54.0, 69.0, 87.0, 60.0, 44.0, 16.0, 76.0, 42.0, 62.0, 46.0, 63.0, 25.0, 40.0, 41.0, 76.0, 61.0, 50.0, 67.0, 38.0, 0.0, 49.0, 47.0, 79.0, 71.0, 40.0, 55.0, 62.0, 65.0, 33.0, 25.0, 68.0, 5.0, 71.0, 34.0, 48.0, 40.0, 26.0, 30.0, 40.0, 56.0, 11.0, 58.0, 40.0, 53.0, 64.0, 24.0, 57.0, 29.0], [53.0, 53.0, 113.0, 53.0, 53.0, 53.0, 113.0, 113.0, 113.0, 53.0, 63.0, 61.0, 77.0, 68.0, 60.0, 51.0, 77.0, 87.0, 39.0, 60.0, 41.0, 77.0, 90.0, 73.0, 26.0, 29.0, 16.0, 18.0, 43.0, 84.0, 52.0, 93.0, 74.0, 61.0, 36.0, 81.0, 70.0, 41.0, 59.0, 68.0, 91.0, 6.0, 93.0, 82.0, 86.0, 91.0, 79.0, 85.0, 32.0, 22.0, 51.0, 68.0, 85.0, 58.0, 104.0, 37.0, 88.0, 45.0, 48.0, 102.0, 43.0, 39.0, 39.0, 62.0, 75.0, 36.0, 40.0, 59.0, 91.0, 9.0, 103.0, 91.0, 46.0, 26.0, 76.0, 78.0, 62.0, 92.0, 78.0, 105.0, 12.0, 49.0, 0.0, 34.0, 118.0, 106.0, 29.0, 98.0, 96.0, 58.0, 59.0, 57.0, 61.0, 49.0, 106.0, 83.0, 38.0, 86.0, 44.0, 60.0, 35.0, 29.0, 47.0, 10.0, 85.0, 74.0, 99.0, 73.0, 69.0, 59.0], [48.0, 48.0, 87.0, 48.0, 48.0, 48.0, 87.0, 87.0, 87.0, 48.0, 45.0, 93.0, 56.0, 90.0, 69.0, 74.0, 51.0, 60.0, 58.0, 93.0, 9.0, 51.0, 94.0, 51.0, 15.0, 21.0, 33.0, 16.0, 49.0, 93.0, 82.0, 107.0, 101.0, 32.0, 62.0, 107.0, 41.0, 31.0, 51.0, 40.0, 85.0, 27.0, 105.0, 75.0, 110.0, 102.0, 106.0, 85.0, 25.0, 28.0, 73.0, 45.0, 87.0, 79.0, 113.0, 4.0, 105.0, 77.0, 61.0, 109.0, 61.0, 68.0, 68.0, 91.0, 106.0, 68.0, 65.0, 46.0, 112.0, 37.0, 108.0, 93.0, 17.0, 38.0, 54.0, 55.0, 93.0, 105.0, 93.0, 113.0, 30.0, 47.0, 34.0, 0.0, 126.0, 117.0, 7.0, 102.0, 70.0, 87.0, 36.0, 67.0, 90.0, 43.0, 117.0, 74.0, 65.0, 70.0, 59.0, 38.0, 60.0, 61.0, 52.0, 34.0, 68.0, 92.0, 110.0, 65.0, 91.0, 71.0], [168.0, 168.0, 122.0, 168.0, 168.0, 168.0, 122.0, 122.0, 122.0, 168.0, 95.0, 99.0, 97.0, 63.0, 59.0, 75.0, 111.0, 115.0, 79.0, 103.0, 134.0, 112.0, 33.0, 101.0, 132.0, 105.0, 103.0, 117.0, 78.0, 34.0, 92.0, 31.0, 75.0, 117.0, 90.0, 75.0, 118.0, 153.0, 79.0, 117.0, 55.0, 118.0, 26.0, 62.0, 62.0, 26.0, 80.0, 44.0, 101.0, 138.0, 73.0, 104.0, 40.0, 67.0, 14.0, 125.0, 40.0, 101.0, 69.0, 18.0, 75.0, 94.0, 94.0, 85.0, 97.0, 104.0, 84.0, 86.0, 53.0, 108.0, 19.0, 37.0, 142.0, 94.0, 102.0, 101.0, 97.0, 28.0, 42.0, 13.0, 108.0, 79.0, 118.0, 126.0, 0.0, 14.0, 119.0, 26.0, 116.0, 85.0, 106.0, 61.0, 87.0, 84.0, 14.0, 67.0, 89.0, 84.0, 74.0, 103.0, 86.0, 105.0, 74.0, 128.0, 85.0, 50.0, 19.0, 70.0, 62.0, 58.0], [157.0, 157.0, 123.0, 157.0, 157.0, 157.0, 123.0, 123.0, 123.0, 157.0, 90.0, 85.0, 95.0, 49.0, 49.0, 62.0, 108.0, 112.0, 67.0, 89.0, 126.0, 108.0, 28.0, 98.0, 122.0, 96.0, 92.0, 107.0, 68.0, 24.0, 78.0, 17.0, 61.0, 112.0, 77.0, 61.0, 113.0, 143.0, 73.0, 112.0, 54.0, 107.0, 13.0, 59.0, 49.0, 15.0, 66.0, 41.0, 92.0, 127.0, 59.0, 99.0, 36.0, 54.0, 7.0, 117.0, 26.0, 87.0, 58.0, 17.0, 63.0, 81.0, 80.0, 71.0, 83.0, 90.0, 71.0, 80.0, 39.0, 97.0, 19.0, 35.0, 134.0, 83.0, 99.0, 98.0, 83.0, 14.0, 28.0, 10.0, 97.0, 71.0, 106.0, 117.0, 14.0, 0.0, 110.0, 25.0, 114.0, 71.0, 100.0, 51.0, 73.0, 76.0, 1.0, 66.0, 76.0, 83.0, 62.0, 97.0, 74.0, 92.0, 65.0, 116.0, 83.0, 36.0, 7.0, 66.0, 48.0, 47.0], [53.0, 53.0, 87.0, 53.0, 53.0, 53.0, 87.0, 87.0, 87.0, 53.0, 41.0, 87.0, 54.0, 83.0, 61.0, 67.0, 50.0, 60.0, 51.0, 87.0, 17.0, 50.0, 87.0, 49.0, 17.0, 13.0, 26.0, 11.0, 41.0, 86.0, 75.0, 100.0, 94.0, 33.0, 56.0, 100.0, 41.0, 36.0, 45.0, 40.0, 79.0, 23.0, 97.0, 69.0, 103.0, 95.0, 99.0, 79.0, 18.0, 29.0, 65.0, 43.0, 81.0, 72.0, 106.0, 9.0, 97.0, 71.0, 53.0, 102.0, 54.0, 62.0, 61.0, 84.0, 100.0, 62.0, 58.0, 41.0, 105.0, 31.0, 101.0, 86.0, 24.0, 31.0, 52.0, 53.0, 87.0, 98.0, 85.0, 106.0, 23.0, 40.0, 29.0, 7.0, 119.0, 110.0, 0.0, 95.0, 70.0, 80.0, 34.0, 59.0, 83.0, 37.0, 109.0, 68.0, 58.0, 66.0, 51.0, 35.0, 53.0, 55.0, 45.0, 32.0, 65.0, 85.0, 102.0, 60.0, 83.0, 63.0], [146.0, 146.0, 98.0, 146.0, 146.0, 146.0, 98.0, 98.0, 98.0, 146.0, 69.0, 92.0, 71.0, 56.0, 38.0, 63.0, 85.0, 89.0, 61.0, 96.0, 110.0, 86.0, 8.0, 75.0, 109.0, 82.0, 82.0, 94.0, 56.0, 18.0, 82.0, 33.0, 73.0, 91.0, 75.0, 74.0, 91.0, 130.0, 53.0, 90.0, 29.0, 97.0, 23.0, 35.0, 64.0, 19.0, 79.0, 18.0, 77.0, 116.0, 59.0, 77.0, 14.0, 57.0, 18.0, 101.0, 40.0, 90.0, 50.0, 9.0, 58.0, 81.0, 80.0, 79.0, 94.0, 90.0, 69.0, 60.0, 57.0, 89.0, 8.0, 11.0, 118.0, 72.0, 76.0, 75.0, 90.0, 26.0, 33.0, 16.0, 87.0, 55.0, 98.0, 102.0, 26.0, 25.0, 95.0, 0.0, 90.0, 77.0, 80.0, 41.0, 80.0, 59.0, 24.0, 41.0, 75.0, 58.0, 55.0, 77.0, 70.0, 90.0, 52.0, 108.0, 59.0, 43.0, 20.0, 43.0, 55.0, 40.0], [115.0, 115.0, 17.0, 115.0, 115.0, 115.0, 17.0, 17.0, 17.0, 115.0, 37.0, 139.0, 23.0, 118.0, 83.0, 109.0, 19.0, 10.0, 93.0, 141.0, 71.0, 20.0, 86.0, 25.0, 85.0, 67.0, 85.0, 79.0, 73.0, 95.0, 126.0, 115.0, 134.0, 38.0, 107.0, 139.0, 29.0, 98.0, 52.0, 30.0, 61.0, 91.0, 107.0, 55.0, 135.0, 103.0, 141.0, 73.0, 66.0, 98.0, 105.0, 29.0, 79.0, 109.0, 108.0, 67.0, 118.0, 126.0, 85.0, 99.0, 94.0, 115.0, 115.0, 131.0, 149.0, 120.0, 106.0, 46.0, 133.0, 94.0, 97.0, 79.0, 75.0, 81.0, 22.0, 21.0, 138.0, 109.0, 104.0, 106.0, 86.0, 62.0, 96.0, 70.0, 116.0, 114.0, 70.0, 90.0, 0.0, 127.0, 37.0, 83.0, 130.0, 58.0, 114.0, 49.0, 109.0, 32.0, 88.0, 37.0, 101.0, 114.0, 72.0, 101.0, 31.0, 111.0, 108.0, 50.0, 117.0, 87.0], [109.0, 109.0, 142.0, 109.0, 109.0, 109.0, 142.0, 142.0, 142.0, 109.0, 91.0, 15.0, 104.0, 22.0, 49.0, 18.0, 111.0, 120.0, 34.0, 19.0, 96.0, 111.0, 71.0, 103.0, 83.0, 70.0, 54.0, 71.0, 53.0, 59.0, 8.0, 54.0, 17.0, 103.0, 24.0, 23.0, 109.0, 100.0, 76.0, 107.0, 89.0, 63.0, 60.0, 85.0, 31.0, 61.0, 20.0, 76.0, 69.0, 80.0, 22.0, 100.0, 71.0, 21.0, 72.0, 89.0, 45.0, 18.0, 43.0, 77.0, 33.0, 20.0, 20.0, 4.0, 22.0, 26.0, 23.0, 81.0, 39.0, 51.0, 78.0, 78.0, 102.0, 51.0, 105.0, 106.0, 13.0, 57.0, 45.0, 75.0, 57.0, 65.0, 58.0, 87.0, 85.0, 71.0, 80.0, 77.0, 127.0, 0.0, 95.0, 47.0, 4.0, 69.0, 71.0, 90.0, 22.0, 103.0, 39.0, 93.0, 28.0, 31.0, 55.0, 66.0, 102.0, 35.0, 67.0, 83.0, 23.0, 44.0], [84.0, 84.0, 54.0, 84.0, 84.0, 84.0, 54.0, 54.0, 54.0, 84.0, 12.0, 105.0, 21.0, 89.0, 58.0, 78.0, 18.0, 28.0, 61.0, 106.0, 39.0, 18.0, 73.0, 15.0, 50.0, 30.0, 48.0, 43.0, 42.0, 77.0, 93.0, 95.0, 105.0, 12.0, 72.0, 110.0, 14.0, 66.0, 28.0, 13.0, 56.0, 54.0, 90.0, 47.0, 109.0, 86.0, 111.0, 62.0, 29.0, 63.0, 75.0, 9.0, 66.0, 80.0, 95.0, 33.0, 96.0, 92.0, 56.0, 88.0, 62.0, 81.0, 80.0, 98.0, 116.0, 84.0, 72.0, 20.0, 108.0, 57.0, 87.0, 69.0, 46.0, 45.0, 18.0, 20.0, 105.0, 91.0, 82.0, 94.0, 49.0, 33.0, 59.0, 36.0, 106.0, 100.0, 34.0, 80.0, 37.0, 95.0, 0.0, 57.0, 98.0, 28.0, 100.0, 43.0, 75.0, 35.0, 57.0, 3.0, 68.0, 78.0, 43.0, 65.0, 33.0, 86.0, 93.0, 37.0, 89.0, 62.0], [107.0, 107.0, 97.0, 107.0, 107.0, 107.0, 97.0, 97.0, 97.0, 107.0, 49.0, 62.0, 60.0, 34.0, 3.0, 29.0, 70.0, 77.0, 21.0, 65.0, 76.0, 70.0, 33.0, 60.0, 72.0, 46.0, 42.0, 56.0, 18.0, 27.0, 49.0, 41.0, 52.0, 67.0, 36.0, 56.0, 71.0, 92.0, 32.0, 70.0, 43.0, 57.0, 38.0, 38.0, 53.0, 36.0, 58.0, 32.0, 42.0, 77.0, 25.0, 60.0, 29.0, 27.0, 48.0, 67.0, 40.0, 54.0, 9.0, 45.0, 19.0, 44.0, 43.0, 50.0, 69.0, 52.0, 31.0, 39.0, 51.0, 48.0, 46.0, 36.0, 83.0, 32.0, 63.0, 63.0, 60.0, 38.0, 26.0, 48.0, 47.0, 25.0, 57.0, 67.0, 61.0, 51.0, 59.0, 41.0, 83.0, 47.0, 57.0, 0.0, 51.0, 30.0, 50.0, 43.0, 37.0, 56.0, 14.0, 55.0, 31.0, 51.0, 15.0, 67.0, 56.0, 29.0, 44.0, 36.0, 34.0, 5.0], [110.0, 110.0, 145.0, 110.0, 110.0, 110.0, 145.0, 145.0, 145.0, 110.0, 94.0, 13.0, 107.0, 24.0, 52.0, 22.0, 114.0, 123.0, 37.0, 17.0, 98.0, 114.0, 74.0, 106.0, 86.0, 74.0, 57.0, 74.0, 57.0, 62.0, 9.0, 55.0, 16.0, 106.0, 27.0, 21.0, 112.0, 102.0, 79.0, 111.0, 92.0, 66.0, 62.0, 88.0, 31.0, 63.0, 18.0, 79.0, 72.0, 82.0, 26.0, 104.0, 74.0, 25.0, 75.0, 92.0, 47.0, 19.0, 46.0, 79.0, 36.0, 22.0, 22.0, 2.0, 19.0, 27.0, 26.0, 84.0, 40.0, 54.0, 81.0, 81.0, 104.0, 54.0, 109.0, 109.0, 10.0, 59.0, 48.0, 77.0, 60.0, 68.0, 61.0, 90.0, 87.0, 73.0, 83.0, 80.0, 130.0, 4.0, 98.0, 51.0, 0.0, 72.0, 73.0, 93.0, 25.0, 106.0, 42.0, 97.0, 31.0, 33.0, 58.0, 68.0, 106.0, 38.0, 69.0, 86.0, 25.0, 48.0], [89.0, 89.0, 74.0, 89.0, 89.0, 89.0, 74.0, 74.0, 74.0, 89.0, 22.0, 81.0, 35.0, 62.0, 31.0, 51.0, 42.0, 51.0, 35.0, 83.0, 51.0, 42.0, 51.0, 34.0, 52.0, 24.0, 33.0, 39.0, 16.0, 52.0, 68.0, 69.0, 78.0, 38.0, 49.0, 83.0, 42.0, 73.0, 11.0, 41.0, 43.0, 46.0, 65.0, 34.0, 81.0, 61.0, 84.0, 42.0, 20.0, 62.0, 48.0, 31.0, 44.0, 53.0, 71.0, 42.0, 69.0, 69.0, 28.0, 66.0, 36.0, 58.0, 57.0, 73.0, 91.0, 63.0, 47.0, 12.0, 81.0, 42.0, 66.0, 50.0, 59.0, 26.0, 36.0, 37.0, 80.0, 66.0, 55.0, 71.0, 37.0, 5.0, 49.0, 43.0, 84.0, 76.0, 37.0, 59.0, 58.0, 69.0, 28.0, 30.0, 72.0, 0.0, 76.0, 34.0, 51.0, 39.0, 30.0, 25.0, 44.0, 58.0, 15.0, 57.0, 38.0, 58.0, 69.0, 25.0, 62.0, 34.0], [157.0, 157.0, 122.0, 157.0, 157.0, 157.0, 122.0, 122.0, 122.0, 157.0, 89.0, 85.0, 94.0, 49.0, 48.0, 62.0, 107.0, 112.0, 67.0, 89.0, 125.0, 108.0, 28.0, 97.0, 122.0, 96.0, 91.0, 107.0, 68.0, 24.0, 78.0, 17.0, 62.0, 111.0, 77.0, 61.0, 112.0, 143.0, 72.0, 111.0, 54.0, 107.0, 13.0, 59.0, 49.0, 15.0, 66.0, 41.0, 91.0, 127.0, 59.0, 99.0, 35.0, 54.0, 6.0, 116.0, 26.0, 87.0, 58.0, 16.0, 63.0, 81.0, 80.0, 72.0, 83.0, 90.0, 71.0, 80.0, 40.0, 96.0, 18.0, 35.0, 133.0, 83.0, 98.0, 97.0, 83.0, 14.0, 28.0, 9.0, 97.0, 71.0, 106.0, 117.0, 14.0, 1.0, 109.0, 24.0, 114.0, 71.0, 100.0, 50.0, 73.0, 76.0, 0.0, 65.0, 76.0, 82.0, 62.0, 97.0, 74.0, 92.0, 65.0, 116.0, 83.0, 36.0, 7.0, 65.0, 48.0, 47.0], [122.0, 122.0, 59.0, 122.0, 122.0, 122.0, 59.0, 59.0, 59.0, 122.0, 32.0, 104.0, 30.0, 76.0, 41.0, 72.0, 44.0, 47.0, 60.0, 107.0, 80.0, 45.0, 37.0, 35.0, 85.0, 57.0, 67.0, 72.0, 43.0, 47.0, 92.0, 67.0, 93.0, 54.0, 76.0, 97.0, 52.0, 104.0, 24.0, 51.0, 14.0, 80.0, 59.0, 7.0, 91.0, 54.0, 100.0, 24.0, 53.0, 96.0, 68.0, 38.0, 31.0, 70.0, 59.0, 71.0, 71.0, 95.0, 48.0, 51.0, 59.0, 85.0, 84.0, 93.0, 111.0, 92.0, 72.0, 27.0, 87.0, 76.0, 49.0, 31.0, 87.0, 59.0, 35.0, 34.0, 103.0, 61.0, 58.0, 58.0, 71.0, 34.0, 83.0, 74.0, 67.0, 66.0, 68.0, 41.0, 49.0, 90.0, 43.0, 43.0, 93.0, 34.0, 65.0, 0.0, 77.0, 17.0, 53.0, 40.0, 70.0, 88.0, 40.0, 91.0, 18.0, 66.0, 59.0, 9.0, 75.0, 46.0], [90.0, 90.0, 125.0, 90.0, 90.0, 90.0, 125.0, 125.0, 125.0, 90.0, 72.0, 31.0, 86.0, 31.0, 39.0, 15.0, 92.0, 101.0, 17.0, 32.0, 74.0, 92.0, 68.0, 84.0, 62.0, 49.0, 32.0, 49.0, 36.0, 58.0, 18.0, 60.0, 37.0, 82.0, 3.0, 43.0, 88.0, 79.0, 59.0, 87.0, 79.0, 42.0, 63.0, 73.0, 48.0, 63.0, 42.0, 68.0, 48.0, 60.0, 16.0, 81.0, 65.0, 22.0, 75.0, 67.0, 53.0, 18.0, 29.0, 77.0, 18.0, 7.0, 6.0, 26.0, 42.0, 16.0, 5.0, 63.0, 54.0, 30.0, 78.0, 72.0, 80.0, 30.0, 87.0, 88.0, 30.0, 61.0, 47.0, 77.0, 36.0, 48.0, 38.0, 65.0, 89.0, 76.0, 58.0, 75.0, 109.0, 22.0, 75.0, 37.0, 25.0, 51.0, 76.0, 77.0, 0.0, 87.0, 24.0, 74.0, 7.0, 16.0, 38.0, 46.0, 87.0, 40.0, 70.0, 69.0, 32.0, 36.0], [118.0, 118.0, 42.0, 118.0, 118.0, 118.0, 42.0, 42.0, 42.0, 118.0, 25.0, 116.0, 17.0, 90.0, 55.0, 84.0, 30.0, 31.0, 71.0, 119.0, 75.0, 31.0, 54.0, 23.0, 83.0, 58.0, 71.0, 73.0, 52.0, 63.0, 103.0, 84.0, 108.0, 44.0, 86.0, 112.0, 40.0, 101.0, 29.0, 40.0, 29.0, 82.0, 76.0, 24.0, 107.0, 71.0, 114.0, 41.0, 54.0, 95.0, 80.0, 28.0, 48.0, 83.0, 76.0, 67.0, 88.0, 106.0, 60.0, 67.0, 71.0, 95.0, 94.0, 106.0, 124.0, 101.0, 83.0, 28.0, 103.0, 81.0, 65.0, 47.0, 81.0, 64.0, 21.0, 20.0, 115.0, 78.0, 74.0, 74.0, 75.0, 40.0, 86.0, 70.0, 84.0, 83.0, 66.0, 58.0, 32.0, 103.0, 35.0, 56.0, 106.0, 39.0, 82.0, 17.0, 87.0, 0.0, 64.0, 33.0, 80.0, 97.0, 49.0, 94.0, 2.0, 82.0, 76.0, 21.0, 89.0, 60.0], [95.0, 95.0, 103.0, 95.0, 95.0, 95.0, 103.0, 103.0, 103.0, 95.0, 52.0, 52.0, 65.0, 33.0, 17.0, 21.0, 72.0, 81.0, 7.0, 54.0, 68.0, 73.0, 48.0, 64.0, 61.0, 39.0, 30.0, 46.0, 15.0, 40.0, 39.0, 50.0, 48.0, 66.0, 23.0, 53.0, 71.0, 81.0, 37.0, 70.0, 56.0, 45.0, 49.0, 49.0, 53.0, 48.0, 54.0, 46.0, 35.0, 64.0, 18.0, 62.0, 44.0, 23.0, 60.0, 59.0, 47.0, 42.0, 6.0, 59.0, 6.0, 31.0, 30.0, 43.0, 61.0, 39.0, 19.0, 42.0, 54.0, 34.0, 60.0, 51.0, 75.0, 21.0, 67.0, 67.0, 51.0, 49.0, 35.0, 61.0, 35.0, 26.0, 44.0, 59.0, 74.0, 62.0, 51.0, 55.0, 88.0, 39.0, 57.0, 14.0, 42.0, 30.0, 62.0, 53.0, 24.0, 64.0, 0.0, 55.0, 17.0, 37.0, 16.0, 54.0, 64.0, 34.0, 56.0, 45.0, 33.0, 16.0], [86.0, 86.0, 54.0, 86.0, 86.0, 86.0, 54.0, 54.0, 54.0, 86.0, 8.0, 104.0, 19.0, 87.0, 55.0, 76.0, 18.0, 28.0, 59.0, 105.0, 42.0, 18.0, 70.0, 14.0, 52.0, 31.0, 48.0, 43.0, 40.0, 74.0, 91.0, 93.0, 103.0, 15.0, 71.0, 108.0, 16.0, 69.0, 25.0, 15.0, 53.0, 54.0, 87.0, 44.0, 107.0, 83.0, 109.0, 59.0, 29.0, 65.0, 73.0, 8.0, 63.0, 78.0, 92.0, 35.0, 94.0, 91.0, 54.0, 85.0, 61.0, 80.0, 79.0, 97.0, 115.0, 83.0, 71.0, 17.0, 106.0, 57.0, 84.0, 66.0, 48.0, 44.0, 17.0, 18.0, 104.0, 88.0, 80.0, 91.0, 49.0, 30.0, 60.0, 38.0, 103.0, 97.0, 35.0, 77.0, 37.0, 93.0, 3.0, 55.0, 97.0, 25.0, 97.0, 40.0, 74.0, 33.0, 55.0, 0.0, 66.0, 78.0, 41.0, 66.0, 31.0, 83.0, 90.0, 34.0, 87.0, 59.0], [88.0, 88.0, 117.0, 88.0, 88.0, 88.0, 117.0, 117.0, 117.0, 88.0, 65.0, 38.0, 79.0, 33.0, 33.0, 16.0, 84.0, 94.0, 10.0, 39.0, 69.0, 84.0, 63.0, 77.0, 58.0, 43.0, 27.0, 44.0, 29.0, 54.0, 25.0, 59.0, 41.0, 75.0, 6.0, 48.0, 81.0, 76.0, 52.0, 80.0, 73.0, 39.0, 61.0, 67.0, 52.0, 60.0, 47.0, 63.0, 41.0, 57.0, 16.0, 74.0, 60.0, 23.0, 73.0, 61.0, 53.0, 26.0, 23.0, 73.0, 12.0, 14.0, 13.0, 32.0, 49.0, 21.0, 6.0, 56.0, 56.0, 26.0, 74.0, 67.0, 75.0, 23.0, 80.0, 80.0, 37.0, 60.0, 45.0, 74.0, 31.0, 40.0, 35.0, 60.0, 86.0, 74.0, 53.0, 70.0, 101.0, 28.0, 68.0, 31.0, 31.0, 44.0, 74.0, 70.0, 7.0, 80.0, 17.0, 66.0, 0.0, 20.0, 31.0, 45.0, 80.0, 40.0, 68.0, 62.0, 34.0, 31.0], [77.0, 77.0, 131.0, 77.0, 77.0, 77.0, 131.0, 131.0, 131.0, 77.0, 78.0, 33.0, 92.0, 46.0, 53.0, 30.0, 96.0, 106.0, 29.0, 32.0, 69.0, 96.0, 83.0, 90.0, 54.0, 49.0, 31.0, 45.0, 45.0, 73.0, 24.0, 76.0, 48.0, 83.0, 15.0, 54.0, 91.0, 69.0, 68.0, 90.0, 92.0, 35.0, 79.0, 85.0, 62.0, 79.0, 51.0, 82.0, 50.0, 49.0, 32.0, 86.0, 80.0, 38.0, 91.0, 63.0, 69.0, 17.0, 42.0, 93.0, 32.0, 12.0, 13.0, 34.0, 47.0, 7.0, 21.0, 70.0, 68.0, 24.0, 93.0, 87.0, 74.0, 33.0, 93.0, 94.0, 33.0, 77.0, 63.0, 93.0, 32.0, 56.0, 29.0, 61.0, 105.0, 92.0, 55.0, 90.0, 114.0, 31.0, 78.0, 51.0, 33.0, 58.0, 92.0, 88.0, 16.0, 97.0, 37.0, 78.0, 20.0, 0.0, 49.0, 35.0, 96.0, 56.0, 86.0, 79.0, 47.0, 51.0], [94.0, 94.0, 87.0, 94.0, 94.0, 94.0, 87.0, 87.0, 87.0, 94.0, 37.0, 68.0, 49.0, 47.0, 17.0, 37.0, 57.0, 66.0, 22.0, 70.0, 61.0, 57.0, 44.0, 48.0, 58.0, 31.0, 31.0, 43.0, 4.0, 41.0, 55.0, 56.0, 63.0, 53.0, 37.0, 68.0, 57.0, 79.0, 21.0, 56.0, 44.0, 46.0, 53.0, 36.0, 66.0, 50.0, 69.0, 38.0, 27.0, 65.0, 33.0, 47.0, 38.0, 37.0, 61.0, 52.0, 55.0, 57.0, 13.0, 58.0, 22.0, 46.0, 45.0, 58.0, 77.0, 52.0, 34.0, 26.0, 66.0, 39.0, 58.0, 44.0, 69.0, 22.0, 51.0, 51.0, 66.0, 53.0, 42.0, 62.0, 36.0, 11.0, 47.0, 52.0, 74.0, 65.0, 45.0, 52.0, 72.0, 55.0, 43.0, 15.0, 58.0, 15.0, 65.0, 40.0, 38.0, 49.0, 16.0, 41.0, 31.0, 49.0, 0.0, 57.0, 48.0, 44.0, 58.0, 31.0, 47.0, 20.0], [43.0, 43.0, 118.0, 43.0, 43.0, 43.0, 118.0, 118.0, 118.0, 43.0, 70.0, 67.0, 84.0, 77.0, 70.0, 60.0, 82.0, 92.0, 49.0, 66.0, 40.0, 82.0, 100.0, 79.0, 22.0, 36.0, 26.0, 22.0, 53.0, 94.0, 59.0, 103.0, 82.0, 65.0, 44.0, 88.0, 73.0, 34.0, 68.0, 72.0, 100.0, 12.0, 103.0, 91.0, 95.0, 102.0, 86.0, 95.0, 39.0, 14.0, 60.0, 74.0, 95.0, 67.0, 114.0, 38.0, 98.0, 51.0, 59.0, 113.0, 53.0, 46.0, 46.0, 69.0, 81.0, 42.0, 49.0, 66.0, 100.0, 19.0, 113.0, 101.0, 43.0, 35.0, 82.0, 84.0, 68.0, 102.0, 88.0, 115.0, 21.0, 58.0, 10.0, 34.0, 128.0, 116.0, 32.0, 108.0, 101.0, 66.0, 65.0, 67.0, 68.0, 57.0, 116.0, 91.0, 46.0, 94.0, 54.0, 66.0, 45.0, 35.0, 57.0, 0.0, 92.0, 84.0, 109.0, 82.0, 78.0, 69.0], [117.0, 117.0, 42.0, 117.0, 117.0, 117.0, 42.0, 42.0, 42.0, 117.0, 24.0, 116.0, 15.0, 90.0, 55.0, 84.0, 29.0, 30.0, 70.0, 118.0, 73.0, 30.0, 55.0, 21.0, 82.0, 57.0, 70.0, 71.0, 51.0, 64.0, 103.0, 84.0, 107.0, 43.0, 85.0, 112.0, 38.0, 99.0, 28.0, 38.0, 30.0, 80.0, 76.0, 24.0, 107.0, 72.0, 114.0, 42.0, 53.0, 94.0, 80.0, 26.0, 48.0, 83.0, 77.0, 66.0, 88.0, 105.0, 60.0, 68.0, 70.0, 94.0, 93.0, 106.0, 124.0, 100.0, 83.0, 26.0, 103.0, 79.0, 67.0, 48.0, 79.0, 63.0, 20.0, 18.0, 115.0, 79.0, 75.0, 75.0, 73.0, 40.0, 85.0, 68.0, 85.0, 83.0, 65.0, 59.0, 31.0, 102.0, 33.0, 56.0, 106.0, 38.0, 83.0, 18.0, 87.0, 2.0, 64.0, 31.0, 80.0, 96.0, 48.0, 92.0, 0.0, 82.0, 77.0, 21.0, 89.0, 60.0], [127.0, 127.0, 123.0, 127.0, 127.0, 127.0, 123.0, 123.0, 123.0, 127.0, 78.0, 50.0, 88.0, 14.0, 28.0, 26.0, 98.0, 106.0, 36.0, 54.0, 101.0, 99.0, 38.0, 89.0, 94.0, 72.0, 62.0, 79.0, 45.0, 25.0, 42.0, 20.0, 30.0, 96.0, 42.0, 33.0, 100.0, 114.0, 60.0, 99.0, 61.0, 77.0, 24.0, 60.0, 25.0, 26.0, 36.0, 46.0, 68.0, 96.0, 24.0, 88.0, 40.0, 18.0, 37.0, 93.0, 13.0, 51.0, 32.0, 41.0, 32.0, 45.0, 44.0, 37.0, 51.0, 54.0, 36.0, 67.0, 22.0, 65.0, 43.0, 46.0, 109.0, 55.0, 91.0, 91.0, 48.0, 22.0, 10.0, 39.0, 68.0, 53.0, 74.0, 92.0, 50.0, 36.0, 85.0, 43.0, 111.0, 35.0, 86.0, 29.0, 38.0, 58.0, 36.0, 66.0, 40.0, 82.0, 34.0, 83.0, 40.0, 56.0, 44.0, 84.0, 82.0, 0.0, 32.0, 61.0, 12.0, 24.0], [150.0, 150.0, 117.0, 150.0, 150.0, 150.0, 117.0, 117.0, 117.0, 150.0, 83.0, 82.0, 88.0, 45.0, 41.0, 56.0, 101.0, 105.0, 61.0, 86.0, 118.0, 101.0, 22.0, 91.0, 115.0, 89.0, 85.0, 100.0, 61.0, 17.0, 73.0, 15.0, 59.0, 104.0, 71.0, 59.0, 106.0, 136.0, 65.0, 105.0, 48.0, 100.0, 7.0, 53.0, 48.0, 8.0, 64.0, 35.0, 84.0, 120.0, 54.0, 92.0, 29.0, 49.0, 6.0, 109.0, 24.0, 82.0, 51.0, 13.0, 57.0, 76.0, 75.0, 68.0, 81.0, 85.0, 65.0, 73.0, 39.0, 90.0, 15.0, 29.0, 126.0, 76.0, 92.0, 91.0, 79.0, 10.0, 23.0, 8.0, 90.0, 64.0, 99.0, 110.0, 19.0, 7.0, 102.0, 20.0, 108.0, 67.0, 93.0, 44.0, 69.0, 69.0, 7.0, 59.0, 70.0, 76.0, 56.0, 90.0, 68.0, 86.0, 58.0, 109.0, 77.0, 32.0, 0.0, 59.0, 44.0, 40.0], [113.0, 113.0, 62.0, 113.0, 113.0, 113.0, 62.0, 62.0, 62.0, 113.0, 26.0, 97.0, 29.0, 70.0, 35.0, 64.0, 42.0, 47.0, 52.0, 99.0, 72.0, 43.0, 38.0, 32.0, 76.0, 48.0, 57.0, 63.0, 34.0, 45.0, 84.0, 65.0, 87.0, 49.0, 67.0, 91.0, 48.0, 96.0, 14.0, 47.0, 20.0, 70.0, 57.0, 10.0, 86.0, 53.0, 94.0, 25.0, 44.0, 86.0, 60.0, 34.0, 30.0, 63.0, 60.0, 63.0, 68.0, 87.0, 40.0, 52.0, 51.0, 76.0, 75.0, 86.0, 104.0, 83.0, 64.0, 19.0, 83.0, 66.0, 51.0, 33.0, 79.0, 49.0, 33.0, 32.0, 95.0, 59.0, 54.0, 59.0, 62.0, 24.0, 73.0, 65.0, 70.0, 66.0, 60.0, 43.0, 50.0, 83.0, 37.0, 36.0, 86.0, 25.0, 65.0, 9.0, 69.0, 21.0, 45.0, 34.0, 62.0, 79.0, 31.0, 82.0, 21.0, 61.0, 59.0, 0.0, 69.0, 39.0], [121.0, 121.0, 131.0, 121.0, 121.0, 121.0, 131.0, 131.0, 131.0, 121.0, 83.0, 38.0, 94.0, 2.0, 34.0, 18.0, 103.0, 111.0, 33.0, 42.0, 100.0, 104.0, 50.0, 94.0, 91.0, 71.0, 59.0, 76.0, 47.0, 37.0, 30.0, 31.0, 19.0, 99.0, 34.0, 23.0, 104.0, 110.0, 66.0, 102.0, 71.0, 72.0, 36.0, 69.0, 20.0, 38.0, 25.0, 57.0, 68.0, 91.0, 18.0, 93.0, 51.0, 11.0, 49.0, 92.0, 22.0, 40.0, 34.0, 54.0, 29.0, 36.0, 35.0, 24.0, 39.0, 44.0, 29.0, 72.0, 22.0, 60.0, 55.0, 57.0, 107.0, 53.0, 96.0, 97.0, 36.0, 34.0, 23.0, 52.0, 64.0, 57.0, 69.0, 91.0, 62.0, 48.0, 83.0, 55.0, 117.0, 23.0, 89.0, 34.0, 25.0, 62.0, 48.0, 75.0, 32.0, 89.0, 33.0, 87.0, 34.0, 47.0, 47.0, 78.0, 89.0, 12.0, 44.0, 69.0, 0.0, 30.0], [110.0, 110.0, 101.0, 110.0, 110.0, 110.0, 101.0, 101.0, 101.0, 110.0, 54.0, 59.0, 64.0, 30.0, 5.0, 27.0, 74.0, 82.0, 22.0, 62.0, 80.0, 75.0, 32.0, 65.0, 75.0, 50.0, 44.0, 60.0, 22.0, 25.0, 47.0, 37.0, 48.0, 72.0, 36.0, 52.0, 76.0, 95.0, 36.0, 75.0, 45.0, 60.0, 34.0, 41.0, 48.0, 32.0, 54.0, 33.0, 46.0, 80.0, 23.0, 64.0, 29.0, 24.0, 45.0, 71.0, 35.0, 53.0, 11.0, 43.0, 19.0, 43.0, 42.0, 47.0, 65.0, 52.0, 31.0, 43.0, 46.0, 50.0, 44.0, 36.0, 87.0, 36.0, 67.0, 67.0, 58.0, 34.0, 22.0, 46.0, 50.0, 29.0, 59.0, 71.0, 58.0, 47.0, 63.0, 40.0, 87.0, 44.0, 62.0, 5.0, 48.0, 34.0, 47.0, 46.0, 36.0, 60.0, 16.0, 59.0, 31.0, 51.0, 20.0, 69.0, 60.0, 24.0, 40.0, 39.0, 30.0, 0.0]]
