100 8199.15 0 1680 28 60
[6003.97, 2816.48, 8734.18, 7957.73, 6800.28, 9667.57, 1718.23, 8064.59, 7656.38, 424.95, 8278.2, 3568.14, 5977.32, 2520.09, 2735.71, 1471.8, 9440.02, 8334.5, 7538.79, 1572.94, 4096.53, 6542.84, 3547.65, 7219.72, 9212.75, 9283.96, 2401.6, 9009.1, 2685.63, 6425.81, 5857.07, 9114.76, 6234.76, 502.64, 3165.63, 7037.45, 5101.78, 7288.98, 415.92, 1918.23, 3706.46, 4668.61, 5111.85, 2720.57, 4280.78, 2804.48, 6933.44, 5286.47, 1644.62, 9316.28, 3195.29, 7229.18, 2829.27, 8146.25, 4609.05, 771.0, 8652.27, 8082.43, 7210.13, 5186.41, 9837.09, 8642.3, 8226.01, 2858.88, 3564.74, 8026.48, 4705.34, 3184.79, 5370.71, 5380.78, 6296.29, 263.41, 7545.74, 5149.61, 9616.53, 2549.95, 6882.59, 8318.44, 3032.96, 2647.76, 4076.65, 2539.0, 984.28, 9180.36, 4062.73, 5745.08, 438.66, 6187.24, 8729.44, 3677.92, 8000.75, 133.93, 5996.07, 9834.62, 6993.99, 9150.84, 2630.63, 6848.54, 4846.54, 6879.16]
[1368.5, 8970.22, 2122.97, 1664.89, 1482.63, 2295.93, 2648.58, 6393.04, 5667.44, 7216.1, 2569.42, 1253.45, 7534.29, 8310.52, 8706.45, 8159.78, 3992.52, 5754.98, 4576.86, 8927.01, 2065.24, 7978.07, 1521.12, 2732.01, 3440.09, 2222.68, 6893.51, 2356.07, 2922.12, 7138.05, 7226.98, 7628.83, 4643.26, 5077.7, 7322.83, 5605.92, 3870.15, 5936.75, 8580.4, 1745.25, 1947.91, 7505.71, 3182.83, 8949.48, 3545.98, 4229.91, 3735.38, 5716.67, 1330.52, 4056.5, 5608.27, 5890.83, 1775.09, 3733.78, 2806.98, 4366.94, 7512.07, 8458.82, 5449.0, 1330.21, 2331.01, 7378.39, 1363.09, 7478.85, 1547.14, 8465.89, 2748.64, 1465.2, 8561.48, 7963.98, 4699.48, 8873.43, 3135.88, 4298.09, 5569.33, 1306.37, 7148.85, 8327.31, 4358.08, 5220.34, 1477.59, 5932.13, 4415.63, 4657.45, 6577.0, 7588.4, 1604.46, 7834.77, 1735.34, 4239.43, 6433.71, 2796.66, 5841.04, 3188.83, 4173.04, 1337.64, 7914.37, 4131.55, 4276.65, 8040.54]
[6, 3, 8, 8, 7, 9, 2, 8, 7, 1, 8, 4, 6, 3, 3, 2, 9, 8, 7, 2, 4, 6, 4, 7, 9, 9, 3, 9, 3, 6, 6, 9, 6, 1, 3, 7, 5, 7, 1, 2, 4, 5, 5, 3, 4, 3, 7, 5, 2, 9, 3, 7, 3, 8, 5, 1, 8, 8, 7, 5, 9, 8, 8, 3, 4, 8, 5, 3, 5, 5, 6, 1, 7, 5, 9, 3, 7, 8, 3, 3, 4, 3, 1, 9, 4, 6, 1, 6, 8, 4, 8, 1, 6, 9, 7, 9, 3, 7, 5, 7]
[1, 2, 3, 4, 5, 6, 7, 8, 9, 10, 11, 12, 13, 14, 15, 16, 17, 18, 19, 20, 21, 22, 23, 24, 25, 26, 27, 28, 29, 30, 31, 32, 33, 34, 35, 36, 37, 38, 39, 40, 41, 42, 43, 44, 45, 46, 47, 48, 49, 50, 51, 52, 53, 54, 55, 56, 57, 58, 59, 60, 61, 62, 63, 64, 65, 66, 67, 68, 69, 70, 71, 72, 73, 74, 75, 76, 77, 78, 79, 80, 81, 82, 83, 84, 85, 86, 87, 88, 89, 90, 91, 92, 93, 94, 95, 96, 97, 98, 99, 100]
[1, 3, 1, 1, 1, 3, 3, 1, 1, 3, 1, 2, 1, 3, 3, 3, 3, 1, 1, 3, 2, 1, 2, 1, 3, 3, 3, 3, 3, 1, 1, 3, 1, 3, 3, 1, 2, 1, 3, 3, 2, 2, 2, 3, 2, 3, 1, 2, 3, 3, 3, 1, 3, 1, 2, 3, 1, 1, 1, 2, 3, 1, 1, 3, 2, 1, 2, 3, 2, 2, 1, 3, 1, 2, 3, 3, 1, 1, 3, 3, 2, 3, 3, 3, 2, 1, 3, 1, 1, 2, 1, 3, 1, 3, 1, 3, 3, 1, 2, 1]
[2, 3, 1, 1, 2, 1, 1, 1, 2, 2, 1, 1, 2, 3, 3, 1, 1, 1, 2, 1, 1, 2, 1, 2, 1, 1, 3, 1, 3, 2, 2, 1, 2, 2, 3, 2, 2, 2, 2, 1, 1, 2, 2, 3, 1, 3, 2, 2, 1, 1, 3, 2, 3, 1, 2, 2, 1, 1, 2, 2, 1, 1, 1, 3, 1, 1, 2, 3, 2, 2, 2, 2, 2, 2, 1, 3, 2, 1, 3, 3, 1, 3, 2, 1, 1, 2, 2, 2, 1, 1, 1, 2, 2, 1, 2, 1, 3, 2, 2, 2]
[7, 7, 9, 5, 4, 5, 3, 6, 2, 8, 7, 4, 5, 6, 5, 3, 1, 10, 1, 9, 6, 3, 6, 10, 6, 4, 4, 2, 4, 9, 8, 4, 2, 9, 8, 9, 9, 5, 5, 4, 1, 8, 9, 6, 2, 2, 10, 7, 9, 9, 2, 3, 4, 7, 6, 2, 4, 4, 7, 1, 5, 8, 6, 8, 7, 1, 6, 6, 6, 10, 1, 10, 3, 5, 8, 4, 1, 8, 3, 7, 8, 6, 5, 4, 7, 4, 10, 1, 5, 1, 2, 8, 6, 7, 8, 10, 1, 1, 3, 3]
[4019.26, 4331.42, 3325.43, 4693.09, 3483.85, 4332.0, 3856.14, 4496.82, 3941.99, 3719.62, 4033.4, 4432.89, 4559.58, 4667.03, 4386.96, 3235.25, 3703.3, 3928.09, 3725.21, 3301.69, 4568.63, 3695.54, 4455.5, 4175.16, 4775.87, 4305.52, 3925.02, 3955.45, 4139.93, 3348.5, 4336.59, 3983.76, 3823.34, 3407.2, 3455.27, 3427.72, 3310.38, 4327.13, 4277.85, 4225.65, 3775.24, 3778.59, 3448.65, 4718.25, 3716.72, 3986.74, 4317.71, 4407.34, 3261.83, 3422.76, 3801.33, 3751.92, 3885.68, 3742.9, 4825.79, 3516.64, 3512.66, 4166.17, 3635.54, 3506.38, 4639.57, 3751.9, 4862.03, 3907.0, 4216.76, 3707.05, 4414.58, 4503.68, 4818.95, 4172.6, 3821.99, 4240.95, 3636.34, 4428.75, 4094.35, 4426.19, 3662.36, 3442.3, 4102.93, 4628.94, 4105.41, 4683.6, 4708.95, 4395.57, 4148.02, 4544.06, 4595.08, 3495.57, 4307.86, 3794.58, 4316.34, 3456.02, 4258.65, 4499.43, 3839.24, 3988.7, 3788.27, 3716.15, 3411.72, 4026.03]
[0.73, 0.71, 0.23, 0.76, 0.6, 0.62, 0.64, 0.12, 0.79, 0.78, 0.63, 0.62, 0.75, 0.36, 0.57, 0.71, 0.55, 0.15, 0.54, 0.23, 0.49, 0.74, 0.38, 0.14, 0.05, 0.33, 0.76, 0.9, 0.27, 0.24, 0.78, 0.57, 0.22, 0.24, 0.74, 0.24, 0.22, 0.71, 0.45, 0.46, 0.58, 0.75, 0.24, 0.39, 0.42, 0.65, 0.15, 0.77, 0.22, 0.23, 0.53, 0.34, 0.62, 0.68, 0.7, 0.47, 0.43, 0.71, 0.66, 0.54, 0.45, 0.77, 0.48, 0.71, 0.67, 0.6, 0.48, 0.61, 0.11, 0.14, 0.52, 0.13, 0.75, 0.77, 0.77, 0.66, 0.52, 0.72, 0.56, 0.69, 0.77, 0.49, 0.67, 0.46, 0.67, 0.8, 0.17, 0.6, 0.83, 0.68, 0.22, 0.71, 0.23, 0.66, 0.78, 0.14, 0.4, 0.47, 0.37, 0.29]
[0.55, 0.77, 0.9, 0.92, 0.81, 0.75, 0.67, 0.94, 1.06, 0.59, 0.79, 0.96, 0.57, 1.05, 0.99, 0.6, 0.82, 0.55, 1.09, 0.69, 0.65, 0.58, 0.71, 0.64, 0.7, 1.08, 0.86, 1.03, 0.97, 0.99, 0.63, 1.05, 0.79, 0.82, 0.96, 0.83, 0.94, 1.08, 0.85, 0.84, 0.68, 0.7, 0.97, 0.54, 1.06, 0.61, 0.8, 0.54, 0.53, 0.94, 0.9, 0.58, 0.97, 0.89, 0.62, 0.87, 0.54, 0.69, 0.53, 0.92, 0.67, 1.01, 0.73, 1.09, 0.84, 0.8, 1.08, 0.73, 0.96, 0.6, 0.53, 0.58, 1.07, 0.76, 0.6, 0.65, 0.58, 0.63, 0.62, 0.93, 0.64, 0.82, 1.09, 1.02, 0.86, 0.6, 0.71, 0.63, 0.62, 0.83, 1.01, 0.81, 0.8, 0.75, 0.68, 0.99, 0.69, 0.52, 0.65, 1.03]
[0.82, 0.68, 0.73, 1.04, 1.05, 0.86, 1.06, 0.57, 0.58, 0.97, 1.06, 0.78, 0.66, 0.81, 0.91, 1.01, 0.65, 0.88, 0.7, 0.95, 0.56, 0.85, 1.0, 0.63, 0.6, 0.91, 0.67, 1.04, 0.76, 0.62, 0.66, 0.82, 0.94, 0.65, 1.06, 0.66, 0.78, 0.69, 0.51, 1.08, 0.62, 0.83, 0.71, 0.76, 0.58, 0.91, 0.73, 0.65, 0.64, 0.67, 0.75, 0.81, 1.06, 0.63, 0.72, 1.05, 0.73, 1.05, 0.73, 0.58, 0.63, 0.62, 0.58, 0.8, 1.07, 0.74, 0.79, 1.05, 0.71, 0.9, 0.58, 0.78, 0.66, 0.77, 0.74, 0.71, 0.72, 0.6, 0.85, 0.86, 0.83, 0.91, 0.81, 0.75, 1.02, 0.61, 0.55, 0.96, 0.58, 0.64, 0.53, 1.09, 0.96, 0.77, 0.84, 0.88, 0.77, 0.94, 0.93, 0.82]
[0.94, 0.67, 0.57, 1.06, 0.51, 0.9, 0.87, 0.58, 0.7, 0.63, 1.06, 1.05, 0.92, 1.08, 0.8, 0.7, 0.58, 0.9, 0.86, 0.62, 0.9, 0.75, 0.7, 1.04, 0.61, 0.94, 0.71, 0.62, 0.85, 0.85, 0.78, 1.06, 0.92, 1.06, 0.63, 0.68, 0.83, 0.61, 0.53, 0.92, 0.97, 0.56, 0.91, 0.88, 0.79, 0.99, 0.74, 0.9, 0.7, 0.66, 0.56, 1.01, 1.05, 0.7, 0.73, 0.82, 0.69, 0.59, 0.66, 0.95, 1.06, 0.7, 0.52, 0.57, 0.9, 0.9, 0.68, 1.0, 0.83, 0.51, 1.04, 0.75, 0.51, 0.66, 0.71, 0.64, 0.93, 0.77, 0.75, 0.74, 0.67, 0.68, 0.7, 0.82, 0.87, 0.94, 0.85, 0.79, 1.0, 0.72, 0.7, 0.68, 0.66, 0.58, 0.99, 0.54, 0.75, 0.62, 0.94, 0.58]
[0.9, 0.78, 0.55, 0.81, 0.64, 0.64, 0.7, 0.94, 1.0, 0.53, 0.63, 0.89, 0.95, 0.66, 0.62, 0.82, 1.01, 0.95, 0.64, 0.91, 0.68, 0.58, 0.99, 1.03, 0.57, 1.02, 0.68, 0.59, 0.98, 0.95, 0.72, 0.91, 1.09, 0.8, 0.52, 0.93, 0.73, 1.08, 0.56, 0.85, 0.6, 0.56, 0.51, 0.86, 1.07, 0.57, 0.56, 0.98, 0.72, 0.83, 0.62, 1.08, 0.82, 0.96, 0.83, 0.97, 0.5, 0.68, 0.85, 0.88, 1.03, 0.83, 1.08, 0.75, 0.69, 0.75, 0.66, 0.64, 0.62, 0.72, 0.51, 0.72, 0.96, 1.09, 0.74, 0.76, 0.67, 0.54, 0.74, 0.56, 0.97, 1.07, 0.63, 1.02, 0.99, 0.59, 0.88, 0.74, 0.97, 0.76, 0.63, 0.81, 0.89, 0.89, 1.04, 0.76, 0.65, 0.73, 0.61, 0.82]
[0.83, 0.8, 0.99, 0.72, 0.51, 0.57, 1.01, 0.62, 1.04, 0.86, 1.1, 0.66, 0.96, 1.08, 0.97, 0.56, 0.77, 0.6, 0.96, 0.77, 0.92, 0.66, 0.64, 1.05, 0.91, 0.65, 0.96, 0.61, 0.65, 0.75, 0.74, 0.87, 0.64, 0.79, 0.83, 0.92, 0.79, 0.93, 0.97, 0.57, 0.87, 0.61, 0.68, 0.71, 0.68, 0.77, 1.0, 0.75, 0.88, 1.06, 0.89, 0.86, 0.87, 0.61, 0.81, 0.98, 0.57, 0.9, 0.77, 0.7, 0.59, 0.58, 0.61, 0.94, 0.75, 1.0, 0.72, 0.56, 0.82, 0.6, 0.97, 1.04, 0.79, 0.89, 0.71, 0.88, 0.69, 0.86, 0.81, 0.63, 0.95, 0.81, 0.66, 0.57, 0.52, 1.0, 0.7, 0.79, 0.96, 0.74, 0.74, 0.77, 1.03, 1.07, 0.58, 0.72, 0.51, 0.92, 0.54, 0.99]
[0.31, 0.22, 0.2, 0.59, 0.14, 0.21, 0.44, 0.18, 0.45, 0.16, 0.62, 0.46, 0.31, 0.65, 0.44, 0.19, 0.24, 0.25, 0.41, 0.29, 0.21, 0.14, 0.32, 0.45, 0.13, 0.62, 0.27, 0.24, 0.4, 0.37, 0.18, 0.72, 0.48, 0.36, 0.27, 0.32, 0.35, 0.45, 0.12, 0.4, 0.21, 0.11, 0.22, 0.22, 0.35, 0.24, 0.24, 0.23, 0.15, 0.37, 0.21, 0.44, 0.77, 0.23, 0.22, 0.71, 0.08, 0.26, 0.17, 0.31, 0.27, 0.21, 0.14, 0.35, 0.42, 0.4, 0.28, 0.28, 0.29, 0.12, 0.16, 0.25, 0.27, 0.38, 0.16, 0.2, 0.18, 0.13, 0.24, 0.21, 0.33, 0.44, 0.26, 0.36, 0.4, 0.2, 0.2, 0.28, 0.33, 0.22, 0.17, 0.37, 0.47, 0.32, 0.34, 0.25, 0.13, 0.2, 0.19, 0.4]
[711.81, 627.57, 1032.54, 1167.53, 1123.02, 892.72, 1760.25, 1065.98, 1285.6, 3318.53, 780.45, 1027.46, 1138.45, 1083.17, 1003.61, 2020.26, 1220.96, 1769.96, 1098.8, 1230.68, 1546.83, 2370.81, 1326.53, 1424.1, 1088.3, 999.82, 1049.54, 1334.19, 1090.03, 1007.38, 3297.47, 1115.37, 761.82, 747.85, 3031.76, 1028.26, 952.42, 1153.91, 805.78, 1087.31, 1108.17, 3255.02, 1022.39, 1452.99, 1102.1, 1042.55, 1777.01, 871.4, 911.42, 834.67, 962.55, 1403.54, 1377.97, 693.42, 1473.69, 1098.43, 908.94, 1180.63, 610.72, 1163.7, 917.11, 3574.63, 1389.43, 3287.43, 1004.81, 1085.99, 1441.45, 1403.07, 999.04, 1644.3, 1193.01, 1536.89, 1745.66, 1197.01, 3211.73, 1133.99, 1167.12, 3106.29, 1905.53, 894.25, 3149.41, 1438.32, 960.1, 1166.58, 883.17, 1000.7, 1433.39, 1478.08, 1181.96, 1186.52, 818.67, 3087.1, 1144.39, 534.53, 3527.37, 1362.54, 1022.22, 1272.47, 1560.03, 1877.35]
[207.72, 155.48, 220.36, 676.38, 169.72, 176.26, 730.2, 202.61, 585.2, 580.79, 495.96, 456.47, 347.46, 730.0, 449.76, 372.57, 290.06, 464.76, 477.05, 340.96, 318.92, 340.76, 403.09, 682.1, 133.93, 613.83, 289.33, 328.29, 447.53, 360.64, 625.35, 807.28, 365.94, 286.94, 832.39, 348.77, 356.9, 523.82, 87.23, 442.61, 203.98, 364.09, 223.67, 343.47, 365.17, 262.09, 431.37, 204.17, 140.78, 314.59, 185.91, 622.63, 1056.97, 155.48, 334.79, 775.47, 58.56, 292.0, 88.94, 363.41, 248.06, 743.34, 197.92, 1167.6, 426.18, 453.04, 419.51, 361.61, 285.58, 197.76, 186.88, 398.82, 484.19, 469.77, 512.51, 237.97, 191.85, 441.06, 434.18, 180.1, 1078.54, 611.57, 224.97, 422.35, 347.98, 210.91, 299.98, 445.63, 436.93, 226.21, 137.81, 1132.94, 561.01, 175.27, 1309.07, 321.9, 145.68, 261.26, 307.31, 712.85]
[3059.03, 2637.87, 4662.68, 5337.67, 5115.11, 3963.6, 8301.23, 4829.88, 5927.99, 16092.67, 3402.24, 4637.28, 5192.23, 4915.85, 4518.07, 9601.28, 5604.78, 8349.8, 4993.98, 5653.42, 7234.17, 11354.07, 6132.65, 6620.5, 4941.51, 4499.12, 4747.72, 6170.96, 4950.16, 4536.9, 15987.36, 5076.86, 3309.12, 3239.27, 14658.79, 4641.3, 4262.08, 5269.55, 3528.89, 4936.53, 5040.84, 15775.1, 4611.95, 6764.94, 5010.51, 4712.75, 8385.04, 3857.0, 4057.08, 3673.37, 4312.73, 6517.72, 6389.83, 2967.08, 6868.45, 4992.17, 4044.7, 5403.15, 2553.59, 5318.48, 4085.54, 17373.14, 6447.14, 15937.16, 4524.03, 4929.94, 6707.23, 6515.37, 4495.18, 7721.51, 5465.05, 7184.46, 8228.32, 5485.03, 15558.66, 5169.94, 5335.59, 15031.46, 9027.66, 3971.25, 15247.05, 6691.58, 4300.49, 5332.91, 3915.87, 4503.51, 6666.97, 6890.42, 5409.81, 5432.59, 3593.33, 14935.5, 5221.93, 2172.63, 17136.84, 6312.69, 4611.09, 5862.35, 7300.16, 8886.75]
[538.62, 277.39, 601.81, 2881.88, 348.58, 381.3, 3151.0, 513.06, 2425.99, 2403.93, 1979.81, 1782.36, 1237.29, 3149.99, 1748.79, 1362.87, 950.29, 1823.79, 1885.27, 1204.82, 1094.62, 1203.81, 1515.45, 2910.48, 169.63, 2569.16, 946.63, 1141.46, 1737.65, 1303.18, 2626.74, 3536.39, 1329.69, 934.72, 3661.93, 1243.87, 1284.51, 2119.11, -63.83, 1713.03, 519.91, 1320.43, 618.35, 1217.35, 1325.86, 810.47, 1656.86, 520.85, 203.89, 1072.94, 429.54, 2613.16, 4784.84, 277.42, 1173.95, 3377.34, -207.22, 960.02, -55.29, 1317.03, 740.29, 3216.7, 489.61, 5338.01, 1630.88, 1765.21, 1597.53, 1308.05, 927.9, 488.78, 434.38, 1494.1, 1920.95, 1848.87, 2062.54, 689.83, 459.25, 1705.28, 1670.9, 400.52, 4892.7, 2557.87, 624.87, 1611.76, 1239.9, 554.55, 999.89, 1728.13, 1684.66, 631.05, 189.06, 5164.7, 2305.05, 376.37, 6045.37, 1109.48, 228.4, 806.31, 1036.54, 3064.24]
[80.39, 173.26, 66.51, 93.86, 69.68, 173.28, 154.25, 89.94, 78.84, 148.78, 80.67, 132.99, 91.19, 186.68, 175.48, 129.41, 148.13, 78.56, 74.5, 132.07, 137.06, 73.91, 133.66, 83.5, 191.03, 172.22, 157.0, 158.22, 165.6, 66.97, 86.73, 159.35, 76.47, 136.29, 138.21, 68.55, 99.31, 86.54, 171.11, 169.03, 113.26, 113.36, 103.46, 188.73, 111.5, 159.47, 86.35, 132.22, 130.47, 136.91, 152.05, 75.04, 155.43, 74.86, 144.77, 140.67, 70.25, 83.32, 72.71, 105.19, 185.58, 75.04, 97.24, 156.28, 126.5, 74.14, 132.44, 180.15, 144.57, 125.18, 76.44, 169.64, 72.73, 132.86, 163.77, 177.05, 73.25, 68.85, 164.12, 185.16, 123.16, 187.34, 188.36, 175.82, 124.44, 90.88, 183.8, 69.91, 86.16, 113.84, 86.33, 138.24, 85.17, 179.98, 76.78, 159.55, 151.53, 74.32, 102.35, 80.52]
[2, 9, 2, 3, 2, 9, 8, 3, 2, 7, 2, 6, 3, 10, 9, 6, 7, 2, 2, 7, 6, 2, 6, 2, 10, 9, 8, 8, 8, 2, 3, 8, 2, 7, 7, 2, 4, 3, 9, 9, 5, 5, 4, 10, 5, 8, 3, 6, 6, 7, 8, 2, 8, 2, 6, 7, 2, 2, 2, 5, 9, 2, 3, 8, 6, 2, 6, 9, 6, 5, 2, 9, 2, 6, 8, 9, 2, 2, 8, 9, 5, 10, 10, 9, 5, 3, 9, 2, 3, 5, 3, 7, 3, 9, 2, 8, 8, 2, 4, 2]
[40, 12, 43, 4, 57, 56, 53, 44, 37, 20, 21, 35, 42, 11, 7, 8, 0, 14, 22, 29, 47, 13, 49, 46, 54, 29, 52, 32, 34, 25, 23, 32, 16, 14, 34, 36, 4, 32, 51, 55, 58, 29, 7, 20, 55, 30, 1, 33, 8, 0, 2, 42, 53, 28, 32, 56, 44, 34, 25, 14, 48, 19, 1, 55, 52, 42, 44, 7, 16, 3, 29, 46, 33, 24, 21, 15, 31, 21, 24, 2, 36, 35, 49, 14, 41, 41, 12, 11, 24, 1, 41, 48, 8, 0, 29, 10, 28, 19, 49, 47]
[60, 57, 60, 60, 60, 60, 60, 60, 60, 60, 60, 52, 60, 59, 48, 60, 43, 42, 33, 50, 60, 60, 60, 54, 60, 36, 60, 59, 60, 60, 60, 60, 60, 60, 60, 60, 18, 57, 59, 60, 60, 58, 17, 60, 60, 60, 9, 60, 60, 26, 28, 60, 60, 60, 60, 60, 60, 60, 60, 53, 60, 58, 20, 60, 60, 60, 60, 45, 60, 23, 60, 60, 60, 60, 60, 60, 60, 44, 30, 45, 60, 60, 60, 54, 60, 60, 45, 60, 60, 21, 60, 60, 60, 39, 43, 42, 53, 34, 60, 60]
2
[0.0, 0.0]
[10000.0, 10000.0]
[[0.0, 0.0, 5.0, 1.0, 6.0, 5.0, 5.0, 6.0, 4.0, 4.0, 4.0, 1.0, 5.0, 4.0, 3.0, 1.0, 1.0, 1.0, 5.0, 4.0, 4.0, 1.0, 4.0, 3.0, 4.0, 5.0, 5.0, 6.0, 2.0, 6.0, 4.0, 3.0, 3.0, 4.0, 4.0, 2.0, 2.0, 4.0, 4.0, 4.0, 1.0, 4.0, 4.0, 3.0, 4.0, 1.0, 4.0, 3.0, 4.0, 3.0, 4.0, 5.0, 3.0, 4.0, 4.0, 5.0, 4.0, 3.0, 4.0, 4.0, 4.0, 5.0, 6.0, 4.0, 6.0, 2.0, 4.0, 4.0, 4.0, 4.0, 3.0, 3.0, 4.0, 1.0, 5.0, 4.0, 5.0, 4.0, 4.0, 4.0, 3.0, 3.0, 4.0, 2.0, 3.0, 5.0, 3.0, 3.0, 4.0, 3.0, 6.0, 3.0, 4.0, 3.0, 3.0, 6.0, 4.0, 6.0, 2.0, 4.0, 4.0, 3.0], [0.0, 0.0, 5.0, 1.0, 6.0, 5.0, 5.0, 6.0, 4.0, 4.0, 4.0, 1.0, 5.0, 4.0, 3.0, 1.0, 1.0, 1.0, 5.0, 4.0, 4.0, 1.0, 4.0, 3.0, 4.0, 5.0, 5.0, 6.0, 2.0, 6.0, 4.0, 3.0, 3.0, 4.0, 4.0, 2.0, 2.0, 4.0, 4.0, 4.0, 1.0, 4.0, 4.0, 3.0, 4.0, 1.0, 4.0, 3.0, 4.0, 3.0, 4.0, 5.0, 3.0, 4.0, 4.0, 5.0, 4.0, 3.0, 4.0, 4.0, 4.0, 5.0, 6.0, 4.0, 6.0, 2.0, 4.0, 4.0, 4.0, 4.0, 3.0, 3.0, 4.0, 1.0, 5.0, 4.0, 5.0, 4.0, 4.0, 4.0, 3.0, 3.0, 4.0, 2.0, 3.0, 5.0, 3.0, 3.0, 4.0, 3.0, 6.0, 3.0, 4.0, 3.0, 3.0, 6.0, 4.0, 6.0, 2.0, 4.0, 4.0, 3.0], [5.0, 5.0, 0.0, 4.0, 1.0, 1.0, 0.0, 2.0, 2.0, 3.0, 2.0, 4.0, 1.0, 1.0, 3.0, 4.0, 4.0, 4.0, 2.0, 2.0, 2.0, 4.0, 1.0, 3.0, 1.0, 1.0, 2.0, 2.0, 3.0, 1.0, 2.0, 3.0, 3.0, 3.0, 2.0, 3.0, 3.0, 2.0, 1.0, 2.0, 4.0, 2.0, 1.0, 3.0, 1.0, 4.0, 1.0, 2.0, 1.0, 2.0, 2.0, 2.0, 2.0, 2.0, 2.0, 2.0, 1.0, 3.0, 3.0, 4.0, 2.0, 0.0, 2.0, 3.0, 1.0, 3.0, 1.0, 4.0, 1.0, 1.0, 3.0, 3.0, 2.0, 4.0, 1.0, 1.0, 3.0, 2.0, 3.0, 3.0, 2.0, 2.0, 1.0, 3.0, 3.0, 2.0, 3.0, 3.0, 3.0, 3.0, 1.0, 2.0, 3.0, 3.0, 2.0, 2.0, 1.0, 1.0, 3.0, 1.0, 1.0, 3.0], [1.0, 1.0, 4.0, 0.0, 4.0, 4.0, 4.0, 5.0, 3.0, 3.0, 3.0, 1.0, 4.0, 4.0, 2.0, 0.0, 0.0, 1.0, 4.0, 3.0, 3.0, 1.0, 3.0, 2.0, 4.0, 4.0, 4.0, 4.0, 1.0, 4.0, 3.0, 2.0, 2.0, 3.0, 3.0, 2.0, 1.0, 3.0, 3.0, 3.0, 1.0, 3.0, 3.0, 1.0, 3.0, 0.0, 3.0, 2.0, 3.0, 2.0, 4.0, 4.0, 2.0, 3.0, 3.0, 4.0, 3.0, 2.0, 3.0, 3.0, 3.0, 4.0, 5.0, 3.0, 4.0, 1.0, 4.0, 2.0, 3.0, 4.0, 1.0, 1.0, 3.0, 1.0, 4.0, 2.0, 4.0, 4.0, 2.0, 3.0, 2.0, 2.0, 4.0, 1.0, 2.0, 4.0, 1.0, 2.0, 4.0, 2.0, 4.0, 2.0, 3.0, 3.0, 2.0, 4.0, 3.0, 5.0, 1.0, 3.0, 2.0, 2.0], [6.0, 6.0, 1.0, 4.0, 0.0, 0.0, 1.0, 0.0, 3.0, 2.0, 2.0, 5.0, 0.0, 2.0, 3.0, 4.0, 4.0, 4.0, 1.0, 2.0, 1.0, 5.0, 2.0, 3.0, 2.0, 1.0, 1.0, 0.0, 4.0, 0.0, 3.0, 3.0, 3.0, 3.0, 2.0, 4.0, 4.0, 2.0, 2.0, 2.0, 5.0, 3.0, 2.0, 3.0, 2.0, 4.0, 2.0, 3.0, 1.0, 2.0, 3.0, 1.0, 3.0, 2.0, 3.0, 1.0, 2.0, 4.0, 3.0, 3.0, 2.0, 2.0, 1.0, 2.0, 0.0, 4.0, 2.0, 3.0, 2.0, 3.0, 3.0, 3.0, 2.0, 5.0, 1.0, 2.0, 2.0, 3.0, 3.0, 3.0, 3.0, 3.0, 2.0, 3.0, 4.0, 1.0, 3.0, 3.0, 4.0, 3.0, 0.0, 3.0, 2.0, 4.0, 2.0, 1.0, 1.0, 0.0, 4.0, 1.0, 2.0, 3.0], [5.0, 5.0, 1.0, 4.0, 0.0, 0.0, 1.0, 1.0, 3.0, 2.0, 2.0, 4.0, 0.0, 2.0, 3.0, 4.0, 4.0, 4.0, 1.0, 2.0, 1.0, 5.0, 2.0, 3.0, 2.0, 1.0, 1.0, 1.0, 4.0, 1.0, 3.0, 3.0, 3.0, 3.0, 2.0, 4.0, 4.0, 2.0, 2.0, 2.0, 5.0, 3.0, 2.0, 3.0, 2.0, 4.0, 2.0, 3.0, 1.0, 2.0, 3.0, 1.0, 3.0, 2.0, 2.0, 1.0, 2.0, 4.0, 3.0, 3.0, 2.0, 1.0, 1.0, 3.0, 0.0, 4.0, 2.0, 3.0, 2.0, 2.0, 4.0, 3.0, 2.0, 5.0, 1.0, 2.0, 2.0, 3.0, 3.0, 3.0, 3.0, 3.0, 2.0, 3.0, 4.0, 2.0, 3.0, 3.0, 4.0, 3.0, 0.0, 2.0, 2.0, 4.0, 2.0, 1.0, 1.0, 1.0, 4.0, 1.0, 2.0, 3.0], [5.0, 5.0, 0.0, 4.0, 1.0, 1.0, 0.0, 1.0, 2.0, 2.0, 2.0, 4.0, 1.0, 2.0, 3.0, 4.0, 4.0, 4.0, 2.0, 2.0, 2.0, 4.0, 1.0, 3.0, 2.0, 1.0, 1.0, 1.0, 3.0, 1.0, 2.0, 3.0, 3.0, 3.0, 2.0, 3.0, 3.0, 2.0, 1.0, 2.0, 5.0, 2.0, 1.0, 3.0, 1.0, 4.0, 2.0, 2.0, 1.0, 2.0, 2.0, 2.0, 3.0, 2.0, 2.0, 1.0, 1.0, 3.0, 3.0, 3.0, 2.0, 1.0, 1.0, 3.0, 1.0, 3.0, 2.0, 3.0, 1.0, 2.0, 3.0, 3.0, 2.0, 5.0, 1.0, 2.0, 2.0, 2.0, 3.0, 3.0, 2.0, 3.0, 1.0, 3.0, 3.0, 2.0, 3.0, 3.0, 3.0, 3.0, 1.0, 2.0, 2.0, 3.0, 2.0, 2.0, 1.0, 1.0, 4.0, 1.0, 2.0, 3.0], [6.0, 6.0, 2.0, 5.0, 0.0, 1.0, 1.0, 0.0, 4.0, 2.0, 2.0, 5.0, 1.0, 3.0, 3.0, 4.0, 4.0, 5.0, 1.0, 2.0, 1.0, 5.0, 3.0, 3.0, 3.0, 1.0, 1.0, 0.0, 4.0, 0.0, 3.0, 3.0, 3.0, 3.0, 2.0, 5.0, 4.0, 2.0, 2.0, 2.0, 5.0, 4.0, 3.0, 3.0, 2.0, 5.0, 3.0, 3.0, 1.0, 3.0, 4.0, 1.0, 3.0, 2.0, 3.0, 1.0, 2.0, 4.0, 3.0, 3.0, 2.0, 2.0, 0.0, 2.0, 1.0, 4.0, 3.0, 3.0, 2.0, 3.0, 4.0, 3.0, 2.0, 5.0, 1.0, 2.0, 2.0, 3.0, 3.0, 3.0, 3.0, 4.0, 3.0, 4.0, 4.0, 1.0, 3.0, 3.0, 4.0, 3.0, 1.0, 3.0, 2.0, 5.0, 2.0, 0.0, 2.0, 1.0, 4.0, 2.0, 2.0, 3.0], [4.0, 4.0, 2.0, 3.0, 3.0, 3.0, 2.0, 4.0, 0.0, 4.0, 3.0, 2.0, 3.0, 1.0, 3.0, 3.0, 3.0, 3.0, 4.0, 3.0, 3.0, 3.0, 1.0, 3.0, 1.0, 3.0, 4.0, 4.0, 2.0, 3.0, 0.0, 3.0, 3.0, 4.0, 2.0, 1.0, 2.0, 3.0, 2.0, 3.0, 3.0, 0.0, 1.0, 3.0, 2.0, 3.0, 1.0, 1.0, 3.0, 2.0, 1.0, 4.0, 2.0, 3.0, 1.0, 3.0, 1.0, 1.0, 4.0, 4.0, 3.0, 2.0, 4.0, 4.0, 3.0, 2.0, 1.0, 4.0, 1.0, 1.0, 3.0, 3.0, 2.0, 3.0, 3.0, 2.0, 4.0, 1.0, 3.0, 4.0, 1.0, 1.0, 1.0, 2.0, 1.0, 4.0, 2.0, 3.0, 1.0, 3.0, 3.0, 1.0, 3.0, 1.0, 3.0, 4.0, 3.0, 4.0, 3.0, 3.0, 2.0, 4.0], [4.0, 4.0, 3.0, 3.0, 2.0, 2.0, 2.0, 2.0, 4.0, 0.0, 0.0, 4.0, 2.0, 3.0, 1.0, 3.0, 3.0, 3.0, 1.0, 0.0, 1.0, 3.0, 3.0, 1.0, 3.0, 2.0, 2.0, 2.0, 3.0, 2.0, 3.0, 1.0, 1.0, 1.0, 1.0, 4.0, 2.0, 1.0, 2.0, 0.0, 4.0, 4.0, 3.0, 2.0, 2.0, 3.0, 2.0, 3.0, 1.0, 1.0, 4.0, 1.0, 2.0, 0.0, 3.0, 1.0, 2.0, 4.0, 1.0, 1.0, 1.0, 3.0, 2.0, 1.0, 2.0, 3.0, 3.0, 1.0, 2.0, 3.0, 2.0, 1.0, 1.0, 4.0, 2.0, 2.0, 1.0, 4.0, 1.0, 1.0, 3.0, 3.0, 3.0, 3.0, 3.0, 1.0, 2.0, 1.0, 4.0, 1.0, 2.0, 2.0, 0.0, 4.0, 1.0, 2.0, 1.0, 2.0, 3.0, 1.0, 2.0, 1.0], [4.0, 4.0, 2.0, 3.0, 2.0, 2.0, 2.0, 2.0, 3.0, 0.0, 0.0, 4.0, 1.0, 3.0, 1.0, 3.0, 3.0, 3.0, 1.0, 0.0, 1.0, 3.0, 2.0, 1.0, 3.0, 1.0, 1.0, 2.0, 3.0, 2.0, 3.0, 1.0, 1.0, 1.0, 1.0, 3.0, 2.0, 0.0, 1.0, 0.0, 4.0, 3.0, 3.0, 2.0, 2.0, 3.0, 2.0, 2.0, 1.0, 1.0, 4.0, 1.0, 2.0, 0.0, 3.0, 1.0, 2.0, 3.0, 1.0, 1.0, 0.0, 2.0, 2.0, 1.0, 2.0, 2.0, 3.0, 1.0, 2.0, 3.0, 2.0, 2.0, 1.0, 4.0, 1.0, 1.0, 1.0, 3.0, 1.0, 1.0, 2.0, 2.0, 3.0, 2.0, 3.0, 1.0, 2.0, 1.0, 4.0, 1.0, 2.0, 2.0, 0.0, 4.0, 1.0, 2.0, 1.0, 2.0, 3.0, 1.0, 1.0, 1.0], [1.0, 1.0, 4.0, 1.0, 5.0, 4.0, 4.0, 5.0, 2.0, 4.0, 4.0, 0.0, 4.0, 3.0, 3.0, 1.0, 1.0, 1.0, 5.0, 4.0, 4.0, 1.0, 3.0, 3.0, 3.0, 4.0, 5.0, 5.0, 1.0, 5.0, 2.0, 3.0, 3.0, 4.0, 3.0, 1.0, 1.0, 3.0, 3.0, 3.0, 1.0, 3.0, 3.0, 2.0, 3.0, 1.0, 3.0, 2.0, 4.0, 2.0, 3.0, 4.0, 2.0, 3.0, 3.0, 4.0, 3.0, 1.0, 4.0, 4.0, 3.0, 4.0, 5.0, 4.0, 5.0, 1.0, 3.0, 4.0, 3.0, 3.0, 2.0, 2.0, 3.0, 1.0, 4.0, 3.0, 4.0, 3.0, 3.0, 4.0, 2.0, 1.0, 3.0, 1.0, 1.0, 4.0, 2.0, 3.0, 3.0, 3.0, 5.0, 2.0, 4.0, 2.0, 3.0, 5.0, 3.0, 5.0, 1.0, 3.0, 3.0, 3.0], [5.0, 5.0, 1.0, 4.0, 0.0, 0.0, 1.0, 1.0, 3.0, 2.0, 1.0, 4.0, 0.0, 2.0, 3.0, 4.0, 4.0, 4.0, 1.0, 2.0, 1.0, 4.0, 2.0, 3.0, 2.0, 1.0, 1.0, 0.0, 3.0, 0.0, 3.0, 2.0, 2.0, 2.0, 1.0, 4.0, 3.0, 2.0, 2.0, 2.0, 5.0, 3.0, 2.0, 3.0, 2.0, 4.0, 2.0, 3.0, 1.0, 2.0, 3.0, 1.0, 3.0, 2.0, 3.0, 1.0, 2.0, 4.0, 2.0, 3.0, 1.0, 2.0, 1.0, 2.0, 1.0, 3.0, 2.0, 3.0, 2.0, 2.0, 3.0, 3.0, 1.0, 5.0, 0.0, 2.0, 2.0, 3.0, 2.0, 3.0, 3.0, 3.0, 2.0, 3.0, 4.0, 1.0, 3.0, 3.0, 4.0, 3.0, 0.0, 2.0, 2.0, 4.0, 2.0, 1.0, 1.0, 1.0, 4.0, 1.0, 2.0, 3.0], [4.0, 4.0, 1.0, 4.0, 2.0, 2.0, 2.0, 3.0, 1.0, 3.0, 3.0, 3.0, 2.0, 0.0, 3.0, 3.0, 4.0, 3.0, 3.0, 3.0, 2.0, 4.0, 0.0, 3.0, 0.0, 2.0, 3.0, 3.0, 3.0, 3.0, 1.0, 3.0, 3.0, 4.0, 2.0, 2.0, 3.0, 3.0, 1.0, 3.0, 4.0, 1.0, 0.0, 3.0, 1.0, 4.0, 1.0, 1.0, 2.0, 2.0, 1.0, 3.0, 2.0, 3.0, 0.0, 2.0, 1.0, 2.0, 4.0, 4.0, 3.0, 1.0, 3.0, 4.0, 2.0, 3.0, 0.0, 4.0, 1.0, 0.0, 4.0, 3.0, 2.0, 4.0, 2.0, 2.0, 4.0, 0.0, 3.0, 4.0, 1.0, 2.0, 0.0, 2.0, 2.0, 3.0, 3.0, 3.0, 1.0, 3.0, 2.0, 1.0, 3.0, 2.0, 2.0, 3.0, 2.0, 3.0, 3.0, 2.0, 2.0, 4.0], [3.0, 3.0, 3.0, 2.0, 3.0, 3.0, 3.0, 3.0, 3.0, 1.0, 1.0, 3.0, 3.0, 3.0, 0.0, 2.0, 2.0, 2.0, 2.0, 1.0, 2.0, 2.0, 3.0, 0.0, 3.0, 2.0, 2.0, 3.0, 2.0, 3.0, 3.0, 0.0, 0.0, 1.0, 1.0, 3.0, 1.0, 1.0, 2.0, 1.0, 3.0, 3.0, 3.0, 1.0, 2.0, 2.0, 2.0, 2.0, 2.0, 1.0, 4.0, 2.0, 2.0, 1.0, 3.0, 2.0, 2.0, 3.0, 1.0, 1.0, 1.0, 3.0, 3.0, 1.0, 3.0, 1.0, 3.0, 1.0, 2.0, 3.0, 1.0, 0.0, 1.0, 3.0, 2.0, 2.0, 2.0, 3.0, 0.0, 1.0, 2.0, 2.0, 3.0, 2.0, 3.0, 2.0, 1.0, 0.0, 4.0, 0.0, 3.0, 2.0, 1.0, 4.0, 1.0, 3.0, 2.0, 3.0, 2.0, 2.0, 2.0, 0.0], [1.0, 1.0, 4.0, 0.0, 4.0, 4.0, 4.0, 4.0, 3.0, 3.0, 3.0, 1.0, 4.0, 3.0, 2.0, 0.0, 0.0, 0.0, 4.0, 3.0, 3.0, 1.0, 3.0, 2.0, 3.0, 3.0, 4.0, 4.0, 1.0, 4.0, 3.0, 2.0, 2.0, 3.0, 2.0, 2.0, 1.0, 3.0, 2.0, 3.0, 1.0, 3.0, 3.0, 1.0, 3.0, 0.0, 2.0, 2.0, 3.0, 2.0, 3.0, 4.0, 1.0, 3.0, 3.0, 3.0, 3.0, 2.0, 3.0, 3.0, 3.0, 4.0, 4.0, 3.0, 4.0, 0.0, 3.0, 3.0, 3.0, 3.0, 1.0, 1.0, 2.0, 1.0, 3.0, 2.0, 4.0, 3.0, 2.0, 3.0, 2.0, 1.0, 3.0, 1.0, 2.0, 4.0, 1.0, 2.0, 3.0, 2.0, 4.0, 2.0, 3.0, 3.0, 2.0, 4.0, 3.0, 5.0, 0.0, 3.0, 2.0, 2.0], [1.0, 1.0, 4.0, 0.0, 4.0, 4.0, 4.0, 4.0, 3.0, 3.0, 3.0, 1.0, 4.0, 4.0, 2.0, 0.0, 0.0, 1.0, 4.0, 3.0, 3.0, 1.0, 3.0, 2.0, 3.0, 4.0, 4.0, 4.0, 1.0, 4.0, 3.0, 2.0, 2.0, 3.0, 3.0, 2.0, 1.0, 3.0, 3.0, 3.0, 1.0, 3.0, 3.0, 1.0, 3.0, 0.0, 3.0, 2.0, 3.0, 2.0, 4.0, 4.0, 1.0, 3.0, 3.0, 3.0, 3.0, 2.0, 3.0, 3.0, 3.0, 4.0, 5.0, 3.0, 4.0, 1.0, 3.0, 3.0, 3.0, 3.0, 1.0, 1.0, 3.0, 1.0, 3.0, 2.0, 4.0, 4.0, 2.0, 3.0, 2.0, 2.0, 3.0, 1.0, 2.0, 4.0, 1.0, 2.0, 4.0, 2.0, 4.0, 2.0, 3.0, 3.0, 2.0, 4.0, 3.0, 5.0, 0.0, 3.0, 2.0, 2.0], [1.0, 1.0, 4.0, 1.0, 4.0, 4.0, 4.0, 5.0, 3.0, 3.0, 3.0, 1.0, 4.0, 3.0, 2.0, 0.0, 1.0, 0.0, 4.0, 3.0, 3.0, 0.0, 3.0, 2.0, 3.0, 4.0, 4.0, 5.0, 1.0, 5.0, 3.0, 2.0, 2.0, 4.0, 3.0, 2.0, 1.0, 3.0, 3.0, 3.0, 1.0, 3.0, 3.0, 2.0, 3.0, 1.0, 3.0, 2.0, 3.0, 2.0, 3.0, 4.0, 1.0, 3.0, 3.0, 4.0, 3.0, 2.0, 3.0, 3.0, 3.0, 4.0, 5.0, 3.0, 5.0, 1.0, 3.0, 3.0, 3.0, 3.0, 2.0, 2.0, 3.0, 1.0, 4.0, 3.0, 4.0, 3.0, 3.0, 3.0, 2.0, 2.0, 3.0, 1.0, 2.0, 4.0, 1.0, 2.0, 3.0, 2.0, 5.0, 2.0, 3.0, 3.0, 2.0, 5.0, 3.0, 5.0, 1.0, 3.0, 2.0, 3.0], [5.0, 5.0, 2.0, 4.0, 1.0, 1.0, 2.0, 1.0, 4.0, 1.0, 1.0, 5.0, 1.0, 3.0, 2.0, 4.0, 4.0, 4.0, 0.0, 1.0, 1.0, 4.0, 3.0, 2.0, 3.0, 1.0, 0.0, 1.0, 4.0, 1.0, 3.0, 2.0, 2.0, 2.0, 2.0, 4.0, 3.0, 1.0, 2.0, 1.0, 5.0, 4.0, 3.0, 3.0, 2.0, 4.0, 2.0, 3.0, 1.0, 2.0, 4.0, 0.0, 3.0, 1.0, 3.0, 1.0, 2.0, 4.0, 2.0, 2.0, 1.0, 2.0, 1.0, 2.0, 1.0, 4.0, 3.0, 2.0, 2.0, 3.0, 3.0, 3.0, 2.0, 5.0, 1.0, 2.0, 1.0, 4.0, 2.0, 2.0, 3.0, 3.0, 3.0, 3.0, 4.0, 0.0, 3.0, 2.0, 4.0, 2.0, 1.0, 3.0, 1.0, 4.0, 2.0, 0.0, 1.0, 1.0, 4.0, 1.0, 2.0, 2.0], [4.0, 4.0, 2.0, 3.0, 2.0, 2.0, 2.0, 2.0, 3.0, 0.0, 0.0, 4.0, 2.0, 3.0, 1.0, 3.0, 3.0, 3.0, 1.0, 0.0, 1.0, 4.0, 3.0, 1.0, 3.0, 2.0, 1.0, 2.0, 3.0, 2.0, 3.0, 1.0, 1.0, 1.0, 1.0, 4.0, 3.0, 1.0, 2.0, 0.0, 4.0, 4.0, 3.0, 2.0, 2.0, 3.0, 2.0, 3.0, 1.0, 1.0, 4.0, 1.0, 2.0, 1.0, 3.0, 1.0, 2.0, 4.0, 1.0, 1.0, 1.0, 3.0, 2.0, 1.0, 2.0, 3.0, 3.0, 1.0, 2.0, 3.0, 2.0, 2.0, 1.0, 4.0, 1.0, 2.0, 1.0, 3.0, 1.0, 1.0, 3.0, 3.0, 3.0, 3.0, 4.0, 1.0, 2.0, 2.0, 4.0, 1.0, 2.0, 2.0, 0.0, 4.0, 1.0, 1.0, 1.0, 2.0, 3.0, 1.0, 2.0, 1.0], [4.0, 4.0, 2.0, 3.0, 1.0, 1.0, 2.0, 1.0, 3.0, 1.0, 1.0, 4.0, 1.0, 2.0, 2.0, 3.0, 3.0, 3.0, 1.0, 1.0, 0.0, 4.0, 2.0, 2.0, 2.0, 1.0, 1.0, 1.0, 3.0, 1.0, 2.0, 1.0, 1.0, 2.0, 1.0, 3.0, 2.0, 1.0, 1.0, 1.0, 4.0, 3.0, 2.0, 2.0, 1.0, 3.0, 2.0, 2.0, 0.0, 1.0, 3.0, 1.0, 2.0, 1.0, 3.0, 0.0, 2.0, 3.0, 1.0, 2.0, 0.0, 2.0, 2.0, 1.0, 2.0, 3.0, 2.0, 2.0, 2.0, 3.0, 2.0, 2.0, 1.0, 4.0, 1.0, 1.0, 1.0, 3.0, 1.0, 2.0, 2.0, 2.0, 2.0, 2.0, 3.0, 1.0, 2.0, 2.0, 4.0, 2.0, 1.0, 2.0, 1.0, 4.0, 1.0, 1.0, 0.0, 2.0, 3.0, 0.0, 1.0, 2.0], [1.0, 1.0, 4.0, 1.0, 5.0, 5.0, 4.0, 5.0, 3.0, 3.0, 3.0, 1.0, 4.0, 4.0, 2.0, 1.0, 1.0, 0.0, 4.0, 4.0, 4.0, 0.0, 3.0, 2.0, 4.0, 4.0, 4.0, 5.0, 1.0, 5.0, 3.0, 2.0, 2.0, 4.0, 3.0, 2.0, 1.0, 3.0, 3.0, 3.0, 1.0, 3.0, 3.0, 2.0, 3.0, 1.0, 3.0, 2.0, 4.0, 2.0, 4.0, 4.0, 2.0, 3.0, 3.0, 4.0, 3.0, 2.0, 3.0, 3.0, 3.0, 4.0, 5.0, 3.0, 5.0, 1.0, 4.0, 3.0, 3.0, 4.0, 2.0, 2.0, 3.0, 1.0, 4.0, 3.0, 4.0, 4.0, 3.0, 3.0, 2.0, 2.0, 4.0, 1.0, 2.0, 4.0, 2.0, 2.0, 4.0, 2.0, 5.0, 2.0, 3.0, 3.0, 3.0, 5.0, 3.0, 5.0, 1.0, 3.0, 3.0, 3.0], [4.0, 4.0, 1.0, 3.0, 2.0, 2.0, 1.0, 3.0, 1.0, 3.0, 2.0, 3.0, 2.0, 0.0, 3.0, 3.0, 3.0, 3.0, 3.0, 3.0, 2.0, 3.0, 0.0, 3.0, 0.0, 2.0, 3.0, 2.0, 2.0, 2.0, 1.0, 3.0, 3.0, 4.0, 2.0, 2.0, 3.0, 2.0, 1.0, 2.0, 4.0, 1.0, 0.0, 3.0, 1.0, 3.0, 1.0, 1.0, 2.0, 2.0, 1.0, 3.0, 2.0, 2.0, 1.0, 2.0, 0.0, 2.0, 3.0, 4.0, 2.0, 1.0, 3.0, 3.0, 2.0, 3.0, 0.0, 4.0, 0.0, 1.0, 3.0, 3.0, 2.0, 4.0, 2.0, 1.0, 3.0, 1.0, 3.0, 4.0, 1.0, 2.0, 0.0, 2.0, 2.0, 3.0, 2.0, 3.0, 2.0, 3.0, 2.0, 1.0, 3.0, 2.0, 2.0, 3.0, 2.0, 2.0, 3.0, 2.0, 1.0, 3.0], [3.0, 3.0, 3.0, 2.0, 3.0, 3.0, 3.0, 3.0, 3.0, 1.0, 1.0, 3.0, 3.0, 3.0, 0.0, 2.0, 2.0, 2.0, 2.0, 1.0, 2.0, 2.0, 3.0, 0.0, 3.0, 3.0, 3.0, 3.0, 2.0, 3.0, 3.0, 0.0, 0.0, 1.0, 2.0, 3.0, 2.0, 1.0, 2.0, 1.0, 3.0, 4.0, 3.0, 1.0, 2.0, 2.0, 2.0, 3.0, 2.0, 1.0, 4.0, 2.0, 2.0, 1.0, 3.0, 2.0, 3.0, 3.0, 1.0, 1.0, 1.0, 3.0, 3.0, 1.0, 3.0, 2.0, 3.0, 1.0, 3.0, 3.0, 1.0, 1.0, 2.0, 3.0, 2.0, 2.0, 2.0, 4.0, 0.0, 1.0, 2.0, 2.0, 3.0, 2.0, 3.0, 2.0, 1.0, 0.0, 4.0, 0.0, 3.0, 2.0, 1.0, 4.0, 1.0, 3.0, 2.0, 3.0, 2.0, 2.0, 2.0, 0.0], [4.0, 4.0, 1.0, 4.0, 2.0, 2.0, 2.0, 3.0, 1.0, 3.0, 3.0, 3.0, 2.0, 0.0, 3.0, 3.0, 3.0, 3.0, 3.0, 3.0, 2.0, 4.0, 0.0, 3.0, 0.0, 2.0, 3.0, 3.0, 3.0, 3.0, 1.0, 3.0, 3.0, 4.0, 2.0, 2.0, 3.0, 3.0, 1.0, 3.0, 4.0, 1.0, 0.0, 3.0, 1.0, 4.0, 1.0, 1.0, 2.0, 2.0, 1.0, 3.0, 2.0, 3.0, 0.0, 2.0, 1.0, 2.0, 4.0, 4.0, 3.0, 1.0, 3.0, 4.0, 2.0, 3.0, 0.0, 4.0, 1.0, 0.0, 3.0, 3.0, 2.0, 4.0, 2.0, 2.0, 3.0, 0.0, 3.0, 4.0, 1.0, 2.0, 0.0, 2.0, 2.0, 3.0, 2.0, 3.0, 1.0, 3.0, 2.0, 1.0, 3.0, 2.0, 2.0, 3.0, 2.0, 3.0, 3.0, 2.0, 1.0, 3.0], [5.0, 5.0, 1.0, 4.0, 1.0, 1.0, 1.0, 1.0, 3.0, 2.0, 1.0, 4.0, 1.0, 2.0, 2.0, 3.0, 4.0, 4.0, 1.0, 2.0, 1.0, 4.0, 2.0, 3.0, 2.0, 0.0, 1.0, 1.0, 3.0, 1.0, 2.0, 2.0, 2.0, 2.0, 1.0, 3.0, 3.0, 1.0, 1.0, 2.0, 4.0, 3.0, 2.0, 3.0, 1.0, 4.0, 1.0, 2.0, 0.0, 2.0, 3.0, 1.0, 2.0, 1.0, 2.0, 1.0, 1.0, 3.0, 2.0, 3.0, 1.0, 1.0, 1.0, 2.0, 1.0, 3.0, 2.0, 3.0, 1.0, 2.0, 3.0, 3.0, 1.0, 4.0, 0.0, 1.0, 2.0, 2.0, 2.0, 3.0, 2.0, 2.0, 2.0, 3.0, 3.0, 1.0, 2.0, 2.0, 3.0, 2.0, 1.0, 2.0, 2.0, 3.0, 2.0, 1.0, 1.0, 1.0, 3.0, 1.0, 1.0, 3.0], [5.0, 5.0, 2.0, 4.0, 1.0, 1.0, 1.0, 1.0, 4.0, 2.0, 1.0, 5.0, 1.0, 3.0, 2.0, 4.0, 4.0, 4.0, 0.0, 1.0, 1.0, 4.0, 3.0, 3.0, 3.0, 1.0, 0.0, 1.0, 4.0, 1.0, 3.0, 2.0, 2.0, 2.0, 2.0, 4.0, 3.0, 1.0, 2.0, 1.0, 5.0, 4.0, 3.0, 3.0, 2.0, 4.0, 2.0, 3.0, 1.0, 2.0, 4.0, 0.0, 3.0, 1.0, 3.0, 1.0, 2.0, 4.0, 2.0, 2.0, 1.0, 2.0, 1.0, 2.0, 1.0, 4.0, 3.0, 2.0, 2.0, 3.0, 3.0, 3.0, 2.0, 5.0, 1.0, 2.0, 1.0, 3.0, 2.0, 2.0, 3.0, 3.0, 3.0, 3.0, 4.0, 1.0, 3.0, 3.0, 4.0, 3.0, 1.0, 3.0, 2.0, 4.0, 2.0, 0.0, 1.0, 1.0, 4.0, 1.0, 2.0, 2.0], [6.0, 6.0, 2.0, 4.0, 0.0, 1.0, 1.0, 0.0, 4.0, 2.0, 2.0, 5.0, 0.0, 3.0, 3.0, 4.0, 4.0, 5.0, 1.0, 2.0, 1.0, 5.0, 2.0, 3.0, 3.0, 1.0, 1.0, 0.0, 4.0, 0.0, 3.0, 3.0, 3.0, 3.0, 2.0, 4.0, 4.0, 2.0, 2.0, 2.0, 5.0, 4.0, 3.0, 3.0, 2.0, 4.0, 2.0, 3.0, 1.0, 3.0, 4.0, 1.0, 3.0, 2.0, 3.0, 1.0, 2.0, 4.0, 3.0, 3.0, 2.0, 2.0, 0.0, 2.0, 1.0, 4.0, 3.0, 3.0, 2.0, 3.0, 4.0, 3.0, 2.0, 5.0, 1.0, 2.0, 2.0, 3.0, 3.0, 3.0, 3.0, 3.0, 2.0, 4.0, 4.0, 1.0, 3.0, 3.0, 4.0, 3.0, 0.0, 3.0, 2.0, 4.0, 2.0, 1.0, 1.0, 0.0, 4.0, 1.0, 2.0, 3.0], [2.0, 2.0, 3.0, 1.0, 4.0, 4.0, 3.0, 4.0, 2.0, 3.0, 3.0, 1.0, 3.0, 3.0, 2.0, 1.0, 1.0, 1.0, 4.0, 3.0, 3.0, 1.0, 2.0, 2.0, 3.0, 3.0, 4.0, 4.0, 0.0, 4.0, 2.0, 2.0, 2.0, 3.0, 2.0, 1.0, 0.0, 2.0, 2.0, 2.0, 1.0, 2.0, 2.0, 1.0, 2.0, 1.0, 2.0, 1.0, 3.0, 1.0, 3.0, 4.0, 1.0, 2.0, 2.0, 3.0, 2.0, 1.0, 3.0, 3.0, 2.0, 3.0, 4.0, 3.0, 4.0, 0.0, 3.0, 3.0, 2.0, 3.0, 2.0, 2.0, 2.0, 1.0, 3.0, 2.0, 3.0, 3.0, 2.0, 3.0, 1.0, 1.0, 3.0, 0.0, 1.0, 3.0, 1.0, 2.0, 3.0, 2.0, 4.0, 1.0, 3.0, 2.0, 2.0, 4.0, 3.0, 4.0, 0.0, 2.0, 2.0, 2.0], [6.0, 6.0, 1.0, 4.0, 0.0, 1.0, 1.0, 0.0, 3.0, 2.0, 2.0, 5.0, 0.0, 3.0, 3.0, 4.0, 4.0, 5.0, 1.0, 2.0, 1.0, 5.0, 2.0, 3.0, 3.0, 1.0, 1.0, 0.0, 4.0, 0.0, 3.0, 3.0, 3.0, 3.0, 2.0, 4.0, 4.0, 2.0, 2.0, 2.0, 5.0, 3.0, 3.0, 3.0, 2.0, 4.0, 2.0, 3.0, 1.0, 2.0, 4.0, 1.0, 3.0, 2.0, 3.0, 1.0, 2.0, 4.0, 2.0, 3.0, 2.0, 2.0, 0.0, 2.0, 1.0, 4.0, 3.0, 3.0, 2.0, 3.0, 3.0, 3.0, 2.0, 5.0, 1.0, 2.0, 2.0, 3.0, 2.0, 3.0, 3.0, 3.0, 2.0, 4.0, 4.0, 1.0, 3.0, 3.0, 4.0, 3.0, 0.0, 3.0, 2.0, 4.0, 2.0, 1.0, 1.0, 0.0, 4.0, 1.0, 2.0, 3.0], [4.0, 4.0, 2.0, 3.0, 3.0, 3.0, 2.0, 3.0, 0.0, 3.0, 3.0, 2.0, 3.0, 1.0, 3.0, 3.0, 3.0, 3.0, 3.0, 3.0, 2.0, 3.0, 1.0, 3.0, 1.0, 2.0, 3.0, 3.0, 2.0, 3.0, 0.0, 3.0, 3.0, 4.0, 2.0, 1.0, 2.0, 2.0, 1.0, 3.0, 3.0, 1.0, 1.0, 2.0, 1.0, 3.0, 1.0, 1.0, 2.0, 2.0, 1.0, 3.0, 1.0, 3.0, 1.0, 3.0, 1.0, 1.0, 4.0, 4.0, 2.0, 1.0, 3.0, 4.0, 3.0, 2.0, 1.0, 4.0, 1.0, 1.0, 3.0, 3.0, 2.0, 3.0, 2.0, 1.0, 4.0, 1.0, 3.0, 4.0, 1.0, 1.0, 1.0, 1.0, 1.0, 3.0, 2.0, 3.0, 1.0, 3.0, 3.0, 1.0, 3.0, 1.0, 2.0, 3.0, 2.0, 3.0, 2.0, 2.0, 1.0, 3.0], [3.0, 3.0, 3.0, 2.0, 3.0, 3.0, 3.0, 3.0, 3.0, 1.0, 1.0, 3.0, 2.0, 3.0, 0.0, 2.0, 2.0, 2.0, 2.0, 1.0, 1.0, 2.0, 3.0, 0.0, 3.0, 2.0, 2.0, 3.0, 2.0, 3.0, 3.0, 0.0, 0.0, 1.0, 1.0, 3.0, 2.0, 1.0, 2.0, 1.0, 3.0, 3.0, 3.0, 1.0, 2.0, 2.0, 2.0, 2.0, 2.0, 1.0, 4.0, 2.0, 2.0, 1.0, 3.0, 2.0, 2.0, 3.0, 1.0, 1.0, 1.0, 3.0, 3.0, 1.0, 3.0, 2.0, 3.0, 1.0, 2.0, 3.0, 1.0, 1.0, 1.0, 3.0, 2.0, 1.0, 2.0, 3.0, 0.0, 1.0, 2.0, 2.0, 3.0, 2.0, 3.0, 2.0, 1.0, 0.0, 4.0, 0.0, 3.0, 2.0, 1.0, 4.0, 1.0, 2.0, 1.0, 3.0, 2.0, 1.0, 2.0, 0.0], [3.0, 3.0, 3.0, 2.0, 3.0, 3.0, 3.0, 3.0, 3.0, 1.0, 1.0, 3.0, 2.0, 3.0, 0.0, 2.0, 2.0, 2.0, 2.0, 1.0, 1.0, 2.0, 3.0, 0.0, 3.0, 2.0, 2.0, 3.0, 2.0, 3.0, 3.0, 0.0, 0.0, 2.0, 1.0, 3.0, 1.0, 1.0, 2.0, 1.0, 3.0, 3.0, 3.0, 1.0, 2.0, 2.0, 2.0, 2.0, 2.0, 1.0, 3.0, 2.0, 1.0, 1.0, 3.0, 2.0, 2.0, 3.0, 1.0, 1.0, 1.0, 3.0, 3.0, 1.0, 3.0, 1.0, 3.0, 1.0, 2.0, 3.0, 1.0, 0.0, 1.0, 3.0, 2.0, 1.0, 2.0, 3.0, 0.0, 1.0, 2.0, 2.0, 3.0, 2.0, 3.0, 2.0, 1.0, 0.0, 4.0, 0.0, 3.0, 2.0, 1.0, 3.0, 1.0, 3.0, 2.0, 3.0, 2.0, 2.0, 1.0, 1.0], [4.0, 4.0, 3.0, 3.0, 3.0, 3.0, 3.0, 3.0, 4.0, 1.0, 1.0, 4.0, 2.0, 4.0, 1.0, 3.0, 3.0, 4.0, 2.0, 1.0, 2.0, 4.0, 4.0, 1.0, 4.0, 2.0, 2.0, 3.0, 3.0, 3.0, 4.0, 1.0, 2.0, 0.0, 2.0, 4.0, 3.0, 1.0, 3.0, 1.0, 4.0, 4.0, 4.0, 2.0, 3.0, 3.0, 3.0, 3.0, 2.0, 2.0, 5.0, 2.0, 3.0, 1.0, 4.0, 2.0, 3.0, 4.0, 0.0, 1.0, 1.0, 4.0, 3.0, 0.0, 3.0, 3.0, 4.0, 1.0, 3.0, 4.0, 2.0, 2.0, 2.0, 4.0, 2.0, 2.0, 1.0, 4.0, 1.0, 0.0, 3.0, 3.0, 4.0, 3.0, 4.0, 1.0, 2.0, 2.0, 5.0, 1.0, 3.0, 3.0, 1.0, 5.0, 2.0, 2.0, 2.0, 3.0, 3.0, 2.0, 3.0, 1.0], [4.0, 4.0, 2.0, 3.0, 2.0, 2.0, 2.0, 2.0, 2.0, 1.0, 1.0, 3.0, 1.0, 2.0, 1.0, 2.0, 3.0, 3.0, 2.0, 1.0, 1.0, 3.0, 2.0, 2.0, 2.0, 1.0, 2.0, 2.0, 2.0, 2.0, 2.0, 1.0, 1.0, 2.0, 0.0, 3.0, 2.0, 1.0, 1.0, 1.0, 3.0, 2.0, 2.0, 2.0, 1.0, 3.0, 1.0, 2.0, 1.0, 1.0, 3.0, 1.0, 2.0, 1.0, 2.0, 1.0, 1.0, 3.0, 2.0, 2.0, 1.0, 2.0, 2.0, 2.0, 2.0, 2.0, 2.0, 2.0, 1.0, 2.0, 2.0, 2.0, 0.0, 3.0, 1.0, 1.0, 2.0, 2.0, 1.0, 2.0, 2.0, 2.0, 2.0, 2.0, 2.0, 1.0, 1.0, 1.0, 3.0, 2.0, 2.0, 1.0, 1.0, 3.0, 1.0, 2.0, 0.0, 2.0, 2.0, 0.0, 1.0, 2.0], [2.0, 2.0, 3.0, 2.0, 4.0, 4.0, 3.0, 5.0, 1.0, 4.0, 3.0, 1.0, 4.0, 2.0, 3.0, 2.0, 2.0, 2.0, 4.0, 4.0, 3.0, 2.0, 2.0, 3.0, 2.0, 3.0, 4.0, 4.0, 1.0, 4.0, 1.0, 3.0, 3.0, 4.0, 3.0, 0.0, 2.0, 3.0, 2.0, 3.0, 2.0, 2.0, 2.0, 2.0, 2.0, 2.0, 2.0, 1.0, 3.0, 2.0, 2.0, 4.0, 1.0, 3.0, 2.0, 4.0, 2.0, 0.0, 4.0, 4.0, 3.0, 3.0, 5.0, 4.0, 4.0, 2.0, 2.0, 4.0, 2.0, 2.0, 3.0, 3.0, 3.0, 2.0, 3.0, 2.0, 4.0, 2.0, 3.0, 4.0, 1.0, 1.0, 2.0, 1.0, 0.0, 4.0, 2.0, 3.0, 2.0, 3.0, 4.0, 2.0, 4.0, 1.0, 3.0, 5.0, 3.0, 4.0, 2.0, 3.0, 2.0, 3.0], [2.0, 2.0, 3.0, 1.0, 4.0, 4.0, 3.0, 4.0, 2.0, 2.0, 2.0, 1.0, 3.0, 3.0, 1.0, 1.0, 1.0, 1.0, 3.0, 3.0, 2.0, 1.0, 3.0, 2.0, 3.0, 3.0, 3.0, 4.0, 0.0, 4.0, 2.0, 2.0, 1.0, 3.0, 2.0, 2.0, 0.0, 2.0, 2.0, 2.0, 1.0, 3.0, 3.0, 1.0, 2.0, 1.0, 2.0, 1.0, 2.0, 1.0, 3.0, 3.0, 1.0, 2.0, 3.0, 3.0, 2.0, 2.0, 3.0, 2.0, 2.0, 3.0, 4.0, 3.0, 4.0, 0.0, 3.0, 2.0, 2.0, 3.0, 1.0, 1.0, 2.0, 2.0, 3.0, 2.0, 3.0, 3.0, 2.0, 2.0, 1.0, 1.0, 3.0, 1.0, 2.0, 3.0, 1.0, 1.0, 3.0, 1.0, 4.0, 1.0, 2.0, 3.0, 2.0, 4.0, 2.0, 4.0, 0.0, 2.0, 2.0, 2.0], [4.0, 4.0, 2.0, 3.0, 2.0, 2.0, 2.0, 2.0, 3.0, 1.0, 0.0, 3.0, 2.0, 3.0, 1.0, 3.0, 3.0, 3.0, 1.0, 1.0, 1.0, 3.0, 2.0, 1.0, 3.0, 1.0, 1.0, 2.0, 2.0, 2.0, 2.0, 1.0, 1.0, 1.0, 1.0, 3.0, 2.0, 0.0, 1.0, 0.0, 3.0, 3.0, 2.0, 1.0, 1.0, 3.0, 2.0, 2.0, 1.0, 1.0, 3.0, 1.0, 2.0, 0.0, 3.0, 1.0, 2.0, 3.0, 1.0, 1.0, 0.0, 2.0, 2.0, 1.0, 2.0, 2.0, 3.0, 1.0, 2.0, 3.0, 2.0, 1.0, 1.0, 4.0, 1.0, 1.0, 1.0, 3.0, 1.0, 1.0, 2.0, 2.0, 2.0, 2.0, 3.0, 1.0, 1.0, 1.0, 4.0, 1.0, 2.0, 2.0, 1.0, 4.0, 1.0, 2.0, 1.0, 2.0, 2.0, 1.0, 1.0, 1.0], [4.0, 4.0, 1.0, 3.0, 2.0, 2.0, 1.0, 2.0, 2.0, 2.0, 1.0, 3.0, 2.0, 1.0, 2.0, 2.0, 3.0, 3.0, 2.0, 2.0, 1.0, 3.0, 1.0, 2.0, 1.0, 1.0, 2.0, 2.0, 2.0, 2.0, 1.0, 2.0, 2.0, 3.0, 1.0, 2.0, 2.0, 1.0, 0.0, 1.0, 3.0, 2.0, 1.0, 2.0, 0.0, 3.0, 0.0, 1.0, 1.0, 1.0, 2.0, 2.0, 1.0, 1.0, 1.0, 1.0, 1.0, 2.0, 2.0, 3.0, 1.0, 1.0, 2.0, 2.0, 2.0, 2.0, 1.0, 3.0, 1.0, 1.0, 2.0, 2.0, 1.0, 3.0, 1.0, 0.0, 2.0, 2.0, 2.0, 3.0, 1.0, 1.0, 1.0, 2.0, 2.0, 2.0, 1.0, 2.0, 2.0, 2.0, 2.0, 1.0, 2.0, 2.0, 1.0, 2.0, 1.0, 2.0, 2.0, 1.0, 0.0, 2.0], [4.0, 4.0, 2.0, 3.0, 2.0, 2.0, 2.0, 2.0, 3.0, 0.0, 0.0, 3.0, 2.0, 3.0, 1.0, 3.0, 3.0, 3.0, 1.0, 0.0, 1.0, 3.0, 2.0, 1.0, 3.0, 2.0, 1.0, 2.0, 2.0, 2.0, 3.0, 1.0, 1.0, 1.0, 1.0, 3.0, 2.0, 0.0, 1.0, 0.0, 3.0, 3.0, 3.0, 1.0, 2.0, 3.0, 2.0, 2.0, 1.0, 1.0, 3.0, 1.0, 2.0, 0.0, 3.0, 1.0, 2.0, 3.0, 1.0, 1.0, 0.0, 2.0, 2.0, 1.0, 2.0, 2.0, 3.0, 1.0, 2.0, 3.0, 2.0, 1.0, 1.0, 4.0, 1.0, 1.0, 1.0, 3.0, 1.0, 1.0, 2.0, 2.0, 3.0, 2.0, 3.0, 1.0, 2.0, 1.0, 4.0, 1.0, 2.0, 2.0, 0.0, 4.0, 1.0, 2.0, 1.0, 2.0, 2.0, 1.0, 1.0, 1.0], [1.0, 1.0, 4.0, 1.0, 5.0, 5.0, 5.0, 5.0, 3.0, 4.0, 4.0, 1.0, 5.0, 4.0, 3.0, 1.0, 1.0, 1.0, 5.0, 4.0, 4.0, 1.0, 4.0, 3.0, 4.0, 4.0, 5.0, 5.0, 1.0, 5.0, 3.0, 3.0, 3.0, 4.0, 3.0, 2.0, 1.0, 3.0, 3.0, 3.0, 0.0, 3.0, 4.0, 2.0, 3.0, 1.0, 3.0, 2.0, 4.0, 3.0, 3.0, 5.0, 2.0, 3.0, 3.0, 4.0, 3.0, 2.0, 4.0, 4.0, 4.0, 4.0, 5.0, 4.0, 5.0, 1.0, 4.0, 4.0, 3.0, 4.0, 2.0, 2.0, 3.0, 0.0, 4.0, 3.0, 5.0, 4.0, 3.0, 4.0, 2.0, 2.0, 4.0, 2.0, 2.0, 5.0, 2.0, 3.0, 3.0, 3.0, 5.0, 3.0, 4.0, 3.0, 3.0, 5.0, 4.0, 5.0, 1.0, 4.0, 3.0, 3.0], [4.0, 4.0, 2.0, 3.0, 3.0, 3.0, 2.0, 4.0, 0.0, 4.0, 3.0, 3.0, 3.0, 1.0, 3.0, 3.0, 3.0, 3.0, 4.0, 4.0, 3.0, 3.0, 1.0, 4.0, 1.0, 3.0, 4.0, 4.0, 2.0, 3.0, 1.0, 3.0, 3.0, 4.0, 2.0, 2.0, 3.0, 3.0, 2.0, 3.0, 3.0, 0.0, 1.0, 3.0, 2.0, 3.0, 1.0, 1.0, 3.0, 2.0, 0.0, 4.0, 2.0, 3.0, 0.0, 3.0, 1.0, 1.0, 4.0, 4.0, 3.0, 2.0, 4.0, 4.0, 3.0, 3.0, 1.0, 4.0, 1.0, 1.0, 4.0, 3.0, 3.0, 3.0, 3.0, 2.0, 4.0, 0.0, 3.0, 4.0, 1.0, 2.0, 1.0, 2.0, 1.0, 4.0, 3.0, 3.0, 1.0, 4.0, 3.0, 1.0, 4.0, 1.0, 3.0, 4.0, 3.0, 3.0, 3.0, 3.0, 2.0, 4.0], [4.0, 4.0, 1.0, 3.0, 2.0, 2.0, 1.0, 3.0, 1.0, 3.0, 3.0, 3.0, 2.0, 0.0, 3.0, 3.0, 3.0, 3.0, 3.0, 3.0, 2.0, 3.0, 0.0, 3.0, 0.0, 2.0, 3.0, 3.0, 2.0, 3.0, 1.0, 3.0, 3.0, 4.0, 2.0, 2.0, 3.0, 2.0, 1.0, 3.0, 4.0, 1.0, 0.0, 3.0, 1.0, 3.0, 1.0, 1.0, 2.0, 2.0, 1.0, 3.0, 2.0, 3.0, 0.0, 2.0, 1.0, 2.0, 4.0, 4.0, 2.0, 1.0, 3.0, 3.0, 2.0, 3.0, 0.0, 4.0, 1.0, 0.0, 3.0, 3.0, 2.0, 4.0, 2.0, 1.0, 3.0, 1.0, 3.0, 4.0, 1.0, 2.0, 0.0, 2.0, 2.0, 3.0, 2.0, 3.0, 2.0, 3.0, 2.0, 1.0, 3.0, 2.0, 2.0, 3.0, 2.0, 3.0, 3.0, 2.0, 1.0, 3.0], [3.0, 3.0, 3.0, 1.0, 3.0, 3.0, 3.0, 3.0, 3.0, 2.0, 2.0, 2.0, 3.0, 3.0, 1.0, 1.0, 1.0, 2.0, 3.0, 2.0, 2.0, 2.0, 3.0, 1.0, 3.0, 3.0, 3.0, 3.0, 1.0, 3.0, 2.0, 1.0, 1.0, 2.0, 2.0, 2.0, 1.0, 1.0, 2.0, 1.0, 2.0, 3.0, 3.0, 0.0, 2.0, 1.0, 2.0, 2.0, 2.0, 1.0, 3.0, 3.0, 1.0, 1.0, 3.0, 2.0, 2.0, 2.0, 2.0, 2.0, 2.0, 3.0, 3.0, 2.0, 3.0, 1.0, 3.0, 2.0, 2.0, 3.0, 1.0, 0.0, 2.0, 2.0, 2.0, 2.0, 3.0, 3.0, 1.0, 2.0, 2.0, 1.0, 3.0, 1.0, 2.0, 3.0, 1.0, 1.0, 3.0, 1.0, 3.0, 2.0, 2.0, 3.0, 1.0, 3.0, 2.0, 4.0, 1.0, 2.0, 2.0, 1.0], [4.0, 4.0, 1.0, 3.0, 2.0, 2.0, 1.0, 2.0, 2.0, 2.0, 2.0, 3.0, 2.0, 1.0, 2.0, 3.0, 3.0, 3.0, 2.0, 2.0, 1.0, 3.0, 1.0, 2.0, 1.0, 1.0, 2.0, 2.0, 2.0, 2.0, 1.0, 2.0, 2.0, 3.0, 1.0, 2.0, 2.0, 1.0, 0.0, 2.0, 3.0, 2.0, 1.0, 2.0, 0.0, 3.0, 0.0, 1.0, 1.0, 1.0, 2.0, 2.0, 1.0, 2.0, 1.0, 1.0, 0.0, 2.0, 3.0, 3.0, 1.0, 1.0, 2.0, 3.0, 2.0, 2.0, 1.0, 3.0, 0.0, 1.0, 3.0, 2.0, 1.0, 4.0, 1.0, 1.0, 2.0, 2.0, 2.0, 3.0, 1.0, 2.0, 1.0, 2.0, 2.0, 2.0, 2.0, 2.0, 2.0, 2.0, 2.0, 1.0, 2.0, 2.0, 1.0, 2.0, 1.0, 2.0, 3.0, 1.0, 1.0, 2.0], [1.0, 1.0, 4.0, 0.0, 4.0, 4.0, 4.0, 5.0, 3.0, 3.0, 3.0, 1.0, 4.0, 4.0, 2.0, 0.0, 0.0, 1.0, 4.0, 3.0, 3.0, 1.0, 3.0, 2.0, 4.0, 4.0, 4.0, 4.0, 1.0, 4.0, 3.0, 2.0, 2.0, 3.0, 3.0, 2.0, 1.0, 3.0, 3.0, 3.0, 1.0, 3.0, 3.0, 1.0, 3.0, 0.0, 3.0, 2.0, 3.0, 2.0, 4.0, 4.0, 2.0, 3.0, 3.0, 4.0, 3.0, 2.0, 3.0, 3.0, 3.0, 4.0, 5.0, 3.0, 4.0, 1.0, 4.0, 3.0, 3.0, 4.0, 1.0, 1.0, 3.0, 1.0, 4.0, 2.0, 4.0, 4.0, 2.0, 3.0, 2.0, 2.0, 4.0, 1.0, 2.0, 4.0, 1.0, 2.0, 4.0, 2.0, 4.0, 2.0, 3.0, 3.0, 2.0, 4.0, 3.0, 5.0, 0.0, 3.0, 2.0, 2.0], [4.0, 4.0, 1.0, 3.0, 2.0, 2.0, 2.0, 3.0, 1.0, 2.0, 2.0, 3.0, 2.0, 1.0, 2.0, 2.0, 3.0, 3.0, 2.0, 2.0, 2.0, 3.0, 1.0, 2.0, 1.0, 1.0, 2.0, 2.0, 2.0, 2.0, 1.0, 2.0, 2.0, 3.0, 1.0, 2.0, 2.0, 2.0, 0.0, 2.0, 3.0, 1.0, 1.0, 2.0, 0.0, 3.0, 0.0, 1.0, 1.0, 1.0, 2.0, 2.0, 1.0, 2.0, 1.0, 2.0, 0.0, 2.0, 3.0, 3.0, 2.0, 1.0, 3.0, 3.0, 2.0, 2.0, 1.0, 3.0, 0.0, 1.0, 2.0, 2.0, 1.0, 3.0, 2.0, 1.0, 3.0, 1.0, 2.0, 3.0, 1.0, 1.0, 1.0, 1.0, 2.0, 2.0, 1.0, 2.0, 2.0, 2.0, 2.0, 0.0, 2.0, 2.0, 1.0, 3.0, 1.0, 3.0, 2.0, 1.0, 0.0, 2.0], [3.0, 3.0, 2.0, 2.0, 3.0, 3.0, 2.0, 3.0, 1.0, 3.0, 2.0, 2.0, 3.0, 1.0, 2.0, 2.0, 2.0, 2.0, 3.0, 3.0, 2.0, 2.0, 1.0, 3.0, 1.0, 2.0, 3.0, 3.0, 1.0, 3.0, 1.0, 2.0, 2.0, 3.0, 2.0, 1.0, 1.0, 2.0, 1.0, 2.0, 2.0, 1.0, 1.0, 2.0, 1.0, 2.0, 1.0, 0.0, 2.0, 1.0, 1.0, 3.0, 1.0, 2.0, 1.0, 3.0, 1.0, 1.0, 3.0, 3.0, 2.0, 2.0, 3.0, 3.0, 3.0, 2.0, 1.0, 3.0, 1.0, 1.0, 2.0, 2.0, 2.0, 3.0, 2.0, 1.0, 3.0, 1.0, 2.0, 3.0, 0.0, 0.0, 1.0, 1.0, 1.0, 3.0, 1.0, 2.0, 2.0, 2.0, 3.0, 0.0, 3.0, 1.0, 2.0, 3.0, 2.0, 3.0, 2.0, 2.0, 1.0, 3.0], [4.0, 4.0, 1.0, 3.0, 1.0, 1.0, 1.0, 1.0, 3.0, 1.0, 1.0, 4.0, 1.0, 2.0, 2.0, 3.0, 3.0, 3.0, 1.0, 1.0, 0.0, 4.0, 2.0, 2.0, 2.0, 0.0, 1.0, 1.0, 3.0, 1.0, 2.0, 2.0, 2.0, 2.0, 1.0, 3.0, 2.0, 1.0, 1.0, 1.0, 4.0, 3.0, 2.0, 2.0, 1.0, 3.0, 1.0, 2.0, 0.0, 1.0, 3.0, 1.0, 2.0, 1.0, 2.0, 1.0, 1.0, 3.0, 2.0, 2.0, 1.0, 1.0, 2.0, 2.0, 1.0, 3.0, 2.0, 2.0, 1.0, 2.0, 2.0, 2.0, 1.0, 4.0, 0.0, 1.0, 2.0, 2.0, 2.0, 2.0, 2.0, 2.0, 2.0, 2.0, 3.0, 1.0, 2.0, 2.0, 3.0, 2.0, 1.0, 2.0, 1.0, 3.0, 1.0, 1.0, 0.0, 2.0, 3.0, 0.0, 1.0, 2.0], [3.0, 3.0, 2.0, 2.0, 2.0, 2.0, 2.0, 3.0, 2.0, 1.0, 1.0, 2.0, 2.0, 2.0, 1.0, 2.0, 2.0, 2.0, 2.0, 1.0, 1.0, 2.0, 2.0, 1.0, 2.0, 2.0, 2.0, 3.0, 1.0, 2.0, 2.0, 1.0, 1.0, 2.0, 1.0, 2.0, 1.0, 1.0, 1.0, 1.0, 3.0, 2.0, 2.0, 1.0, 1.0, 2.0, 1.0, 1.0, 1.0, 0.0, 3.0, 2.0, 1.0, 1.0, 2.0, 2.0, 1.0, 2.0, 2.0, 2.0, 1.0, 2.0, 3.0, 2.0, 2.0, 1.0, 2.0, 2.0, 1.0, 2.0, 1.0, 1.0, 1.0, 3.0, 2.0, 1.0, 2.0, 2.0, 1.0, 2.0, 1.0, 1.0, 2.0, 1.0, 2.0, 2.0, 1.0, 1.0, 3.0, 1.0, 2.0, 1.0, 1.0, 3.0, 0.0, 2.0, 1.0, 3.0, 2.0, 1.0, 1.0, 1.0], [4.0, 4.0, 2.0, 4.0, 3.0, 3.0, 2.0, 4.0, 1.0, 4.0, 4.0, 3.0, 3.0, 1.0, 4.0, 3.0, 4.0, 3.0, 4.0, 4.0, 3.0, 4.0, 1.0, 4.0, 1.0, 3.0, 4.0, 4.0, 3.0, 4.0, 1.0, 4.0, 3.0, 5.0, 3.0, 2.0, 3.0, 3.0, 2.0, 3.0, 3.0, 0.0, 1.0, 3.0, 2.0, 4.0, 2.0, 1.0, 3.0, 3.0, 0.0, 4.0, 2.0, 3.0, 1.0, 3.0, 2.0, 1.0, 4.0, 5.0, 3.0, 2.0, 4.0, 4.0, 3.0, 3.0, 1.0, 5.0, 2.0, 1.0, 4.0, 4.0, 3.0, 4.0, 3.0, 2.0, 4.0, 0.0, 4.0, 5.0, 2.0, 2.0, 1.0, 2.0, 1.0, 4.0, 3.0, 4.0, 1.0, 4.0, 3.0, 2.0, 4.0, 1.0, 3.0, 4.0, 3.0, 4.0, 3.0, 3.0, 2.0, 4.0], [5.0, 5.0, 2.0, 4.0, 1.0, 1.0, 2.0, 1.0, 4.0, 1.0, 1.0, 4.0, 1.0, 3.0, 2.0, 4.0, 4.0, 4.0, 0.0, 1.0, 1.0, 4.0, 3.0, 2.0, 3.0, 1.0, 0.0, 1.0, 4.0, 1.0, 3.0, 2.0, 2.0, 2.0, 1.0, 4.0, 3.0, 1.0, 2.0, 1.0, 5.0, 4.0, 3.0, 3.0, 2.0, 4.0, 2.0, 3.0, 1.0, 2.0, 4.0, 0.0, 3.0, 1.0, 3.0, 1.0, 2.0, 4.0, 2.0, 2.0, 1.0, 2.0, 1.0, 2.0, 1.0, 3.0, 3.0, 2.0, 2.0, 3.0, 3.0, 3.0, 1.0, 5.0, 1.0, 2.0, 1.0, 3.0, 2.0, 2.0, 3.0, 3.0, 3.0, 3.0, 4.0, 0.0, 3.0, 2.0, 4.0, 2.0, 1.0, 3.0, 1.0, 4.0, 2.0, 0.0, 1.0, 1.0, 4.0, 1.0, 2.0, 2.0], [3.0, 3.0, 2.0, 2.0, 3.0, 3.0, 3.0, 3.0, 2.0, 2.0, 2.0, 2.0, 3.0, 2.0, 2.0, 1.0, 1.0, 1.0, 3.0, 2.0, 2.0, 2.0, 2.0, 2.0, 2.0, 2.0, 3.0, 3.0, 1.0, 3.0, 1.0, 2.0, 1.0, 3.0, 2.0, 1.0, 1.0, 2.0, 1.0, 2.0, 2.0, 2.0, 2.0, 1.0, 1.0, 2.0, 1.0, 1.0, 2.0, 1.0, 2.0, 3.0, 0.0, 2.0, 2.0, 3.0, 1.0, 1.0, 3.0, 3.0, 2.0, 2.0, 4.0, 3.0, 3.0, 1.0, 2.0, 3.0, 2.0, 2.0, 2.0, 2.0, 2.0, 2.0, 2.0, 1.0, 3.0, 2.0, 2.0, 3.0, 1.0, 0.0, 2.0, 0.0, 1.0, 3.0, 1.0, 2.0, 2.0, 2.0, 3.0, 1.0, 2.0, 2.0, 1.0, 3.0, 2.0, 3.0, 1.0, 2.0, 1.0, 2.0], [4.0, 4.0, 2.0, 3.0, 2.0, 2.0, 2.0, 2.0, 3.0, 0.0, 0.0, 3.0, 2.0, 3.0, 1.0, 3.0, 3.0, 3.0, 1.0, 1.0, 1.0, 3.0, 2.0, 1.0, 3.0, 1.0, 1.0, 2.0, 2.0, 2.0, 3.0, 1.0, 1.0, 1.0, 1.0, 3.0, 2.0, 0.0, 1.0, 0.0, 3.0, 3.0, 3.0, 1.0, 2.0, 3.0, 2.0, 2.0, 1.0, 1.0, 3.0, 1.0, 2.0, 0.0, 3.0, 1.0, 2.0, 3.0, 1.0, 1.0, 0.0, 2.0, 2.0, 1.0, 2.0, 2.0, 3.0, 1.0, 2.0, 3.0, 2.0, 1.0, 1.0, 4.0, 1.0, 1.0, 1.0, 3.0, 1.0, 1.0, 2.0, 2.0, 3.0, 2.0, 3.0, 1.0, 2.0, 1.0, 4.0, 1.0, 2.0, 2.0, 0.0, 4.0, 1.0, 2.0, 1.0, 2.0, 2.0, 1.0, 1.0, 1.0], [4.0, 4.0, 2.0, 3.0, 3.0, 2.0, 2.0, 3.0, 1.0, 3.0, 3.0, 3.0, 3.0, 0.0, 3.0, 3.0, 3.0, 3.0, 3.0, 3.0, 3.0, 3.0, 1.0, 3.0, 0.0, 2.0, 3.0, 3.0, 2.0, 3.0, 1.0, 3.0, 3.0, 4.0, 2.0, 2.0, 3.0, 3.0, 1.0, 3.0, 3.0, 0.0, 0.0, 3.0, 1.0, 3.0, 1.0, 1.0, 2.0, 2.0, 1.0, 3.0, 2.0, 3.0, 0.0, 3.0, 1.0, 2.0, 4.0, 4.0, 3.0, 1.0, 3.0, 4.0, 3.0, 3.0, 0.0, 4.0, 1.0, 0.0, 3.0, 3.0, 2.0, 4.0, 2.0, 2.0, 4.0, 0.0, 3.0, 4.0, 1.0, 2.0, 1.0, 2.0, 2.0, 3.0, 2.0, 3.0, 1.0, 3.0, 3.0, 1.0, 3.0, 1.0, 2.0, 3.0, 2.0, 3.0, 3.0, 2.0, 2.0, 4.0], [5.0, 5.0, 2.0, 4.0, 1.0, 1.0, 1.0, 1.0, 3.0, 1.0, 1.0, 4.0, 1.0, 2.0, 2.0, 3.0, 3.0, 4.0, 1.0, 1.0, 0.0, 4.0, 2.0, 2.0, 2.0, 1.0, 1.0, 1.0, 3.0, 1.0, 3.0, 2.0, 2.0, 2.0, 1.0, 4.0, 3.0, 1.0, 1.0, 1.0, 4.0, 3.0, 2.0, 2.0, 1.0, 4.0, 2.0, 3.0, 1.0, 2.0, 3.0, 1.0, 3.0, 1.0, 3.0, 0.0, 2.0, 4.0, 2.0, 2.0, 1.0, 2.0, 1.0, 2.0, 1.0, 3.0, 2.0, 2.0, 2.0, 3.0, 3.0, 2.0, 1.0, 4.0, 0.0, 1.0, 1.0, 3.0, 2.0, 2.0, 2.0, 3.0, 2.0, 3.0, 3.0, 1.0, 2.0, 2.0, 4.0, 2.0, 1.0, 2.0, 1.0, 4.0, 1.0, 1.0, 1.0, 1.0, 3.0, 1.0, 2.0, 2.0], [4.0, 4.0, 1.0, 3.0, 2.0, 2.0, 1.0, 2.0, 1.0, 2.0, 2.0, 3.0, 2.0, 1.0, 2.0, 3.0, 3.0, 3.0, 2.0, 2.0, 2.0, 3.0, 0.0, 3.0, 1.0, 1.0, 2.0, 2.0, 2.0, 2.0, 1.0, 2.0, 2.0, 3.0, 1.0, 2.0, 2.0, 2.0, 1.0, 2.0, 3.0, 1.0, 1.0, 2.0, 0.0, 3.0, 0.0, 1.0, 1.0, 1.0, 2.0, 2.0, 1.0, 2.0, 1.0, 2.0, 0.0, 2.0, 3.0, 3.0, 2.0, 1.0, 2.0, 3.0, 2.0, 2.0, 1.0, 3.0, 0.0, 1.0, 3.0, 2.0, 1.0, 4.0, 1.0, 1.0, 3.0, 1.0, 2.0, 3.0, 1.0, 1.0, 1.0, 2.0, 2.0, 2.0, 2.0, 2.0, 2.0, 3.0, 2.0, 1.0, 2.0, 2.0, 2.0, 2.0, 1.0, 2.0, 3.0, 1.0, 1.0, 3.0], [3.0, 3.0, 3.0, 2.0, 4.0, 4.0, 3.0, 4.0, 1.0, 4.0, 3.0, 1.0, 4.0, 2.0, 3.0, 2.0, 2.0, 2.0, 4.0, 4.0, 3.0, 2.0, 2.0, 3.0, 2.0, 3.0, 4.0, 4.0, 1.0, 4.0, 1.0, 3.0, 3.0, 4.0, 3.0, 0.0, 2.0, 3.0, 2.0, 3.0, 2.0, 1.0, 2.0, 2.0, 2.0, 2.0, 2.0, 1.0, 3.0, 2.0, 1.0, 4.0, 1.0, 3.0, 2.0, 4.0, 2.0, 0.0, 4.0, 4.0, 3.0, 3.0, 4.0, 4.0, 4.0, 2.0, 2.0, 4.0, 2.0, 2.0, 3.0, 3.0, 3.0, 2.0, 3.0, 2.0, 4.0, 2.0, 3.0, 4.0, 1.0, 1.0, 2.0, 1.0, 0.0, 4.0, 2.0, 3.0, 1.0, 3.0, 4.0, 1.0, 4.0, 1.0, 3.0, 4.0, 3.0, 4.0, 2.0, 3.0, 2.0, 3.0], [4.0, 4.0, 3.0, 3.0, 3.0, 3.0, 3.0, 3.0, 4.0, 1.0, 1.0, 4.0, 2.0, 4.0, 1.0, 3.0, 3.0, 3.0, 2.0, 1.0, 1.0, 3.0, 3.0, 1.0, 4.0, 2.0, 2.0, 3.0, 3.0, 2.0, 4.0, 1.0, 1.0, 0.0, 2.0, 4.0, 3.0, 1.0, 2.0, 1.0, 4.0, 4.0, 4.0, 2.0, 3.0, 3.0, 3.0, 3.0, 2.0, 2.0, 4.0, 2.0, 3.0, 1.0, 4.0, 2.0, 3.0, 4.0, 0.0, 1.0, 1.0, 3.0, 3.0, 0.0, 3.0, 3.0, 4.0, 1.0, 3.0, 4.0, 2.0, 2.0, 2.0, 4.0, 2.0, 2.0, 1.0, 4.0, 1.0, 0.0, 3.0, 3.0, 4.0, 3.0, 4.0, 1.0, 2.0, 1.0, 5.0, 1.0, 3.0, 3.0, 1.0, 5.0, 1.0, 2.0, 2.0, 3.0, 3.0, 2.0, 2.0, 1.0], [4.0, 4.0, 4.0, 3.0, 3.0, 3.0, 3.0, 3.0, 4.0, 1.0, 1.0, 4.0, 3.0, 4.0, 1.0, 3.0, 3.0, 3.0, 2.0, 1.0, 2.0, 3.0, 4.0, 1.0, 4.0, 3.0, 2.0, 3.0, 3.0, 3.0, 4.0, 1.0, 1.0, 1.0, 2.0, 4.0, 2.0, 1.0, 3.0, 1.0, 4.0, 4.0, 4.0, 2.0, 3.0, 3.0, 3.0, 3.0, 2.0, 2.0, 5.0, 2.0, 3.0, 1.0, 4.0, 2.0, 3.0, 4.0, 1.0, 0.0, 1.0, 4.0, 3.0, 1.0, 3.0, 3.0, 4.0, 0.0, 3.0, 4.0, 1.0, 1.0, 2.0, 4.0, 3.0, 2.0, 2.0, 4.0, 1.0, 0.0, 3.0, 3.0, 4.0, 3.0, 4.0, 2.0, 2.0, 1.0, 5.0, 1.0, 3.0, 3.0, 1.0, 5.0, 2.0, 3.0, 2.0, 3.0, 3.0, 2.0, 3.0, 1.0], [4.0, 4.0, 2.0, 3.0, 2.0, 2.0, 2.0, 2.0, 3.0, 1.0, 0.0, 3.0, 1.0, 3.0, 1.0, 3.0, 3.0, 3.0, 1.0, 1.0, 0.0, 3.0, 2.0, 1.0, 3.0, 1.0, 1.0, 2.0, 2.0, 2.0, 2.0, 1.0, 1.0, 1.0, 1.0, 3.0, 2.0, 0.0, 1.0, 0.0, 4.0, 3.0, 2.0, 2.0, 1.0, 3.0, 2.0, 2.0, 1.0, 1.0, 3.0, 1.0, 2.0, 0.0, 3.0, 1.0, 2.0, 3.0, 1.0, 1.0, 0.0, 2.0, 2.0, 1.0, 2.0, 2.0, 3.0, 1.0, 2.0, 3.0, 2.0, 1.0, 1.0, 4.0, 1.0, 1.0, 1.0, 3.0, 1.0, 1.0, 2.0, 2.0, 2.0, 2.0, 3.0, 1.0, 2.0, 1.0, 4.0, 1.0, 2.0, 2.0, 1.0, 4.0, 1.0, 2.0, 1.0, 2.0, 2.0, 1.0, 1.0, 1.0], [5.0, 5.0, 0.0, 4.0, 2.0, 1.0, 1.0, 2.0, 2.0, 3.0, 2.0, 4.0, 2.0, 1.0, 3.0, 4.0, 4.0, 4.0, 2.0, 3.0, 2.0, 4.0, 1.0, 3.0, 1.0, 1.0, 2.0, 2.0, 3.0, 2.0, 1.0, 3.0, 3.0, 4.0, 2.0, 3.0, 3.0, 2.0, 1.0, 2.0, 4.0, 2.0, 1.0, 3.0, 1.0, 4.0, 1.0, 2.0, 1.0, 2.0, 2.0, 2.0, 2.0, 2.0, 1.0, 2.0, 1.0, 3.0, 3.0, 4.0, 2.0, 0.0, 2.0, 3.0, 1.0, 3.0, 1.0, 4.0, 1.0, 1.0, 3.0, 3.0, 2.0, 4.0, 1.0, 1.0, 3.0, 1.0, 3.0, 4.0, 2.0, 2.0, 1.0, 3.0, 2.0, 2.0, 3.0, 3.0, 2.0, 3.0, 2.0, 2.0, 3.0, 2.0, 2.0, 2.0, 2.0, 2.0, 3.0, 2.0, 1.0, 3.0], [6.0, 6.0, 2.0, 5.0, 1.0, 1.0, 1.0, 0.0, 4.0, 2.0, 2.0, 5.0, 1.0, 3.0, 3.0, 4.0, 5.0, 5.0, 1.0, 2.0, 2.0, 5.0, 3.0, 3.0, 3.0, 1.0, 1.0, 0.0, 4.0, 0.0, 3.0, 3.0, 3.0, 3.0, 2.0, 5.0, 4.0, 2.0, 2.0, 2.0, 5.0, 4.0, 3.0, 3.0, 2.0, 5.0, 3.0, 3.0, 2.0, 3.0, 4.0, 1.0, 4.0, 2.0, 3.0, 1.0, 2.0, 4.0, 3.0, 3.0, 2.0, 2.0, 0.0, 2.0, 1.0, 4.0, 3.0, 3.0, 2.0, 3.0, 4.0, 3.0, 2.0, 6.0, 1.0, 2.0, 2.0, 3.0, 3.0, 3.0, 3.0, 4.0, 3.0, 4.0, 4.0, 1.0, 3.0, 3.0, 4.0, 3.0, 1.0, 3.0, 2.0, 5.0, 2.0, 0.0, 2.0, 1.0, 4.0, 2.0, 3.0, 3.0], [4.0, 4.0, 3.0, 3.0, 2.0, 3.0, 3.0, 2.0, 4.0, 1.0, 1.0, 4.0, 2.0, 4.0, 1.0, 3.0, 3.0, 3.0, 2.0, 1.0, 1.0, 3.0, 3.0, 1.0, 4.0, 2.0, 2.0, 2.0, 3.0, 2.0, 4.0, 1.0, 1.0, 0.0, 2.0, 4.0, 3.0, 1.0, 2.0, 1.0, 4.0, 4.0, 3.0, 2.0, 3.0, 3.0, 3.0, 3.0, 2.0, 2.0, 4.0, 2.0, 3.0, 1.0, 4.0, 2.0, 3.0, 4.0, 0.0, 1.0, 1.0, 3.0, 2.0, 0.0, 3.0, 3.0, 4.0, 1.0, 3.0, 4.0, 2.0, 2.0, 2.0, 4.0, 2.0, 2.0, 1.0, 4.0, 1.0, 0.0, 3.0, 3.0, 4.0, 3.0, 4.0, 1.0, 2.0, 1.0, 5.0, 1.0, 3.0, 3.0, 1.0, 5.0, 1.0, 2.0, 2.0, 3.0, 3.0, 2.0, 2.0, 1.0], [6.0, 6.0, 1.0, 4.0, 0.0, 0.0, 1.0, 1.0, 3.0, 2.0, 2.0, 5.0, 1.0, 2.0, 3.0, 4.0, 4.0, 5.0, 1.0, 2.0, 2.0, 5.0, 2.0, 3.0, 2.0, 1.0, 1.0, 1.0, 4.0, 1.0, 3.0, 3.0, 3.0, 3.0, 2.0, 4.0, 4.0, 2.0, 2.0, 2.0, 5.0, 3.0, 2.0, 3.0, 2.0, 4.0, 2.0, 3.0, 1.0, 2.0, 3.0, 1.0, 3.0, 2.0, 3.0, 1.0, 2.0, 4.0, 3.0, 3.0, 2.0, 1.0, 1.0, 3.0, 0.0, 4.0, 2.0, 3.0, 2.0, 2.0, 4.0, 3.0, 2.0, 5.0, 1.0, 2.0, 2.0, 3.0, 3.0, 3.0, 3.0, 3.0, 2.0, 3.0, 4.0, 2.0, 3.0, 3.0, 4.0, 3.0, 0.0, 3.0, 2.0, 4.0, 2.0, 1.0, 1.0, 0.0, 4.0, 1.0, 2.0, 3.0], [2.0, 2.0, 3.0, 1.0, 4.0, 4.0, 3.0, 4.0, 2.0, 3.0, 2.0, 1.0, 3.0, 3.0, 1.0, 0.0, 1.0, 1.0, 4.0, 3.0, 3.0, 1.0, 3.0, 2.0, 3.0, 3.0, 4.0, 4.0, 0.0, 4.0, 2.0, 2.0, 1.0, 3.0, 2.0, 2.0, 0.0, 2.0, 2.0, 2.0, 1.0, 3.0, 3.0, 1.0, 2.0, 1.0, 2.0, 2.0, 3.0, 1.0, 3.0, 3.0, 1.0, 2.0, 3.0, 3.0, 2.0, 2.0, 3.0, 3.0, 2.0, 3.0, 4.0, 3.0, 4.0, 0.0, 3.0, 2.0, 2.0, 3.0, 1.0, 1.0, 2.0, 1.0, 3.0, 2.0, 3.0, 3.0, 2.0, 3.0, 1.0, 1.0, 3.0, 1.0, 2.0, 3.0, 1.0, 1.0, 3.0, 2.0, 4.0, 2.0, 2.0, 3.0, 2.0, 4.0, 3.0, 4.0, 0.0, 2.0, 2.0, 2.0], [4.0, 4.0, 1.0, 4.0, 2.0, 2.0, 2.0, 3.0, 1.0, 3.0, 3.0, 3.0, 2.0, 0.0, 3.0, 3.0, 3.0, 3.0, 3.0, 3.0, 2.0, 4.0, 0.0, 3.0, 0.0, 2.0, 3.0, 3.0, 3.0, 3.0, 1.0, 3.0, 3.0, 4.0, 2.0, 2.0, 3.0, 3.0, 1.0, 3.0, 4.0, 1.0, 0.0, 3.0, 1.0, 4.0, 1.0, 1.0, 2.0, 2.0, 1.0, 3.0, 2.0, 3.0, 0.0, 2.0, 1.0, 2.0, 4.0, 4.0, 3.0, 1.0, 3.0, 4.0, 2.0, 3.0, 0.0, 4.0, 1.0, 0.0, 3.0, 3.0, 2.0, 4.0, 2.0, 2.0, 3.0, 0.0, 3.0, 4.0, 1.0, 2.0, 0.0, 2.0, 2.0, 3.0, 2.0, 3.0, 1.0, 3.0, 2.0, 1.0, 3.0, 2.0, 2.0, 3.0, 2.0, 3.0, 3.0, 2.0, 1.0, 3.0], [4.0, 4.0, 4.0, 2.0, 3.0, 3.0, 3.0, 3.0, 4.0, 1.0, 1.0, 4.0, 3.0, 4.0, 1.0, 3.0, 3.0, 3.0, 2.0, 1.0, 2.0, 3.0, 4.0, 1.0, 4.0, 3.0, 2.0, 3.0, 3.0, 3.0, 4.0, 1.0, 1.0, 1.0, 2.0, 4.0, 2.0, 1.0, 3.0, 1.0, 4.0, 4.0, 4.0, 2.0, 3.0, 3.0, 3.0, 3.0, 2.0, 2.0, 5.0, 2.0, 3.0, 1.0, 4.0, 2.0, 3.0, 4.0, 1.0, 0.0, 1.0, 4.0, 3.0, 1.0, 3.0, 2.0, 4.0, 0.0, 3.0, 4.0, 1.0, 1.0, 2.0, 4.0, 3.0, 2.0, 2.0, 4.0, 1.0, 0.0, 3.0, 3.0, 4.0, 3.0, 4.0, 2.0, 2.0, 1.0, 5.0, 1.0, 3.0, 3.0, 1.0, 5.0, 2.0, 3.0, 2.0, 3.0, 3.0, 2.0, 2.0, 1.0], [4.0, 4.0, 1.0, 3.0, 2.0, 2.0, 1.0, 2.0, 1.0, 2.0, 2.0, 3.0, 2.0, 1.0, 2.0, 3.0, 3.0, 3.0, 2.0, 2.0, 2.0, 3.0, 0.0, 3.0, 1.0, 1.0, 2.0, 2.0, 2.0, 2.0, 1.0, 2.0, 2.0, 3.0, 1.0, 2.0, 2.0, 2.0, 1.0, 2.0, 3.0, 1.0, 1.0, 2.0, 0.0, 3.0, 0.0, 1.0, 1.0, 1.0, 2.0, 2.0, 2.0, 2.0, 1.0, 2.0, 0.0, 2.0, 3.0, 3.0, 2.0, 1.0, 2.0, 3.0, 2.0, 2.0, 1.0, 3.0, 0.0, 1.0, 3.0, 2.0, 1.0, 4.0, 1.0, 1.0, 3.0, 1.0, 2.0, 3.0, 1.0, 2.0, 1.0, 2.0, 2.0, 2.0, 2.0, 2.0, 2.0, 3.0, 2.0, 1.0, 2.0, 2.0, 2.0, 2.0, 1.0, 2.0, 3.0, 1.0, 1.0, 3.0], [4.0, 4.0, 1.0, 4.0, 3.0, 2.0, 2.0, 3.0, 1.0, 3.0, 3.0, 3.0, 2.0, 0.0, 3.0, 3.0, 3.0, 3.0, 3.0, 3.0, 3.0, 4.0, 1.0, 3.0, 0.0, 2.0, 3.0, 3.0, 3.0, 3.0, 1.0, 3.0, 3.0, 4.0, 2.0, 2.0, 3.0, 3.0, 1.0, 3.0, 4.0, 1.0, 0.0, 3.0, 1.0, 4.0, 1.0, 1.0, 2.0, 2.0, 1.0, 3.0, 2.0, 3.0, 0.0, 3.0, 1.0, 2.0, 4.0, 4.0, 3.0, 1.0, 3.0, 4.0, 2.0, 3.0, 0.0, 4.0, 1.0, 0.0, 4.0, 3.0, 2.0, 4.0, 2.0, 2.0, 4.0, 0.0, 3.0, 4.0, 1.0, 2.0, 0.0, 2.0, 2.0, 3.0, 2.0, 3.0, 1.0, 3.0, 3.0, 1.0, 3.0, 2.0, 2.0, 3.0, 2.0, 3.0, 3.0, 2.0, 2.0, 4.0], [3.0, 3.0, 3.0, 1.0, 3.0, 4.0, 3.0, 4.0, 3.0, 2.0, 2.0, 2.0, 3.0, 4.0, 1.0, 1.0, 1.0, 2.0, 3.0, 2.0, 2.0, 2.0, 3.0, 1.0, 3.0, 3.0, 3.0, 4.0, 2.0, 3.0, 3.0, 1.0, 1.0, 2.0, 2.0, 3.0, 1.0, 2.0, 2.0, 2.0, 2.0, 4.0, 3.0, 1.0, 3.0, 1.0, 2.0, 2.0, 2.0, 1.0, 4.0, 3.0, 2.0, 2.0, 3.0, 3.0, 3.0, 3.0, 2.0, 1.0, 2.0, 3.0, 4.0, 2.0, 4.0, 1.0, 3.0, 1.0, 3.0, 4.0, 0.0, 0.0, 2.0, 2.0, 3.0, 2.0, 2.0, 4.0, 1.0, 1.0, 2.0, 2.0, 3.0, 2.0, 3.0, 3.0, 1.0, 0.0, 4.0, 1.0, 4.0, 2.0, 2.0, 4.0, 1.0, 3.0, 2.0, 4.0, 1.0, 2.0, 2.0, 1.0], [3.0, 3.0, 3.0, 1.0, 3.0, 3.0, 3.0, 3.0, 3.0, 1.0, 2.0, 2.0, 3.0, 3.0, 0.0, 1.0, 1.0, 2.0, 3.0, 2.0, 2.0, 2.0, 3.0, 1.0, 3.0, 3.0, 3.0, 3.0, 2.0, 3.0, 3.0, 1.0, 0.0, 2.0, 2.0, 3.0, 1.0, 1.0, 2.0, 1.0, 2.0, 3.0, 3.0, 0.0, 2.0, 1.0, 2.0, 2.0, 2.0, 1.0, 4.0, 3.0, 2.0, 1.0, 3.0, 2.0, 2.0, 3.0, 2.0, 1.0, 1.0, 3.0, 3.0, 2.0, 3.0, 1.0, 3.0, 1.0, 2.0, 3.0, 0.0, 0.0, 2.0, 2.0, 3.0, 2.0, 2.0, 3.0, 1.0, 1.0, 2.0, 2.0, 3.0, 2.0, 3.0, 2.0, 1.0, 0.0, 4.0, 0.0, 3.0, 2.0, 1.0, 4.0, 1.0, 3.0, 2.0, 4.0, 1.0, 2.0, 2.0, 1.0], [4.0, 4.0, 2.0, 3.0, 2.0, 2.0, 2.0, 2.0, 2.0, 1.0, 1.0, 3.0, 1.0, 2.0, 1.0, 2.0, 3.0, 3.0, 2.0, 1.0, 1.0, 3.0, 2.0, 2.0, 2.0, 1.0, 2.0, 2.0, 2.0, 2.0, 2.0, 1.0, 1.0, 2.0, 0.0, 3.0, 2.0, 1.0, 1.0, 1.0, 3.0, 3.0, 2.0, 2.0, 1.0, 3.0, 1.0, 2.0, 1.0, 1.0, 3.0, 1.0, 2.0, 1.0, 2.0, 1.0, 1.0, 3.0, 2.0, 2.0, 1.0, 2.0, 2.0, 2.0, 2.0, 2.0, 2.0, 2.0, 1.0, 2.0, 2.0, 2.0, 0.0, 3.0, 1.0, 1.0, 2.0, 2.0, 1.0, 2.0, 2.0, 2.0, 2.0, 2.0, 3.0, 1.0, 1.0, 1.0, 3.0, 1.0, 2.0, 1.0, 1.0, 3.0, 1.0, 2.0, 0.0, 2.0, 2.0, 0.0, 1.0, 2.0], [1.0, 1.0, 4.0, 1.0, 5.0, 5.0, 5.0, 5.0, 3.0, 4.0, 4.0, 1.0, 5.0, 4.0, 3.0, 1.0, 1.0, 1.0, 5.0, 4.0, 4.0, 1.0, 4.0, 3.0, 4.0, 4.0, 5.0, 5.0, 1.0, 5.0, 3.0, 3.0, 3.0, 4.0, 3.0, 2.0, 2.0, 4.0, 3.0, 4.0, 0.0, 3.0, 4.0, 2.0, 4.0, 1.0, 3.0, 3.0, 4.0, 3.0, 4.0, 5.0, 2.0, 4.0, 4.0, 4.0, 4.0, 2.0, 4.0, 4.0, 4.0, 4.0, 6.0, 4.0, 5.0, 1.0, 4.0, 4.0, 4.0, 4.0, 2.0, 2.0, 3.0, 0.0, 4.0, 3.0, 5.0, 4.0, 3.0, 4.0, 3.0, 2.0, 4.0, 2.0, 2.0, 5.0, 2.0, 3.0, 3.0, 3.0, 5.0, 3.0, 4.0, 3.0, 3.0, 5.0, 4.0, 6.0, 1.0, 4.0, 3.0, 3.0], [5.0, 5.0, 1.0, 4.0, 1.0, 1.0, 1.0, 1.0, 3.0, 2.0, 1.0, 4.0, 0.0, 2.0, 2.0, 3.0, 3.0, 4.0, 1.0, 1.0, 1.0, 4.0, 2.0, 2.0, 2.0, 0.0, 1.0, 1.0, 3.0, 1.0, 2.0, 2.0, 2.0, 2.0, 1.0, 3.0, 3.0, 1.0, 1.0, 1.0, 4.0, 3.0, 2.0, 2.0, 1.0, 4.0, 2.0, 2.0, 0.0, 2.0, 3.0, 1.0, 2.0, 1.0, 2.0, 0.0, 1.0, 3.0, 2.0, 3.0, 1.0, 1.0, 1.0, 2.0, 1.0, 3.0, 2.0, 3.0, 1.0, 2.0, 3.0, 3.0, 1.0, 4.0, 0.0, 1.0, 2.0, 3.0, 2.0, 2.0, 2.0, 3.0, 2.0, 3.0, 3.0, 1.0, 2.0, 2.0, 3.0, 2.0, 1.0, 2.0, 2.0, 4.0, 1.0, 1.0, 1.0, 1.0, 3.0, 1.0, 1.0, 2.0], [4.0, 4.0, 1.0, 2.0, 2.0, 2.0, 2.0, 2.0, 2.0, 2.0, 1.0, 3.0, 2.0, 2.0, 2.0, 2.0, 2.0, 3.0, 2.0, 2.0, 1.0, 3.0, 1.0, 2.0, 2.0, 1.0, 2.0, 2.0, 2.0, 2.0, 1.0, 1.0, 1.0, 2.0, 1.0, 2.0, 2.0, 1.0, 0.0, 1.0, 3.0, 2.0, 1.0, 2.0, 1.0, 2.0, 1.0, 1.0, 1.0, 1.0, 2.0, 2.0, 1.0, 1.0, 2.0, 1.0, 1.0, 2.0, 2.0, 2.0, 1.0, 1.0, 2.0, 2.0, 2.0, 2.0, 2.0, 2.0, 1.0, 2.0, 2.0, 2.0, 1.0, 3.0, 1.0, 0.0, 2.0, 2.0, 2.0, 2.0, 1.0, 1.0, 1.0, 1.0, 2.0, 2.0, 1.0, 2.0, 3.0, 2.0, 2.0, 1.0, 2.0, 2.0, 1.0, 2.0, 1.0, 2.0, 2.0, 1.0, 0.0, 2.0], [5.0, 5.0, 3.0, 4.0, 2.0, 2.0, 2.0, 2.0, 4.0, 1.0, 1.0, 4.0, 2.0, 4.0, 2.0, 4.0, 4.0, 4.0, 1.0, 1.0, 1.0, 4.0, 3.0, 2.0, 3.0, 2.0, 1.0, 2.0, 3.0, 2.0, 4.0, 2.0, 2.0, 1.0, 2.0, 4.0, 3.0, 1.0, 2.0, 1.0, 5.0, 4.0, 3.0, 3.0, 2.0, 4.0, 3.0, 3.0, 2.0, 2.0, 4.0, 1.0, 3.0, 1.0, 4.0, 1.0, 3.0, 4.0, 1.0, 2.0, 1.0, 3.0, 2.0, 1.0, 2.0, 3.0, 3.0, 2.0, 3.0, 4.0, 2.0, 2.0, 2.0, 5.0, 2.0, 2.0, 0.0, 4.0, 1.0, 1.0, 3.0, 3.0, 3.0, 3.0, 4.0, 0.0, 3.0, 2.0, 5.0, 2.0, 2.0, 3.0, 1.0, 5.0, 2.0, 1.0, 1.0, 2.0, 4.0, 1.0, 2.0, 2.0], [4.0, 4.0, 2.0, 4.0, 3.0, 3.0, 2.0, 3.0, 1.0, 4.0, 3.0, 3.0, 3.0, 0.0, 3.0, 3.0, 4.0, 3.0, 4.0, 3.0, 3.0, 4.0, 1.0, 4.0, 0.0, 2.0, 3.0, 3.0, 3.0, 3.0, 1.0, 3.0, 3.0, 4.0, 2.0, 2.0, 3.0, 3.0, 2.0, 3.0, 4.0, 0.0, 1.0, 3.0, 2.0, 4.0, 1.0, 1.0, 2.0, 2.0, 0.0, 3.0, 2.0, 3.0, 0.0, 3.0, 1.0, 2.0, 4.0, 4.0, 3.0, 1.0, 3.0, 4.0, 3.0, 3.0, 0.0, 4.0, 1.0, 0.0, 4.0, 3.0, 2.0, 4.0, 3.0, 2.0, 4.0, 0.0, 3.0, 4.0, 1.0, 2.0, 1.0, 2.0, 2.0, 4.0, 3.0, 3.0, 1.0, 4.0, 3.0, 1.0, 4.0, 1.0, 3.0, 4.0, 3.0, 3.0, 3.0, 2.0, 2.0, 4.0], [4.0, 4.0, 3.0, 2.0, 3.0, 3.0, 3.0, 3.0, 3.0, 1.0, 1.0, 3.0, 2.0, 3.0, 0.0, 2.0, 2.0, 3.0, 2.0, 1.0, 1.0, 3.0, 3.0, 0.0, 3.0, 2.0, 2.0, 3.0, 2.0, 2.0, 3.0, 0.0, 0.0, 1.0, 1.0, 3.0, 2.0, 1.0, 2.0, 1.0, 3.0, 3.0, 3.0, 1.0, 2.0, 2.0, 2.0, 2.0, 2.0, 1.0, 4.0, 2.0, 2.0, 1.0, 3.0, 2.0, 2.0, 3.0, 1.0, 1.0, 1.0, 3.0, 3.0, 1.0, 3.0, 2.0, 3.0, 1.0, 2.0, 3.0, 1.0, 1.0, 1.0, 3.0, 2.0, 2.0, 1.0, 3.0, 0.0, 1.0, 2.0, 2.0, 3.0, 2.0, 3.0, 2.0, 1.0, 1.0, 4.0, 0.0, 3.0, 2.0, 1.0, 4.0, 1.0, 2.0, 1.0, 3.0, 2.0, 1.0, 2.0, 0.0], [4.0, 4.0, 3.0, 3.0, 3.0, 3.0, 3.0, 3.0, 4.0, 1.0, 1.0, 4.0, 3.0, 4.0, 1.0, 3.0, 3.0, 3.0, 2.0, 1.0, 2.0, 3.0, 4.0, 1.0, 4.0, 3.0, 2.0, 3.0, 3.0, 3.0, 4.0, 1.0, 1.0, 0.0, 2.0, 4.0, 2.0, 1.0, 3.0, 1.0, 4.0, 4.0, 4.0, 2.0, 3.0, 3.0, 3.0, 3.0, 2.0, 2.0, 5.0, 2.0, 3.0, 1.0, 4.0, 2.0, 3.0, 4.0, 0.0, 0.0, 1.0, 4.0, 3.0, 0.0, 3.0, 3.0, 4.0, 0.0, 3.0, 4.0, 1.0, 1.0, 2.0, 4.0, 2.0, 2.0, 1.0, 4.0, 1.0, 0.0, 3.0, 3.0, 4.0, 3.0, 4.0, 2.0, 2.0, 1.0, 5.0, 1.0, 3.0, 3.0, 1.0, 5.0, 2.0, 3.0, 2.0, 3.0, 3.0, 2.0, 3.0, 1.0], [3.0, 3.0, 2.0, 2.0, 3.0, 3.0, 2.0, 3.0, 1.0, 3.0, 2.0, 2.0, 3.0, 1.0, 2.0, 2.0, 2.0, 2.0, 3.0, 3.0, 2.0, 2.0, 1.0, 2.0, 1.0, 2.0, 3.0, 3.0, 1.0, 3.0, 1.0, 2.0, 2.0, 3.0, 2.0, 1.0, 1.0, 2.0, 1.0, 2.0, 2.0, 1.0, 1.0, 2.0, 1.0, 2.0, 1.0, 0.0, 2.0, 1.0, 2.0, 3.0, 1.0, 2.0, 1.0, 2.0, 1.0, 1.0, 3.0, 3.0, 2.0, 2.0, 3.0, 3.0, 3.0, 1.0, 1.0, 3.0, 1.0, 1.0, 2.0, 2.0, 2.0, 3.0, 2.0, 1.0, 3.0, 1.0, 2.0, 3.0, 0.0, 0.0, 1.0, 1.0, 1.0, 3.0, 1.0, 2.0, 2.0, 2.0, 3.0, 0.0, 3.0, 2.0, 2.0, 3.0, 2.0, 3.0, 2.0, 2.0, 1.0, 3.0], [3.0, 3.0, 2.0, 2.0, 3.0, 3.0, 3.0, 4.0, 1.0, 3.0, 2.0, 1.0, 3.0, 2.0, 2.0, 1.0, 2.0, 2.0, 3.0, 3.0, 2.0, 2.0, 2.0, 2.0, 2.0, 2.0, 3.0, 3.0, 1.0, 3.0, 1.0, 2.0, 2.0, 3.0, 2.0, 1.0, 1.0, 2.0, 1.0, 2.0, 2.0, 2.0, 2.0, 1.0, 2.0, 2.0, 1.0, 0.0, 2.0, 1.0, 2.0, 3.0, 0.0, 2.0, 2.0, 3.0, 1.0, 1.0, 3.0, 3.0, 2.0, 2.0, 4.0, 3.0, 3.0, 1.0, 2.0, 3.0, 2.0, 2.0, 2.0, 2.0, 2.0, 2.0, 3.0, 1.0, 3.0, 2.0, 2.0, 3.0, 0.0, 0.0, 2.0, 0.0, 1.0, 3.0, 1.0, 2.0, 2.0, 2.0, 3.0, 1.0, 3.0, 2.0, 2.0, 4.0, 2.0, 4.0, 1.0, 2.0, 1.0, 2.0], [4.0, 4.0, 1.0, 4.0, 2.0, 2.0, 1.0, 3.0, 1.0, 3.0, 3.0, 3.0, 2.0, 0.0, 3.0, 3.0, 3.0, 3.0, 3.0, 3.0, 2.0, 4.0, 0.0, 3.0, 0.0, 2.0, 3.0, 2.0, 3.0, 2.0, 1.0, 3.0, 3.0, 4.0, 2.0, 2.0, 3.0, 2.0, 1.0, 3.0, 4.0, 1.0, 0.0, 3.0, 1.0, 4.0, 1.0, 1.0, 2.0, 2.0, 1.0, 3.0, 2.0, 3.0, 1.0, 2.0, 1.0, 2.0, 4.0, 4.0, 2.0, 1.0, 3.0, 4.0, 2.0, 3.0, 0.0, 4.0, 1.0, 0.0, 3.0, 3.0, 2.0, 4.0, 2.0, 1.0, 3.0, 1.0, 3.0, 4.0, 1.0, 2.0, 0.0, 2.0, 2.0, 3.0, 2.0, 3.0, 2.0, 3.0, 2.0, 1.0, 3.0, 2.0, 2.0, 3.0, 2.0, 2.0, 3.0, 2.0, 1.0, 3.0], [2.0, 2.0, 3.0, 1.0, 3.0, 3.0, 3.0, 4.0, 2.0, 3.0, 2.0, 1.0, 3.0, 2.0, 2.0, 1.0, 1.0, 1.0, 3.0, 3.0, 2.0, 1.0, 2.0, 2.0, 2.0, 3.0, 3.0, 4.0, 0.0, 4.0, 1.0, 2.0, 2.0, 3.0, 2.0, 1.0, 1.0, 2.0, 2.0, 2.0, 2.0, 2.0, 2.0, 1.0, 2.0, 1.0, 1.0, 1.0, 2.0, 1.0, 2.0, 3.0, 0.0, 2.0, 2.0, 3.0, 2.0, 1.0, 3.0, 3.0, 2.0, 3.0, 4.0, 3.0, 3.0, 1.0, 2.0, 3.0, 2.0, 2.0, 2.0, 2.0, 2.0, 2.0, 3.0, 1.0, 3.0, 2.0, 2.0, 3.0, 1.0, 0.0, 2.0, 0.0, 1.0, 3.0, 1.0, 2.0, 2.0, 2.0, 4.0, 1.0, 3.0, 2.0, 2.0, 4.0, 2.0, 4.0, 1.0, 2.0, 1.0, 2.0], [3.0, 3.0, 3.0, 2.0, 4.0, 4.0, 3.0, 4.0, 1.0, 3.0, 3.0, 1.0, 4.0, 2.0, 3.0, 2.0, 2.0, 2.0, 4.0, 4.0, 3.0, 2.0, 2.0, 3.0, 2.0, 3.0, 4.0, 4.0, 1.0, 4.0, 1.0, 3.0, 3.0, 4.0, 2.0, 0.0, 2.0, 3.0, 2.0, 3.0, 2.0, 1.0, 2.0, 2.0, 2.0, 2.0, 2.0, 1.0, 3.0, 2.0, 1.0, 4.0, 1.0, 3.0, 2.0, 3.0, 2.0, 0.0, 4.0, 4.0, 3.0, 2.0, 4.0, 4.0, 4.0, 2.0, 2.0, 4.0, 2.0, 2.0, 3.0, 3.0, 3.0, 2.0, 3.0, 2.0, 4.0, 2.0, 3.0, 4.0, 1.0, 1.0, 2.0, 1.0, 0.0, 4.0, 2.0, 3.0, 1.0, 3.0, 4.0, 1.0, 3.0, 1.0, 2.0, 4.0, 3.0, 4.0, 2.0, 3.0, 2.0, 3.0], [5.0, 5.0, 2.0, 4.0, 1.0, 2.0, 2.0, 1.0, 4.0, 1.0, 1.0, 4.0, 1.0, 3.0, 2.0, 4.0, 4.0, 4.0, 0.0, 1.0, 1.0, 4.0, 3.0, 2.0, 3.0, 1.0, 1.0, 1.0, 3.0, 1.0, 3.0, 2.0, 2.0, 1.0, 1.0, 4.0, 3.0, 1.0, 2.0, 1.0, 5.0, 4.0, 3.0, 3.0, 2.0, 4.0, 2.0, 3.0, 1.0, 2.0, 4.0, 0.0, 3.0, 1.0, 3.0, 1.0, 2.0, 4.0, 1.0, 2.0, 1.0, 2.0, 1.0, 1.0, 2.0, 3.0, 3.0, 2.0, 2.0, 3.0, 3.0, 2.0, 1.0, 5.0, 1.0, 2.0, 0.0, 4.0, 2.0, 2.0, 3.0, 3.0, 3.0, 3.0, 4.0, 0.0, 3.0, 2.0, 4.0, 2.0, 1.0, 3.0, 1.0, 4.0, 2.0, 1.0, 1.0, 2.0, 3.0, 1.0, 2.0, 2.0], [3.0, 3.0, 3.0, 1.0, 3.0, 3.0, 3.0, 3.0, 2.0, 2.0, 2.0, 2.0, 3.0, 3.0, 1.0, 1.0, 1.0, 1.0, 3.0, 2.0, 2.0, 2.0, 2.0, 1.0, 2.0, 2.0, 3.0, 3.0, 1.0, 3.0, 2.0, 1.0, 1.0, 2.0, 1.0, 2.0, 1.0, 1.0, 1.0, 2.0, 2.0, 3.0, 2.0, 1.0, 2.0, 1.0, 1.0, 1.0, 2.0, 1.0, 3.0, 3.0, 1.0, 2.0, 2.0, 2.0, 2.0, 2.0, 2.0, 2.0, 2.0, 3.0, 3.0, 2.0, 3.0, 1.0, 2.0, 2.0, 2.0, 2.0, 1.0, 1.0, 1.0, 2.0, 2.0, 1.0, 3.0, 3.0, 1.0, 2.0, 1.0, 1.0, 2.0, 1.0, 2.0, 3.0, 0.0, 1.0, 3.0, 1.0, 3.0, 1.0, 2.0, 3.0, 1.0, 3.0, 2.0, 3.0, 1.0, 2.0, 1.0, 2.0], [3.0, 3.0, 3.0, 2.0, 3.0, 3.0, 3.0, 3.0, 3.0, 1.0, 1.0, 3.0, 3.0, 3.0, 0.0, 2.0, 2.0, 2.0, 2.0, 2.0, 2.0, 2.0, 3.0, 0.0, 3.0, 2.0, 3.0, 3.0, 2.0, 3.0, 3.0, 0.0, 0.0, 2.0, 1.0, 3.0, 1.0, 1.0, 2.0, 1.0, 3.0, 3.0, 3.0, 1.0, 2.0, 2.0, 2.0, 2.0, 2.0, 1.0, 4.0, 2.0, 2.0, 1.0, 3.0, 2.0, 2.0, 3.0, 1.0, 1.0, 1.0, 3.0, 3.0, 1.0, 3.0, 1.0, 3.0, 1.0, 2.0, 3.0, 0.0, 0.0, 1.0, 3.0, 2.0, 2.0, 2.0, 3.0, 1.0, 1.0, 2.0, 2.0, 3.0, 2.0, 3.0, 2.0, 1.0, 0.0, 4.0, 0.0, 3.0, 2.0, 1.0, 4.0, 1.0, 3.0, 2.0, 3.0, 1.0, 2.0, 2.0, 1.0], [4.0, 4.0, 3.0, 4.0, 4.0, 4.0, 3.0, 4.0, 1.0, 4.0, 4.0, 3.0, 4.0, 1.0, 4.0, 3.0, 4.0, 3.0, 4.0, 4.0, 4.0, 4.0, 2.0, 4.0, 1.0, 3.0, 4.0, 4.0, 3.0, 4.0, 1.0, 4.0, 4.0, 5.0, 3.0, 2.0, 3.0, 4.0, 2.0, 4.0, 3.0, 1.0, 2.0, 3.0, 2.0, 4.0, 2.0, 2.0, 3.0, 3.0, 1.0, 4.0, 2.0, 4.0, 1.0, 4.0, 2.0, 1.0, 5.0, 5.0, 4.0, 2.0, 4.0, 5.0, 4.0, 3.0, 1.0, 5.0, 2.0, 1.0, 4.0, 4.0, 3.0, 3.0, 3.0, 3.0, 5.0, 1.0, 4.0, 5.0, 2.0, 2.0, 2.0, 2.0, 1.0, 4.0, 3.0, 4.0, 0.0, 4.0, 4.0, 2.0, 4.0, 1.0, 3.0, 5.0, 3.0, 4.0, 3.0, 3.0, 2.0, 4.0], [3.0, 3.0, 3.0, 2.0, 3.0, 3.0, 3.0, 3.0, 3.0, 1.0, 1.0, 3.0, 3.0, 3.0, 0.0, 2.0, 2.0, 2.0, 2.0, 1.0, 2.0, 2.0, 3.0, 0.0, 3.0, 2.0, 3.0, 3.0, 2.0, 3.0, 3.0, 0.0, 0.0, 1.0, 2.0, 3.0, 1.0, 1.0, 2.0, 1.0, 3.0, 4.0, 3.0, 1.0, 2.0, 2.0, 2.0, 2.0, 2.0, 1.0, 4.0, 2.0, 2.0, 1.0, 3.0, 2.0, 3.0, 3.0, 1.0, 1.0, 1.0, 3.0, 3.0, 1.0, 3.0, 2.0, 3.0, 1.0, 3.0, 3.0, 1.0, 0.0, 1.0, 3.0, 2.0, 2.0, 2.0, 4.0, 0.0, 1.0, 2.0, 2.0, 3.0, 2.0, 3.0, 2.0, 1.0, 0.0, 4.0, 0.0, 3.0, 2.0, 1.0, 4.0, 1.0, 3.0, 2.0, 3.0, 2.0, 2.0, 2.0, 0.0], [6.0, 6.0, 1.0, 4.0, 0.0, 0.0, 1.0, 1.0, 3.0, 2.0, 2.0, 5.0, 0.0, 2.0, 3.0, 4.0, 4.0, 5.0, 1.0, 2.0, 1.0, 5.0, 2.0, 3.0, 2.0, 1.0, 1.0, 0.0, 4.0, 0.0, 3.0, 3.0, 3.0, 3.0, 2.0, 4.0, 4.0, 2.0, 2.0, 2.0, 5.0, 3.0, 2.0, 3.0, 2.0, 4.0, 2.0, 3.0, 1.0, 2.0, 3.0, 1.0, 3.0, 2.0, 3.0, 1.0, 2.0, 4.0, 3.0, 3.0, 2.0, 2.0, 1.0, 3.0, 0.0, 4.0, 2.0, 3.0, 2.0, 3.0, 4.0, 3.0, 2.0, 5.0, 1.0, 2.0, 2.0, 3.0, 3.0, 3.0, 3.0, 3.0, 2.0, 4.0, 4.0, 1.0, 3.0, 3.0, 4.0, 3.0, 0.0, 3.0, 2.0, 4.0, 2.0, 1.0, 1.0, 0.0, 4.0, 1.0, 2.0, 3.0], [3.0, 3.0, 2.0, 2.0, 3.0, 2.0, 2.0, 3.0, 1.0, 2.0, 2.0, 2.0, 2.0, 1.0, 2.0, 2.0, 2.0, 2.0, 3.0, 2.0, 2.0, 2.0, 1.0, 2.0, 1.0, 2.0, 3.0, 3.0, 1.0, 3.0, 1.0, 2.0, 2.0, 3.0, 1.0, 2.0, 1.0, 2.0, 1.0, 2.0, 3.0, 1.0, 1.0, 2.0, 1.0, 2.0, 0.0, 0.0, 2.0, 1.0, 2.0, 3.0, 1.0, 2.0, 1.0, 2.0, 1.0, 1.0, 3.0, 3.0, 2.0, 2.0, 3.0, 3.0, 3.0, 2.0, 1.0, 3.0, 1.0, 1.0, 2.0, 2.0, 1.0, 3.0, 2.0, 1.0, 3.0, 1.0, 2.0, 3.0, 0.0, 1.0, 1.0, 1.0, 1.0, 3.0, 1.0, 2.0, 2.0, 2.0, 3.0, 0.0, 2.0, 2.0, 1.0, 3.0, 2.0, 3.0, 2.0, 2.0, 1.0, 2.0], [4.0, 4.0, 3.0, 3.0, 2.0, 2.0, 2.0, 2.0, 3.0, 0.0, 0.0, 4.0, 2.0, 3.0, 1.0, 3.0, 3.0, 3.0, 1.0, 0.0, 1.0, 3.0, 3.0, 1.0, 3.0, 2.0, 2.0, 2.0, 3.0, 2.0, 3.0, 1.0, 1.0, 1.0, 1.0, 4.0, 2.0, 1.0, 2.0, 0.0, 4.0, 4.0, 3.0, 2.0, 2.0, 3.0, 2.0, 3.0, 1.0, 1.0, 4.0, 1.0, 2.0, 0.0, 3.0, 1.0, 2.0, 4.0, 1.0, 1.0, 1.0, 3.0, 2.0, 1.0, 2.0, 2.0, 3.0, 1.0, 2.0, 3.0, 2.0, 1.0, 1.0, 4.0, 2.0, 2.0, 1.0, 4.0, 1.0, 1.0, 3.0, 3.0, 3.0, 3.0, 3.0, 1.0, 2.0, 1.0, 4.0, 1.0, 2.0, 2.0, 0.0, 4.0, 1.0, 2.0, 1.0, 2.0, 3.0, 1.0, 2.0, 1.0], [3.0, 3.0, 3.0, 3.0, 4.0, 4.0, 3.0, 5.0, 1.0, 4.0, 4.0, 2.0, 4.0, 2.0, 4.0, 3.0, 3.0, 3.0, 4.0, 4.0, 4.0, 3.0, 2.0, 4.0, 2.0, 3.0, 4.0, 4.0, 2.0, 4.0, 1.0, 4.0, 3.0, 5.0, 3.0, 1.0, 3.0, 4.0, 2.0, 4.0, 3.0, 1.0, 2.0, 3.0, 2.0, 3.0, 2.0, 1.0, 3.0, 3.0, 1.0, 4.0, 2.0, 4.0, 1.0, 4.0, 2.0, 1.0, 5.0, 5.0, 4.0, 2.0, 5.0, 5.0, 4.0, 3.0, 2.0, 5.0, 2.0, 2.0, 4.0, 4.0, 3.0, 3.0, 4.0, 2.0, 5.0, 1.0, 4.0, 5.0, 2.0, 2.0, 2.0, 2.0, 1.0, 4.0, 3.0, 4.0, 1.0, 4.0, 4.0, 2.0, 4.0, 0.0, 3.0, 5.0, 3.0, 4.0, 3.0, 3.0, 2.0, 4.0], [3.0, 3.0, 2.0, 2.0, 2.0, 2.0, 2.0, 2.0, 3.0, 1.0, 1.0, 3.0, 2.0, 2.0, 1.0, 2.0, 2.0, 2.0, 2.0, 1.0, 1.0, 3.0, 2.0, 1.0, 2.0, 2.0, 2.0, 2.0, 2.0, 2.0, 2.0, 1.0, 1.0, 2.0, 1.0, 3.0, 2.0, 1.0, 1.0, 1.0, 3.0, 3.0, 2.0, 1.0, 1.0, 2.0, 1.0, 2.0, 1.0, 0.0, 3.0, 2.0, 1.0, 1.0, 2.0, 1.0, 2.0, 3.0, 1.0, 2.0, 1.0, 2.0, 2.0, 1.0, 2.0, 2.0, 2.0, 2.0, 2.0, 2.0, 1.0, 1.0, 1.0, 3.0, 1.0, 1.0, 2.0, 3.0, 1.0, 2.0, 2.0, 2.0, 2.0, 2.0, 2.0, 2.0, 1.0, 1.0, 3.0, 1.0, 2.0, 1.0, 1.0, 3.0, 0.0, 2.0, 1.0, 3.0, 2.0, 1.0, 1.0, 1.0], [6.0, 6.0, 2.0, 4.0, 1.0, 1.0, 2.0, 0.0, 4.0, 2.0, 2.0, 5.0, 1.0, 3.0, 3.0, 4.0, 4.0, 5.0, 0.0, 1.0, 1.0, 5.0, 3.0, 3.0, 3.0, 1.0, 0.0, 1.0, 4.0, 1.0, 3.0, 2.0, 3.0, 2.0, 2.0, 5.0, 4.0, 2.0, 2.0, 2.0, 5.0, 4.0, 3.0, 3.0, 2.0, 4.0, 3.0, 3.0, 1.0, 2.0, 4.0, 0.0, 3.0, 2.0, 3.0, 1.0, 2.0, 4.0, 2.0, 3.0, 2.0, 2.0, 0.0, 2.0, 1.0, 4.0, 3.0, 3.0, 2.0, 3.0, 3.0, 3.0, 2.0, 5.0, 1.0, 2.0, 1.0, 4.0, 2.0, 3.0, 3.0, 4.0, 3.0, 4.0, 4.0, 1.0, 3.0, 3.0, 5.0, 3.0, 1.0, 3.0, 2.0, 5.0, 2.0, 0.0, 1.0, 1.0, 4.0, 1.0, 2.0, 3.0], [4.0, 4.0, 1.0, 3.0, 1.0, 1.0, 1.0, 2.0, 3.0, 1.0, 1.0, 3.0, 1.0, 2.0, 2.0, 3.0, 3.0, 3.0, 1.0, 1.0, 0.0, 3.0, 2.0, 2.0, 2.0, 1.0, 1.0, 1.0, 3.0, 1.0, 2.0, 1.0, 2.0, 2.0, 0.0, 3.0, 2.0, 1.0, 1.0, 1.0, 4.0, 3.0, 2.0, 2.0, 1.0, 3.0, 1.0, 2.0, 0.0, 1.0, 3.0, 1.0, 2.0, 1.0, 2.0, 1.0, 1.0, 3.0, 2.0, 2.0, 1.0, 2.0, 2.0, 2.0, 1.0, 3.0, 2.0, 2.0, 1.0, 2.0, 2.0, 2.0, 0.0, 4.0, 1.0, 1.0, 1.0, 3.0, 1.0, 2.0, 2.0, 2.0, 2.0, 2.0, 3.0, 1.0, 2.0, 2.0, 3.0, 2.0, 1.0, 2.0, 1.0, 3.0, 1.0, 1.0, 0.0, 2.0, 3.0, 0.0, 1.0, 2.0], [6.0, 6.0, 1.0, 5.0, 0.0, 1.0, 1.0, 1.0, 4.0, 2.0, 2.0, 5.0, 1.0, 3.0, 3.0, 5.0, 5.0, 5.0, 1.0, 2.0, 2.0, 5.0, 2.0, 3.0, 3.0, 1.0, 1.0, 0.0, 4.0, 0.0, 3.0, 3.0, 3.0, 3.0, 2.0, 4.0, 4.0, 2.0, 2.0, 2.0, 5.0, 3.0, 3.0, 4.0, 2.0, 5.0, 3.0, 3.0, 2.0, 3.0, 4.0, 1.0, 3.0, 2.0, 3.0, 1.0, 2.0, 4.0, 3.0, 3.0, 2.0, 2.0, 1.0, 3.0, 0.0, 4.0, 3.0, 3.0, 2.0, 3.0, 4.0, 4.0, 2.0, 6.0, 1.0, 2.0, 2.0, 3.0, 3.0, 3.0, 3.0, 4.0, 2.0, 4.0, 4.0, 2.0, 3.0, 3.0, 4.0, 3.0, 0.0, 3.0, 2.0, 4.0, 3.0, 1.0, 2.0, 0.0, 4.0, 2.0, 2.0, 3.0], [2.0, 2.0, 3.0, 1.0, 4.0, 4.0, 4.0, 4.0, 3.0, 3.0, 3.0, 1.0, 4.0, 3.0, 2.0, 0.0, 0.0, 1.0, 4.0, 3.0, 3.0, 1.0, 3.0, 2.0, 3.0, 3.0, 4.0, 4.0, 0.0, 4.0, 2.0, 2.0, 2.0, 3.0, 2.0, 2.0, 0.0, 2.0, 2.0, 2.0, 1.0, 3.0, 3.0, 1.0, 3.0, 0.0, 2.0, 2.0, 3.0, 2.0, 3.0, 4.0, 1.0, 2.0, 3.0, 3.0, 3.0, 2.0, 3.0, 3.0, 2.0, 3.0, 4.0, 3.0, 4.0, 0.0, 3.0, 3.0, 3.0, 3.0, 1.0, 1.0, 2.0, 1.0, 3.0, 2.0, 4.0, 3.0, 2.0, 3.0, 2.0, 1.0, 3.0, 1.0, 2.0, 3.0, 1.0, 1.0, 3.0, 2.0, 4.0, 2.0, 3.0, 3.0, 2.0, 4.0, 3.0, 4.0, 0.0, 3.0, 2.0, 2.0], [4.0, 4.0, 1.0, 3.0, 1.0, 1.0, 1.0, 2.0, 3.0, 1.0, 1.0, 3.0, 1.0, 2.0, 2.0, 3.0, 3.0, 3.0, 1.0, 1.0, 0.0, 3.0, 2.0, 2.0, 2.0, 1.0, 1.0, 1.0, 2.0, 1.0, 2.0, 1.0, 2.0, 2.0, 0.0, 3.0, 2.0, 1.0, 1.0, 1.0, 4.0, 3.0, 2.0, 2.0, 1.0, 3.0, 1.0, 2.0, 0.0, 1.0, 3.0, 1.0, 2.0, 1.0, 2.0, 1.0, 1.0, 3.0, 2.0, 2.0, 1.0, 2.0, 2.0, 2.0, 1.0, 2.0, 2.0, 2.0, 1.0, 2.0, 2.0, 2.0, 0.0, 4.0, 1.0, 1.0, 1.0, 2.0, 1.0, 2.0, 2.0, 2.0, 2.0, 2.0, 3.0, 1.0, 2.0, 2.0, 3.0, 2.0, 1.0, 2.0, 1.0, 3.0, 1.0, 1.0, 0.0, 2.0, 3.0, 0.0, 1.0, 2.0], [4.0, 4.0, 1.0, 2.0, 2.0, 2.0, 2.0, 2.0, 2.0, 2.0, 1.0, 3.0, 2.0, 2.0, 2.0, 2.0, 2.0, 2.0, 2.0, 2.0, 1.0, 3.0, 1.0, 2.0, 1.0, 1.0, 2.0, 2.0, 2.0, 2.0, 1.0, 2.0, 1.0, 3.0, 1.0, 2.0, 2.0, 1.0, 0.0, 1.0, 3.0, 2.0, 1.0, 2.0, 1.0, 2.0, 0.0, 1.0, 1.0, 1.0, 2.0, 2.0, 1.0, 1.0, 2.0, 2.0, 1.0, 2.0, 2.0, 3.0, 1.0, 1.0, 3.0, 2.0, 2.0, 2.0, 1.0, 2.0, 1.0, 2.0, 2.0, 2.0, 1.0, 3.0, 1.0, 0.0, 2.0, 2.0, 2.0, 3.0, 1.0, 1.0, 1.0, 1.0, 2.0, 2.0, 1.0, 2.0, 2.0, 2.0, 2.0, 1.0, 2.0, 2.0, 1.0, 2.0, 1.0, 2.0, 2.0, 1.0, 0.0, 2.0], [3.0, 3.0, 3.0, 2.0, 3.0, 3.0, 3.0, 3.0, 4.0, 1.0, 1.0, 3.0, 3.0, 4.0, 0.0, 2.0, 2.0, 3.0, 2.0, 1.0, 2.0, 3.0, 3.0, 0.0, 3.0, 3.0, 2.0, 3.0, 2.0, 3.0, 3.0, 0.0, 1.0, 1.0, 2.0, 3.0, 2.0, 1.0, 2.0, 1.0, 3.0, 4.0, 3.0, 1.0, 2.0, 2.0, 2.0, 3.0, 2.0, 1.0, 4.0, 2.0, 2.0, 1.0, 4.0, 2.0, 3.0, 3.0, 1.0, 1.0, 1.0, 3.0, 3.0, 1.0, 3.0, 2.0, 3.0, 1.0, 3.0, 4.0, 1.0, 1.0, 2.0, 3.0, 2.0, 2.0, 2.0, 4.0, 0.0, 1.0, 3.0, 2.0, 3.0, 2.0, 3.0, 2.0, 2.0, 1.0, 4.0, 0.0, 3.0, 2.0, 1.0, 4.0, 1.0, 3.0, 2.0, 3.0, 2.0, 2.0, 2.0, 0.0]]
