40 2037.84 0 1680 7 240
[9412.03, 9114.61, 350.57, 4093.29, 2461.55, 828.85, 2947.89, 2346.25, 8035.29, 3064.51, 4670.26, 2921.55, 2843.38, 2492.0, 9141.13, 9106.04, 4052.32, 2652.64, 9788.29, 607.41, 7017.51, 4623.5, 5119.25, 9071.52, 5093.61, 2606.16, 5417.38, 1619.55, 3746.84, 7213.92, 4748.05, 2752.29, 3637.22, 8480.75, 9710.35, 6429.9, 1805.78, 1733.81, 9174.9, 1247.62]
[6579.95, 6725.31, 3140.62, 3861.65, 3900.07, 3623.71, 6327.72, 3363.49, 7358.1, 6998.63, 5511.18, 1122.53, 7061.01, 1945.12, 6117.43, 1690.27, 2543.64, 1574.73, 6315.78, 8515.14, 6583.91, 8180.06, 2834.93, 7894.36, 7210.96, 5525.72, 5202.77, 4893.27, 6039.64, 4965.65, 3808.88, 6012.46, 5017.45, 8843.98, 8791.35, 2332.96, 3807.01, 7665.93, 3694.57, 8828.99]
[9, 9, 1, 4, 3, 1, 3, 3, 8, 3, 5, 3, 3, 3, 9, 9, 4, 3, 9, 1, 7, 5, 5, 9, 5, 3, 5, 2, 4, 7, 5, 3, 4, 8, 9, 6, 2, 2, 9, 2]
[1, 2, 3, 4, 5, 6, 7, 8, 9, 10, 11, 12, 13, 14, 15, 16, 17, 18, 19, 20, 21, 22, 23, 24, 25, 26, 27, 28, 29, 30, 31, 32, 33, 34, 35, 36, 37, 38, 39, 40]
[2, 2, 2, 3, 2, 2, 2, 2, 2, 2, 2, 2, 2, 2, 2, 2, 3, 2, 2, 2, 2, 2, 2, 2, 2, 2, 2, 2, 3, 2, 2, 2, 3, 2, 2, 2, 2, 2, 2, 2]
[1, 1, 2, 3, 3, 2, 3, 3, 2, 3, 2, 3, 3, 3, 1, 1, 3, 3, 1, 2, 1, 2, 2, 1, 2, 3, 2, 1, 3, 1, 2, 3, 3, 2, 1, 1, 1, 1, 1, 1]
[10, 4, 6, 6, 1, 4, 8, 6, 7, 6, 3, 2, 6, 8, 7, 4, 6, 5, 6, 6, 10, 8, 1, 4, 9, 2, 10, 9, 9, 6, 4, 2, 10, 7, 8, 5, 2, 1, 2, 7]
[3994.74, 3817.19, 3856.87, 3883.56, 3739.07, 4315.12, 4769.33, 3703.72, 4913.06, 3703.54, 4043.53, 4595.96, 3737.6, 4752.09, 4496.35, 4075.79, 3721.87, 4450.44, 3756.18, 3813.86, 3681.32, 4644.96, 3843.07, 3941.38, 3664.18, 4757.55, 3820.98, 3600.67, 3829.36, 3745.87, 3812.54, 4849.26, 3943.42, 3979.05, 4814.16, 4483.39, 4406.0, 3683.49, 4112.21, 4940.94]
[0.27, 0.28, 0.84, 0.9, 0.58, 0.61, 0.56, 0.95, 0.56, 0.91, 0.18, 0.46, 0.87, 0.63, 0.55, 0.71, 0.94, 0.49, 0.9, 0.74, 0.25, 0.28, 0.53, 0.54, 0.67, 0.54, 0.24, 0.72, 0.79, 0.87, 0.23, 0.43, 0.17, 0.55, 0.43, 0.46, 0.61, 0.52, 0.5, 0.56]
[0.7, 0.75, 0.75, 1.06, 0.68, 0.56, 0.91, 1.0, 0.62, 0.97, 1.07, 1.04, 0.57, 1.09, 0.74, 0.55, 0.85, 0.72, 1.08, 0.9, 0.82, 1.1, 0.83, 0.92, 0.98, 0.63, 0.74, 1.07, 0.79, 0.84, 0.73, 0.71, 0.85, 0.53, 0.71, 0.68, 0.59, 0.55, 0.54, 0.89]
[1.05, 0.73, 0.81, 0.89, 0.82, 0.72, 0.7, 0.84, 0.73, 0.92, 0.77, 0.63, 0.58, 0.87, 0.83, 0.71, 0.92, 0.89, 0.84, 0.91, 0.8, 1.02, 0.87, 0.93, 0.9, 1.09, 0.94, 0.79, 1.05, 0.7, 0.61, 0.83, 0.54, 0.91, 0.68, 0.79, 0.55, 0.7, 0.6, 0.84]
[0.74, 0.56, 0.66, 1.08, 0.72, 1.03, 0.56, 0.68, 0.61, 0.62, 0.71, 0.59, 1.06, 0.97, 0.53, 1.04, 0.98, 0.59, 0.94, 0.8, 0.54, 0.77, 0.89, 0.87, 0.84, 0.84, 0.95, 0.87, 0.88, 0.57, 1.02, 0.83, 0.72, 0.82, 1.05, 0.52, 0.73, 0.63, 1.04, 0.74]
[0.95, 0.57, 0.93, 0.54, 0.91, 0.88, 0.97, 1.01, 0.7, 0.52, 0.83, 0.6, 0.74, 0.81, 0.52, 0.56, 1.02, 0.81, 0.76, 1.02, 0.92, 0.76, 0.97, 0.72, 0.68, 0.66, 0.63, 0.99, 0.85, 0.76, 0.62, 0.59, 0.77, 0.6, 0.88, 1.06, 0.66, 0.53, 1.01, 0.73]
[0.97, 0.79, 0.65, 0.6, 1.06, 0.65, 0.99, 0.98, 0.65, 0.67, 1.03, 0.93, 1.09, 0.97, 0.69, 1.01, 0.62, 0.6, 0.9, 0.93, 1.02, 0.6, 0.92, 0.94, 0.7, 0.62, 0.64, 0.74, 1.08, 0.85, 0.73, 0.72, 1.01, 0.9, 0.57, 0.62, 0.67, 0.77, 0.9, 0.58]
[0.5, 0.14, 0.24, 0.33, 0.39, 0.24, 0.34, 0.57, 0.12, 0.19, 0.5, 0.22, 0.28, 0.72, 0.12, 0.23, 0.48, 0.19, 0.58, 0.62, 0.33, 0.39, 0.57, 0.5, 0.35, 0.23, 0.27, 0.54, 0.68, 0.21, 0.21, 0.21, 0.26, 0.22, 0.26, 0.19, 0.1, 0.1, 0.31, 0.23]
[2529.22, 1093.48, 1179.63, 1365.77, 1591.68, 1515.47, 1567.0, 1444.29, 1697.82, 1170.42, 906.47, 824.64, 1233.15, 1709.2, 1177.98, 1517.22, 1420.12, 1411.39, 1274.57, 1290.66, 2108.17, 1378.03, 1414.96, 1521.19, 1230.13, 1084.56, 1905.17, 1971.97, 1595.41, 1597.02, 1251.04, 801.77, 1305.09, 1542.79, 1314.25, 1339.12, 989.31, 1304.67, 837.38, 1285.67]
[1263.01, 163.45, 283.08, 440.66, 606.75, 322.02, 517.22, 777.04, 216.98, 236.41, 422.89, 191.0, 323.65, 1218.14, 138.96, 353.97, 681.87, 277.46, 757.25, 799.98, 705.43, 540.03, 800.88, 802.04, 415.76, 272.34, 520.66, 1053.83, 1079.87, 335.77, 281.24, 139.12, 329.71, 332.2, 324.55, 254.5, 108.76, 136.44, 268.89, 269.33]
[12146.08, 4967.41, 5398.17, 6328.86, 7458.42, 7077.35, 7334.99, 6721.45, 7989.08, 5352.08, 4032.35, 3623.18, 5665.77, 8046.02, 5389.9, 7086.12, 6600.59, 6556.96, 5872.83, 5953.29, 10040.83, 6390.17, 6574.81, 7105.94, 5650.63, 4922.8, 9025.87, 9359.83, 7477.07, 7485.08, 5755.21, 3508.83, 6025.45, 7213.94, 6071.23, 6195.59, 4446.53, 6023.37, 3686.88, 5928.34]
[5815.04, 317.27, 915.41, 1703.32, 2533.73, 1110.1, 2086.1, 3385.22, 584.89, 682.03, 1614.46, 454.99, 1118.25, 5590.7, 194.8, 1269.87, 2909.37, 887.31, 3286.25, 3499.91, 3027.14, 2200.13, 3504.38, 3510.21, 1578.81, 861.71, 2103.3, 4769.13, 4899.33, 1178.87, 906.18, 195.58, 1148.53, 1161.01, 1122.75, 772.48, 43.8, 182.18, 844.47, 846.63]
[119.84, 114.52, 115.71, 155.34, 112.17, 129.45, 143.08, 111.11, 147.39, 111.11, 121.31, 137.88, 112.13, 142.56, 134.89, 122.27, 148.87, 133.51, 112.69, 114.42, 110.44, 139.35, 115.29, 118.24, 109.93, 142.73, 114.63, 108.02, 153.17, 112.38, 114.38, 145.48, 157.74, 119.37, 144.42, 134.5, 132.18, 110.5, 123.37, 148.23]
[22, 21, 22, 33, 21, 24, 27, 21, 28, 21, 23, 26, 21, 27, 25, 23, 31, 25, 21, 21, 21, 26, 21, 22, 20, 27, 21, 20, 32, 21, 21, 27, 33, 22, 27, 25, 25, 21, 23, 28]
[202, 132, 121, 0, 172, 198, 139, 214, 219, 113, 11, 175, 29, 108, 150, 213, 102, 101, 233, 123, 162, 21, 41, 152, 210, 141, 86, 81, 191, 123, 60, 141, 202, 87, 150, 120, 72, 206, 165, 208]
[240, 156, 240, 70, 240, 240, 240, 240, 240, 205, 216, 240, 240, 166, 174, 240, 240, 147, 240, 240, 240, 216, 99, 240, 240, 240, 235, 105, 240, 158, 240, 240, 240, 240, 240, 189, 210, 230, 240, 240]
2
[0.0, 0.0]
[0.0, 10000.0]
[[0.0, 18.0, 21.0, 21.0, 6.0, 10.0, 8.0, 7.0, 13.0, 8.0, 20.0, 14.0, 13.0, 6.0, 14.0, 6.0, 20.0, 17.0, 9.0, 6.0, 21.0, 16.0, 18.0, 17.0, 11.0, 22.0, 16.0, 11.0, 14.0, 9.0, 13.0, 16.0, 11.0, 12.0, 11.0, 22.0, 24.0, 13.0, 8.0, 14.0, 18.0, 16.0], [18.0, 0.0, 18.0, 18.0, 13.0, 14.0, 12.0, 12.0, 9.0, 13.0, 15.0, 8.0, 12.0, 17.0, 7.0, 15.0, 18.0, 23.0, 16.0, 16.0, 19.0, 3.0, 14.0, 9.0, 16.0, 17.0, 11.0, 9.0, 13.0, 10.0, 10.0, 16.0, 14.0, 9.0, 11.0, 16.0, 18.0, 18.0, 12.0, 5.0, 20.0, 3.0], [21.0, 18.0, 0.0, 1.0, 18.0, 11.0, 14.0, 17.0, 12.0, 14.0, 3.0, 12.0, 9.0, 16.0, 12.0, 15.0, 1.0, 9.0, 12.0, 15.0, 1.0, 17.0, 4.0, 9.0, 10.0, 2.0, 8.0, 13.0, 8.0, 15.0, 10.0, 5.0, 10.0, 12.0, 11.0, 4.0, 4.0, 10.0, 15.0, 14.0, 5.0, 16.0], [21.0, 18.0, 1.0, 0.0, 17.0, 11.0, 13.0, 16.0, 11.0, 14.0, 2.0, 11.0, 8.0, 15.0, 12.0, 15.0, 1.0, 9.0, 12.0, 15.0, 1.0, 16.0, 4.0, 9.0, 10.0, 2.0, 7.0, 12.0, 7.0, 14.0, 10.0, 5.0, 10.0, 12.0, 11.0, 4.0, 4.0, 9.0, 14.0, 14.0, 6.0, 15.0], [6.0, 13.0, 18.0, 17.0, 0.0, 7.0, 4.0, 1.0, 8.0, 4.0, 16.0, 9.0, 9.0, 6.0, 9.0, 4.0, 17.0, 16.0, 7.0, 5.0, 18.0, 10.0, 14.0, 12.0, 9.0, 18.0, 11.0, 6.0, 10.0, 4.0, 8.0, 13.0, 8.0, 7.0, 7.0, 18.0, 20.0, 11.0, 3.0, 9.0, 16.0, 11.0], [10.0, 14.0, 11.0, 11.0, 7.0, 0.0, 3.0, 6.0, 5.0, 3.0, 10.0, 6.0, 3.0, 5.0, 6.0, 5.0, 10.0, 10.0, 2.0, 5.0, 11.0, 11.0, 7.0, 8.0, 3.0, 12.0, 6.0, 4.0, 3.0, 5.0, 4.0, 6.0, 1.0, 5.0, 2.0, 12.0, 14.0, 5.0, 4.0, 8.0, 9.0, 10.0], [8.0, 12.0, 14.0, 13.0, 4.0, 3.0, 0.0, 3.0, 5.0, 1.0, 12.0, 6.0, 5.0, 5.0, 6.0, 4.0, 13.0, 13.0, 4.0, 4.0, 14.0, 9.0, 10.0, 9.0, 5.0, 14.0, 8.0, 3.0, 6.0, 2.0, 5.0, 9.0, 4.0, 4.0, 3.0, 14.0, 16.0, 8.0, 1.0, 7.0, 12.0, 9.0], [7.0, 12.0, 17.0, 16.0, 1.0, 6.0, 3.0, 0.0, 6.0, 3.0, 15.0, 7.0, 8.0, 6.0, 7.0, 4.0, 16.0, 16.0, 6.0, 5.0, 17.0, 9.0, 13.0, 11.0, 8.0, 17.0, 10.0, 5.0, 9.0, 3.0, 7.0, 12.0, 7.0, 6.0, 6.0, 17.0, 19.0, 11.0, 2.0, 8.0, 15.0, 10.0], [13.0, 9.0, 12.0, 11.0, 8.0, 5.0, 5.0, 6.0, 0.0, 6.0, 10.0, 1.0, 3.0, 10.0, 1.0, 8.0, 11.0, 14.0, 7.0, 9.0, 13.0, 6.0, 7.0, 5.0, 8.0, 12.0, 4.0, 2.0, 5.0, 4.0, 2.0, 8.0, 6.0, 1.0, 3.0, 11.0, 13.0, 10.0, 5.0, 3.0, 12.0, 6.0], [8.0, 13.0, 14.0, 14.0, 4.0, 3.0, 1.0, 3.0, 6.0, 0.0, 13.0, 7.0, 6.0, 4.0, 7.0, 3.0, 13.0, 13.0, 3.0, 3.0, 15.0, 10.0, 10.0, 10.0, 5.0, 15.0, 9.0, 4.0, 7.0, 3.0, 6.0, 9.0, 4.0, 5.0, 4.0, 15.0, 17.0, 8.0, 1.0, 8.0, 13.0, 10.0], [20.0, 15.0, 3.0, 2.0, 16.0, 10.0, 12.0, 15.0, 10.0, 13.0, 0.0, 9.0, 7.0, 15.0, 10.0, 14.0, 3.0, 11.0, 11.0, 14.0, 4.0, 14.0, 2.0, 6.0, 10.0, 2.0, 5.0, 10.0, 6.0, 13.0, 8.0, 5.0, 9.0, 10.0, 9.0, 3.0, 4.0, 10.0, 13.0, 12.0, 7.0, 13.0], [14.0, 8.0, 12.0, 11.0, 9.0, 6.0, 6.0, 7.0, 1.0, 7.0, 9.0, 0.0, 4.0, 11.0, 0.0, 9.0, 11.0, 15.0, 8.0, 10.0, 12.0, 5.0, 7.0, 4.0, 9.0, 11.0, 4.0, 3.0, 5.0, 5.0, 2.0, 8.0, 7.0, 2.0, 4.0, 10.0, 13.0, 11.0, 6.0, 3.0, 13.0, 5.0], [13.0, 12.0, 9.0, 8.0, 9.0, 3.0, 5.0, 8.0, 3.0, 6.0, 7.0, 4.0, 0.0, 9.0, 4.0, 8.0, 8.0, 11.0, 6.0, 8.0, 9.0, 9.0, 5.0, 5.0, 5.0, 9.0, 3.0, 4.0, 1.0, 6.0, 2.0, 5.0, 3.0, 4.0, 2.0, 9.0, 11.0, 7.0, 6.0, 7.0, 9.0, 9.0], [6.0, 17.0, 16.0, 15.0, 6.0, 5.0, 5.0, 6.0, 10.0, 4.0, 15.0, 11.0, 9.0, 0.0, 11.0, 2.0, 15.0, 11.0, 3.0, 1.0, 16.0, 14.0, 13.0, 13.0, 5.0, 17.0, 12.0, 8.0, 9.0, 7.0, 9.0, 11.0, 6.0, 9.0, 7.0, 17.0, 19.0, 7.0, 5.0, 12.0, 12.0, 14.0], [14.0, 7.0, 12.0, 12.0, 9.0, 6.0, 6.0, 7.0, 1.0, 7.0, 10.0, 0.0, 4.0, 11.0, 0.0, 9.0, 12.0, 15.0, 9.0, 10.0, 13.0, 5.0, 8.0, 4.0, 9.0, 12.0, 4.0, 3.0, 6.0, 5.0, 2.0, 9.0, 7.0, 2.0, 4.0, 11.0, 13.0, 11.0, 6.0, 2.0, 13.0, 4.0], [6.0, 15.0, 15.0, 15.0, 4.0, 5.0, 4.0, 4.0, 8.0, 3.0, 14.0, 9.0, 8.0, 2.0, 9.0, 0.0, 14.0, 12.0, 3.0, 1.0, 16.0, 13.0, 12.0, 12.0, 5.0, 16.0, 11.0, 7.0, 8.0, 6.0, 8.0, 10.0, 5.0, 7.0, 6.0, 17.0, 18.0, 7.0, 4.0, 11.0, 13.0, 13.0], [20.0, 18.0, 1.0, 1.0, 17.0, 10.0, 13.0, 16.0, 11.0, 13.0, 3.0, 11.0, 8.0, 15.0, 12.0, 14.0, 0.0, 8.0, 11.0, 15.0, 1.0, 16.0, 4.0, 9.0, 10.0, 3.0, 8.0, 12.0, 7.0, 14.0, 10.0, 4.0, 9.0, 12.0, 10.0, 5.0, 5.0, 9.0, 14.0, 14.0, 4.0, 15.0], [17.0, 23.0, 9.0, 9.0, 16.0, 10.0, 13.0, 16.0, 14.0, 13.0, 11.0, 15.0, 11.0, 11.0, 15.0, 12.0, 8.0, 0.0, 9.0, 12.0, 9.0, 20.0, 10.0, 14.0, 8.0, 11.0, 12.0, 14.0, 9.0, 15.0, 13.0, 7.0, 9.0, 14.0, 12.0, 13.0, 13.0, 5.0, 14.0, 17.0, 4.0, 19.0], [9.0, 16.0, 12.0, 12.0, 7.0, 2.0, 4.0, 6.0, 7.0, 3.0, 11.0, 8.0, 6.0, 3.0, 9.0, 3.0, 11.0, 9.0, 0.0, 3.0, 13.0, 13.0, 9.0, 10.0, 2.0, 13.0, 9.0, 6.0, 5.0, 6.0, 6.0, 7.0, 3.0, 7.0, 5.0, 14.0, 15.0, 4.0, 5.0, 10.0, 10.0, 13.0], [6.0, 16.0, 15.0, 15.0, 5.0, 5.0, 4.0, 5.0, 9.0, 3.0, 14.0, 10.0, 8.0, 1.0, 10.0, 1.0, 15.0, 12.0, 3.0, 0.0, 16.0, 13.0, 12.0, 13.0, 5.0, 16.0, 11.0, 7.0, 8.0, 6.0, 8.0, 10.0, 6.0, 8.0, 7.0, 17.0, 18.0, 7.0, 4.0, 11.0, 13.0, 14.0], [21.0, 19.0, 1.0, 1.0, 18.0, 11.0, 14.0, 17.0, 13.0, 15.0, 4.0, 12.0, 9.0, 16.0, 13.0, 16.0, 1.0, 9.0, 13.0, 16.0, 0.0, 17.0, 5.0, 10.0, 11.0, 3.0, 9.0, 13.0, 8.0, 15.0, 11.0, 5.0, 10.0, 13.0, 12.0, 5.0, 5.0, 10.0, 15.0, 15.0, 5.0, 16.0], [16.0, 3.0, 17.0, 16.0, 10.0, 11.0, 9.0, 9.0, 6.0, 10.0, 14.0, 5.0, 9.0, 14.0, 5.0, 13.0, 16.0, 20.0, 13.0, 13.0, 17.0, 0.0, 12.0, 7.0, 13.0, 16.0, 9.0, 7.0, 11.0, 7.0, 7.0, 14.0, 11.0, 6.0, 8.0, 14.0, 17.0, 16.0, 9.0, 3.0, 18.0, 1.0], [18.0, 14.0, 4.0, 4.0, 14.0, 7.0, 10.0, 13.0, 7.0, 10.0, 2.0, 7.0, 5.0, 13.0, 8.0, 12.0, 4.0, 10.0, 9.0, 12.0, 5.0, 12.0, 0.0, 5.0, 8.0, 4.0, 4.0, 8.0, 4.0, 10.0, 6.0, 3.0, 7.0, 8.0, 7.0, 5.0, 6.0, 8.0, 11.0, 10.0, 7.0, 11.0], [17.0, 9.0, 9.0, 9.0, 12.0, 8.0, 9.0, 11.0, 5.0, 10.0, 6.0, 4.0, 5.0, 13.0, 4.0, 12.0, 9.0, 14.0, 10.0, 13.0, 10.0, 7.0, 5.0, 0.0, 10.0, 8.0, 2.0, 6.0, 6.0, 8.0, 4.0, 8.0, 8.0, 5.0, 6.0, 7.0, 9.0, 11.0, 10.0, 5.0, 12.0, 6.0], [11.0, 16.0, 10.0, 10.0, 9.0, 3.0, 5.0, 8.0, 8.0, 5.0, 10.0, 9.0, 5.0, 5.0, 9.0, 5.0, 10.0, 8.0, 2.0, 5.0, 11.0, 13.0, 8.0, 10.0, 0.0, 12.0, 8.0, 7.0, 4.0, 7.0, 6.0, 5.0, 2.0, 7.0, 5.0, 13.0, 14.0, 3.0, 6.0, 11.0, 8.0, 13.0], [22.0, 17.0, 2.0, 2.0, 18.0, 12.0, 14.0, 17.0, 12.0, 15.0, 2.0, 11.0, 9.0, 17.0, 12.0, 16.0, 3.0, 11.0, 13.0, 16.0, 3.0, 16.0, 4.0, 8.0, 12.0, 0.0, 7.0, 13.0, 8.0, 15.0, 10.0, 6.0, 11.0, 12.0, 11.0, 2.0, 2.0, 11.0, 15.0, 13.0, 8.0, 14.0], [16.0, 11.0, 8.0, 7.0, 11.0, 6.0, 8.0, 10.0, 4.0, 9.0, 5.0, 4.0, 3.0, 12.0, 4.0, 11.0, 8.0, 12.0, 9.0, 11.0, 9.0, 9.0, 4.0, 2.0, 8.0, 7.0, 0.0, 6.0, 4.0, 8.0, 3.0, 6.0, 6.0, 5.0, 5.0, 7.0, 9.0, 9.0, 9.0, 6.0, 10.0, 8.0], [11.0, 9.0, 13.0, 12.0, 6.0, 4.0, 3.0, 5.0, 2.0, 4.0, 10.0, 3.0, 4.0, 8.0, 3.0, 7.0, 12.0, 14.0, 6.0, 7.0, 13.0, 7.0, 8.0, 6.0, 7.0, 13.0, 6.0, 0.0, 5.0, 2.0, 2.0, 9.0, 5.0, 1.0, 2.0, 12.0, 14.0, 9.0, 3.0, 4.0, 12.0, 7.0], [14.0, 13.0, 8.0, 7.0, 10.0, 3.0, 6.0, 9.0, 5.0, 7.0, 6.0, 5.0, 1.0, 9.0, 6.0, 8.0, 7.0, 9.0, 5.0, 8.0, 8.0, 11.0, 4.0, 6.0, 4.0, 8.0, 4.0, 5.0, 0.0, 7.0, 3.0, 3.0, 3.0, 5.0, 3.0, 9.0, 10.0, 6.0, 7.0, 8.0, 7.0, 10.0], [9.0, 10.0, 15.0, 14.0, 4.0, 5.0, 2.0, 3.0, 4.0, 3.0, 13.0, 5.0, 6.0, 7.0, 5.0, 6.0, 14.0, 15.0, 6.0, 6.0, 15.0, 7.0, 10.0, 8.0, 7.0, 15.0, 8.0, 2.0, 7.0, 0.0, 4.0, 10.0, 6.0, 3.0, 4.0, 15.0, 16.0, 10.0, 2.0, 5.0, 14.0, 7.0], [13.0, 10.0, 10.0, 10.0, 8.0, 4.0, 5.0, 7.0, 2.0, 6.0, 8.0, 2.0, 2.0, 9.0, 2.0, 8.0, 10.0, 13.0, 6.0, 8.0, 11.0, 7.0, 6.0, 4.0, 6.0, 10.0, 3.0, 2.0, 3.0, 4.0, 0.0, 7.0, 4.0, 2.0, 2.0, 10.0, 12.0, 8.0, 5.0, 5.0, 11.0, 7.0], [16.0, 16.0, 5.0, 5.0, 13.0, 6.0, 9.0, 12.0, 8.0, 9.0, 5.0, 8.0, 5.0, 11.0, 9.0, 10.0, 4.0, 7.0, 7.0, 10.0, 5.0, 14.0, 3.0, 8.0, 5.0, 6.0, 6.0, 9.0, 3.0, 10.0, 7.0, 0.0, 5.0, 8.0, 7.0, 7.0, 8.0, 5.0, 10.0, 11.0, 4.0, 13.0], [11.0, 14.0, 10.0, 10.0, 8.0, 1.0, 4.0, 7.0, 6.0, 4.0, 9.0, 7.0, 3.0, 6.0, 7.0, 5.0, 9.0, 9.0, 3.0, 6.0, 10.0, 11.0, 7.0, 8.0, 2.0, 11.0, 6.0, 5.0, 3.0, 6.0, 4.0, 5.0, 0.0, 5.0, 3.0, 11.0, 13.0, 4.0, 5.0, 9.0, 8.0, 11.0], [12.0, 9.0, 12.0, 12.0, 7.0, 5.0, 4.0, 6.0, 1.0, 5.0, 10.0, 2.0, 4.0, 9.0, 2.0, 7.0, 12.0, 14.0, 7.0, 8.0, 13.0, 6.0, 8.0, 5.0, 7.0, 12.0, 5.0, 1.0, 5.0, 3.0, 2.0, 8.0, 5.0, 0.0, 2.0, 12.0, 14.0, 10.0, 4.0, 4.0, 13.0, 6.0], [11.0, 11.0, 11.0, 11.0, 7.0, 2.0, 3.0, 6.0, 3.0, 4.0, 9.0, 4.0, 2.0, 7.0, 4.0, 6.0, 10.0, 12.0, 5.0, 7.0, 12.0, 8.0, 7.0, 6.0, 5.0, 11.0, 5.0, 2.0, 3.0, 4.0, 2.0, 7.0, 3.0, 2.0, 0.0, 11.0, 13.0, 7.0, 4.0, 6.0, 10.0, 8.0], [22.0, 16.0, 4.0, 4.0, 18.0, 12.0, 14.0, 17.0, 11.0, 15.0, 3.0, 10.0, 9.0, 17.0, 11.0, 17.0, 5.0, 13.0, 14.0, 17.0, 5.0, 14.0, 5.0, 7.0, 13.0, 2.0, 7.0, 12.0, 9.0, 15.0, 10.0, 7.0, 11.0, 12.0, 11.0, 0.0, 2.0, 13.0, 15.0, 13.0, 10.0, 13.0], [24.0, 18.0, 4.0, 4.0, 20.0, 14.0, 16.0, 19.0, 13.0, 17.0, 4.0, 13.0, 11.0, 19.0, 13.0, 18.0, 5.0, 13.0, 15.0, 18.0, 5.0, 17.0, 6.0, 9.0, 14.0, 2.0, 9.0, 14.0, 10.0, 16.0, 12.0, 8.0, 13.0, 14.0, 13.0, 2.0, 0.0, 13.0, 17.0, 15.0, 9.0, 15.0], [13.0, 18.0, 10.0, 9.0, 11.0, 5.0, 8.0, 11.0, 10.0, 8.0, 10.0, 11.0, 7.0, 7.0, 11.0, 7.0, 9.0, 5.0, 4.0, 7.0, 10.0, 16.0, 8.0, 11.0, 3.0, 11.0, 9.0, 9.0, 6.0, 10.0, 8.0, 5.0, 4.0, 10.0, 7.0, 13.0, 13.0, 0.0, 9.0, 13.0, 6.0, 15.0], [8.0, 12.0, 15.0, 14.0, 3.0, 4.0, 1.0, 2.0, 5.0, 1.0, 13.0, 6.0, 6.0, 5.0, 6.0, 4.0, 14.0, 14.0, 5.0, 4.0, 15.0, 9.0, 11.0, 10.0, 6.0, 15.0, 9.0, 3.0, 7.0, 2.0, 5.0, 10.0, 5.0, 4.0, 4.0, 15.0, 17.0, 9.0, 0.0, 7.0, 13.0, 9.0], [14.0, 5.0, 14.0, 14.0, 9.0, 8.0, 7.0, 8.0, 3.0, 8.0, 12.0, 3.0, 7.0, 12.0, 2.0, 11.0, 14.0, 17.0, 10.0, 11.0, 15.0, 3.0, 10.0, 5.0, 11.0, 13.0, 6.0, 4.0, 8.0, 5.0, 5.0, 11.0, 9.0, 4.0, 6.0, 13.0, 15.0, 13.0, 7.0, 0.0, 15.0, 2.0], [18.0, 20.0, 5.0, 6.0, 16.0, 9.0, 12.0, 15.0, 12.0, 13.0, 7.0, 13.0, 9.0, 12.0, 13.0, 13.0, 4.0, 4.0, 10.0, 13.0, 5.0, 18.0, 7.0, 12.0, 8.0, 8.0, 10.0, 12.0, 7.0, 14.0, 11.0, 4.0, 8.0, 13.0, 10.0, 10.0, 9.0, 6.0, 13.0, 15.0, 0.0, 17.0], [16.0, 3.0, 16.0, 15.0, 11.0, 10.0, 9.0, 10.0, 6.0, 10.0, 13.0, 5.0, 9.0, 14.0, 4.0, 13.0, 15.0, 19.0, 13.0, 14.0, 16.0, 1.0, 11.0, 6.0, 13.0, 14.0, 8.0, 7.0, 10.0, 7.0, 7.0, 13.0, 11.0, 6.0, 8.0, 13.0, 15.0, 15.0, 9.0, 2.0, 17.0, 0.0]]
